SURFGEN.GLOBAL Hd COEFFICIENTS FILE V:2.8.8
high order tester                                                                                                                                                                                                                                              
ORDER
    2
COEFFICIENTS
ORDER     0 BLOCK     1
  2.0210912168649248E-01
ORDER     0 BLOCK     4
  8.5521114488541494E-02
ORDER     0 BLOCK     5
  3.3712770514823645E-02
ORDER     0 BLOCK     8
 -3.0017999967594655E-01
ORDER     0 BLOCK    10
  1.7971313633825362E-01
ORDER     1 BLOCK     1
 -3.6287993204701569E-01 -1.2406726652183198E+00  3.3165616423337324E-01 -2.2384847316609298E+00  8.2448021694175200E-01  2.0721839586312605E+00
 -2.3349564272359071E+00  5.3263320008494448E+00  2.6349638735050041E-01  6.8237311606921758E-01 -7.7732053680675109E-02 -5.1178264042206900E-01
  2.9449838632533426E-01 -2.2840177289652844E-01  7.4099655801235495E-02 -1.1426873843124263E-01  3.7941548730027114E-02  7.5267974449107669E-02
  1.7356583207254202E-02 -4.3012442178291233E-01 -4.5682214875756211E-01  8.8055576924159040E-01 -3.0845289166727325E+00
ORDER     1 BLOCK     2
  8.2701724851104552E-02  4.4754136219933406E-03  1.5482386179537325E-01  5.2398921863048586E-01
ORDER     1 BLOCK     3
 -2.6739411419114081E+00  8.8269294259604492E-01  5.4719552866211245E+00 -2.0631832080527475E+00 -6.9630190174813222E-01 -5.1850624260054566E-02
 -9.4896555779701394E-02 -2.2813272001901272E+00  4.2452446703777280E-01 -1.9465028695651443E-01 -2.8704184114809950E-01  9.4222843121585276E-01
  3.7580228860002673E-02
ORDER     1 BLOCK     4
  6.2591383500776157E-02 -8.1367370815277362E-01  7.2986333326882791E-01 -2.5823494278142562E+00  4.2347956498838929E-01  1.2076156420180431E+00
 -1.8321607768133148E+00  2.2678378698791901E+00  2.1959509619154774E-01  3.8648674423804497E-01 -1.4543608938338640E-01 -9.8717497525159104E-01
 -2.7759446468949928E-01 -1.7698827865846672E-01  1.7425664430393903E-01 -9.2962410291096656E-02  3.7292158838763370E-02 -2.4963013506039311E-01
  2.5986860875503059E-01 -2.6857134715359593E-01  8.1719613566001914E-01 -4.5024588474365734E-01  1.4172450070430584E+00
ORDER     1 BLOCK     5
 -3.8374811087543509E-02 -1.1216806381068372E+00  4.1547823065714357E-01 -1.3831827432629098E+00  1.5912305661956599E-01  3.0269615739567892E+00
 -5.3987011406564656E-01  1.8285235912713784E+00  1.1747728249097005E+00 -3.9134202245256494E-01  3.6834081806353211E-02  4.4334199769615490E-01
  5.9747985462736752E-01  4.0951798290084759E-02 -1.7028139783856383E-01  1.1950026443698704E-01  2.1606515302921267E-01  1.4576906086479058E-01
  3.7815132351686556E-02 -8.4464980408797585E-01  1.9576222099618229E-01 -3.0350582349380919E+00 -8.3137680316374984E-01
ORDER     1 BLOCK     6
 -1.1875606595151043E+00
ORDER     1 BLOCK     7
 -1.3250351522543816E-01 -8.2832772095493140E-03 -5.3386073712051918E-01  1.1604425103513061E-01
ORDER     1 BLOCK     8
 -2.1577412946102368E+00 -1.3581915893998779E+00 -1.7240491583574130E-01  2.1053222962964271E+00  7.3308644741829987E+00  6.3506354388741801E+00
 -2.0345899050006633E+00 -3.5852519717612576E+00 -2.3007926255121243E+00  2.3480882579409026E-01  4.5886823440690672E-02  2.6719247160668619E-01
 -5.5925355027555812E-01  5.1075128534904901E-01  4.3738728753807288E-01  2.8334746915328485E-01 -3.9704165845492675E-02 -1.6944670518684957E-01
  8.8042258586651670E-02  9.0757285029149881E-01 -5.1690506516206369E-01 -2.7369502080853132E+00 -1.9911992842727964E+00
ORDER     1 BLOCK     9
 -1.0332911583770312E+00  9.4899351401964382E-01  2.2704369434661253E+00 -2.2284448407457988E+00  1.0077725814031699E-01 -1.4364049512356264E-01
  7.4507838177078067E-01  5.5700565179745665E-01  9.1902739774873315E-02 -3.1546362768175729E-01 -2.7905547710859679E-01  5.1192634082937749E-01
 -1.2506269457268233E+00
ORDER     1 BLOCK    10
 -1.3369921427113107E+00 -1.7326379321827525E+00 -5.8809476606166955E-01 -1.2233424030483948E+00  1.8882561643422480E+00  2.5177220068471633E+00
  3.5832061716116490E+00  1.4202255750186390E+00  1.6038172795779074E-01  4.4925054353553556E-01  2.5713301175089753E-02 -6.9913769380581761E-02
  3.7614434151977177E-01 -2.6752127215929600E-01 -2.9247318626906171E-01 -3.2981719037821411E-03  1.7877285960568365E-01 -6.2110982404165141E-02
 -8.5635048237054534E-02 -3.7685723037745661E-01  2.8244364968826202E-01 -1.2334272644382722E+00 -6.8782424417836241E-01
ORDER     2 BLOCK     1
 -1.1700650247775259E+00  1.1761568198310406E+00  3.3954668392526832E-01  6.3704716785850257E-01  4.8339061940337280E-01 -1.0437111074240732E+00
 -4.5441139966616056E-01  1.3134492000561124E+00 -4.4572614420663029E-02 -1.2732314671986371E+00  6.8311757192792380E-02  2.6694532661622561E-01
 -1.5106511633421031E+00  8.3729728211681786E-01 -1.3582644017454861E+00 -2.0463867988311355E+00  1.3008734184039288E+00  1.4906488573431080E+00
  2.5390184730473480E+00 -5.2789449211685102E-02 -3.0824415059670890E-01  1.3297924559390935E+00 -3.3268007321428705E-01  2.5986297502682092E+00
 -7.2188844101742344E-01  1.0930039764074395E+00  2.2560819835055774E+00  5.4773059273230906E-01  2.0588731174706804E-01 -1.1185101652986293E+00
 -2.2737147751330542E+00 -1.5378159776910283E+00 -4.8035614986921518E+00  2.2601447461153827E+00  2.8448465583289295E-01 -1.5524265650997504E-01
 -6.3571153093897448E-01 -4.0555912610169598E+00 -2.0051990700931149E-01  1.0740559840431647E+00 -1.1965169220409129E+00  8.2872226336011406E-02
 -1.4706480424332638E-02  3.5147002797284743E-01  1.4513786076625790E+00  2.3984782484159337E-01 -1.8544642729483357E-01 -9.0841677301650714E-01
  3.3025148654438008E-01  4.6370144409749586E-01  3.3593297915083331E-01  3.3976312844229173E-01  4.6029896887339244E-01  4.7858023367092078E-01
 -2.1314635906209783E-01 -7.6065475922276360E-01 -2.8160967825823024E-01 -2.3551146752254268E-01 -3.9491271654275996E-02 -3.3038512552907173E-01
  2.0003301132055928E-01 -2.4881011232366373E-01  6.8683921021873318E-01 -2.4130093420553711E-01 -4.3265867801590335E-02  6.1331477565507486E-01
 -7.2230497183092457E-01  2.8422357524397357E-01  1.9284883408623464E-02 -2.7659490234446155E-02  1.2982247273539024E-01 -9.5194986885695576E-01
  1.0284427598132411E+00 -2.0059833060886301E-01 -1.7145859721536844E-02  4.2549401537231593E-02 -1.7486762333140768E-01  1.5409497073719101E-02
 -3.0052831910050865E-01 -1.5841353068785760E-01  7.1066151738305536E-02 -3.9591506566121183E-02  1.2772206253413061E+00 -5.9800977805121544E-02
 -1.9358978131661917E+00  4.5979939154667963E-02 -4.8849479458699413E-02  3.3277982112066333E-02 -4.7786408712816655E-02  2.5557916605116106E-03
 -1.0049819983847778E-05 -1.2905143247110302E+00  3.0904386898587027E-02  1.8917816083354664E+00  1.1019063749792739E+00 -2.0824906078009183E-02
 -1.6154598091445060E+00  1.1861498563791628E+00  1.5965584534610244E-01  3.9887335243461228E+00 -9.1887104957242405E-01 -1.8220322300850333E-01
  4.1070162546617978E-01 -5.1523846012820256E+00  5.3454422065562235E-01  2.4326674084120070E-01 -9.4599100611503961E-01  3.8864433420889888E-01
 -9.1254265066596951E-01 -1.0149979729674187E-01  6.9403989316368098E-01 -3.7011409069429069E-01 -4.3703817516980564E-01  1.7527110320898045E+00
 -6.7717198710150284E-01  8.2944469425337441E-01 -1.1684395649705688E+00  1.0260008219421741E+00 -5.7660303764858756E-01 -3.4859248665567217E+00
  1.2054325469621410E+00 -7.0165945185888678E-01  1.1501091954125024E+00 -1.9343498283163765E-01  3.9911671958363376E-01 -2.5227738614126399E-01
 -1.1709571747728849E-01  1.5123562791266446E-01 -1.9848496091519483E-02  1.5219768281711729E-01  1.7383388394954752E-01  1.8779054564071374E-01
 -1.8467642653847158E-01 -1.9358930343678782E-01  6.6276360173200799E-01 -1.3581501044838104E-01  4.0348332423082750E-01  2.7375490823624586E+00
 -8.4926211250476369E-01  8.0076524763631710E-02  4.1403784791227694E-01  2.8898263184418654E-02  2.2439707274626622E-01 -5.5451755588262241E-01
 -9.5253459111331096E-01 -5.0650279314192737E-01  3.1156102552896281E-01 -1.5779710319419951E-01  1.0116905927208490E+00 -1.2040225226610651E-01
  4.0985708793527620E-01  2.0311396715035446E-01 -4.9277159918367225E-01  3.5131209907947925E-01 -1.6617719834444078E+00  1.1065559674775005E-01
 -4.8466192964580218E-01 -2.4430843564364446E-01  8.3356318640336477E-02  3.0174029145906694E-01  8.4201097918476797E-02 -2.9531941528202466E-01
  2.7068328863022484E-01  9.0804663606662395E-01  4.6949466159018893E-01 -8.3621501355449013E-01  9.3715281073994641E-02  5.5593760273418291E-01
 -2.3172519335283964E-01  2.0239518620386715E-01 -1.4166335744709149E+00  4.9335966357855823E-02 -5.3531260354466549E-03 -7.7624067564280164E-01
  3.4127400072770053E-01 -2.7237135460997630E-01  3.6300115612124690E+00 -4.8390157034490733E-02 -2.0935677257624831E-02 -6.1106883001519140E-02
  1.2239195020904575E-02  4.0625219961871510E-02 -1.5009527014869038E-02 -6.2143134825830587E-02 -3.7216267956731094E-02 -7.8253559443439286E-02
  2.5305465563778367E-02  1.6021673677940937E-01  4.9505247255763503E-02  1.0810675799044266E-01 -7.5440951473605610E-03 -3.7057743086288231E-02
 -1.1252608764091361E-01 -7.2177256283182903E-02 -2.6778962679434970E-01  7.0050310992520154E-02  1.8386401876954728E-01  7.3567505433001515E-02
  1.1273525074821611E+00  1.3658672135852163E-02  3.0625347499471954E-02  8.6548987577983166E-03  1.1849915353541938E-02 -1.2644087112017310E-02
 -1.3926931029845107E-02  9.1678206006532356E-03  3.4423581264024753E-03 -4.0830588453720601E-01 -1.3847528451923680E-01 -1.8508418886664765E-01
 -4.3355440904116549E-01  5.8263907729776776E-01 -4.5499322277949844E-01  2.7310294269160290E-01  1.2308675863181349E+00 -1.7048613214429951E-03
  7.5530156676989146E-01 -6.8833402505527899E-02 -6.0466970739788281E-02  2.6846306387305391E-01  2.0195987600324616E-01 -1.2183393734029678E-01
 -1.6644636341513866E-01 -2.7801014792274521E-03  1.9553459635808562E-01  2.4519172721833374E-01 -6.1572493951030738E-01  1.5456504675180019E-01
  5.7134511263372190E-01 -1.6414276291131680E-01  4.8612109648998814E-01 -3.5509798053468816E-01  8.5592801149991848E-01 -2.1887710125414844E-01
 -1.0324141369199547E+00  2.4326333989668511E-01 -5.8979075783572033E-01  1.7492999715243172E+00 -1.2694092367802795E-01  6.4801929899169053E-02
 -5.4312706002697671E-02  4.6311771488154768E-02 -1.5026357850272895E-01 -3.7592497395243463E-01 -4.6252651522736654E-01 -1.0007317236955987E-01
  4.2895359842751377E-02  7.5648497565203379E-02  5.9525505034719706E-02  2.4723263472929753E-02 -1.7283373008271677E-01 -1.1487988144621814E-02
  1.0867154782709039E+00 -1.9262775447108460E-01 -1.3244434686334877E-02 -4.1641436688874670E-02 -1.3074006305210872E+00 -1.5582722977954247E-01
 -1.2068169250835793E-03 -2.7799959123677813E+00  3.3920227408153827E-02  2.6312540458292016E-01 -5.0467058360705509E-02 -3.5197957372230693E-01
  3.6619047603559995E-01 -3.2932083999840761E-01  3.0238210761140127E-01 -5.4117945446528717E-02  3.4136783622663475E-01 -1.1352950146890135E-01
  5.0268824035512263E-02 -6.5452833125683951E-02  1.4393203915198569E-01 -1.2889919832906685E-01  9.8351126953007040E-01  1.0414697375945445E-02
  4.6043446576372944E-02  5.7928493082281242E-02 -1.2946585148523687E-01  2.1066858977631586E-01 -3.2880963054610004E+00 -1.3402178214654158E-02
 -4.6309626778676047E-02  4.8040959307088953E-02 -3.8003917084412399E-02 -1.6200302859671521E-02  1.7145049602506190E-02 -7.6163132731177190E-03
  2.3093348861294074E-03  8.2563323699086505E-02 -1.6758476396564287E-01 -1.7602086406623688E-01 -3.1751319367260153E-02 -4.7554063379850950E-02
  6.4744157474129593E-02  8.1204580625906930E-01  6.0253981738455709E-04 -7.0488022786352406E-03 -3.9336910659877759E-02 -3.2945401049373872E-02
  5.4058895576292780E-02  2.4880366742301263E-02  9.8141718912168288E-02 -2.7985450107152490E+00 -6.5981040050389128E-01  6.5105470815748662E-02
 -9.4430547648730490E-02 -8.0351701715290796E-02 -7.9971523982343570E-02  7.3627557461830904E+00  9.4481070482441465E-01 -3.6651570074723056E-02
  1.1685946882093989E-01  1.0285291280103653E-01 -4.2487947626854206E-01  2.6936524503534173E-02 -1.4346154819666027E-01 -7.8744460045316267E-02
  3.4524803059068798E-02 -6.4012006487338124E-02  9.8691390350057639E-02 -1.5333823059558649E-01 -1.2174525247304327E-01 -9.3957096588360725E-02
  1.0946831208988371E-01 -1.5849708723834959E+00 -2.4944680669913007E-02  2.7753516199453033E-02 -1.1041546625662623E-02  5.3477655087219664E-03
 -2.6393678359145009E-02 -5.8451469768468099E-03 -3.5229677396112374E-03  1.1033573421523014E-02 -2.5702005741607423E-04  4.5527914475779796E-01
  4.2388527767522906E+00  1.4146629380833275E-01 -2.6544989351502507E-01 -6.4949175372124179E-01 -1.1607162101074081E+01 -1.5265585531947803E-01
  4.0762779402828986E-01  2.2741100667660902E-02 -2.9513079031817272E-02  2.9074039508454486E-02 -6.5259563031767581E-02  1.6823188471987174E-01
  5.8483044716995396E+00  4.7242655749392938E-02  3.0811252511421992E-02  4.9387841089654693E-03  1.9963573628253330E-02 -3.4770489422778432E-02
 -3.4265085098103089E-02  1.4278850895871819E-02 -2.9661580257610703E-03
ORDER     2 BLOCK     2
  2.0842095544297394E+00 -1.7255759347716975E+00 -1.5943362096776503E+00  2.4342385519626275E-01 -3.7525232849306933E+00  3.2154528365533390E+00
  1.6644979307073264E+00 -3.6365407064424560E-01 -1.6461969359866255E-02  2.1820788738200256E-01  7.4160978511224163E-01 -5.2207268704558746E-02
  3.5828580359538724E-02 -9.4479128158574100E-04 -1.7003158137780219E-02  6.7062208348073610E-02 -4.3525959090734985E-02 -4.0753333225742444E-06
  2.5140368882858439E-02  1.8139266376209100E-02 -1.3188353555702950E-03 -4.9764548530470583E-03 -7.1328645384654421E-01  2.3594124406371159E-01
 -8.6614947579166968E-01 -2.3355255247505298E+00  8.7396926364840111E-01 -7.1876196840200213E-01  1.2259352388742901E+00  2.6548882853697404E+00
 -1.4506909228230831E+00 -1.0171765418935124E+00  6.3861294161262155E-02 -1.2914014794173547E+00 -1.5886060911011750E+00 -9.0602360031201257E-01
 -9.7057991780713782E-02 -2.8986164675940462E-01  7.9711943664767970E-01  8.4598488349571666E-01  1.8516323013672951E+00  2.6981980300897264E+00
  1.5403506312290755E-01 -1.7218046164545101E-01 -7.3783261515247178E-01  9.3365972208981973E-01  1.6419251800582575E+00 -3.4450514257948600E-01
  2.7835766577357629E-01 -2.5024673281481796E-01  9.8070214109226422E-02  1.7017689540951118E+00 -1.5816731151826916E-02  8.5938947764043194E-01
  2.9584687606505777E-01 -2.1268646940643272E+00  5.0228379882514496E-02  1.7893401959811521E+00 -4.7596822668585387E-01 -1.3941023639615895E+00
 -3.6304529711667305E-01  1.1730817996278136E-02 -2.9200739202823728E-01  8.8710133991211004E-01 -1.5139497266599231E-01 -3.3116892371306402E-03
  6.5420412976045894E-02 -5.4734496768569918E-01  1.0397854841299152E+00 -3.9998268498471476E-02  1.8047052793221281E-03 -2.0027187412464960E-02
  8.3712518218338645E-03 -5.9346973175887864E-02 -2.3850101474002957E-02  1.1138748269904322E-03 -5.8817566678415985E-02  4.4975573749973713E-02
  5.7179314538651521E-02 -1.8914453219559733E-02 -6.3607252347784193E-01  1.0495164771576450E-01 -1.7343327415019777E-01  1.9585244249175897E-02
  3.7421470197408341E-01 -1.0113633020364607E+00 -4.9214722072882255E-01 -4.0954295903673188E-01 -3.3621476306362127E-03 -6.9052217466048249E-01
  5.8667108427687764E-01  1.2367585995170146E-02  4.6470183364515101E-05  3.0753468613670454E-02 -1.4657313317715451E-01 -7.8490098420643140E-02
 -6.2278942812012898E-02 -5.6035599648923407E-03  8.3045674875630401E-02 -3.3797013095409389E-01  2.1798350842589109E-01 -1.0314727874213661E-01
  3.2496137783741131E-03 -5.7046881004686156E-01  2.3383290390873279E-01
ORDER     2 BLOCK     3
 -1.8641549610030408E+00 -4.6229193889073565E+00  4.0601715381279485E-01  1.9386537835969362E+00  1.1809888750211675E-01 -5.9731800911028055E-01
 -4.3977718563689843E+00 -5.8469593835413880E+00  7.6181076339394860E-02  5.4536654078678504E-01  5.7885527578580271E+00 -4.9320191695660365E-01
  2.6104049601665267E+00  5.0958726233459597E+00  4.4420574805566631E+00  1.7373177783830573E+00 -4.4174875601737131E+00  6.6249346428964295E-01
 -1.9261056495268356E+00  4.4276818106199656E+00 -1.3639352542744582E-01  5.7086982135876471E-02  4.6602213462187452E+00 -1.7147569455702403E+00
  2.5872438251532688E+00 -1.1888403364809363E+01  5.2186137848305014E+00  6.5398510231579285E+00 -4.9025813252740500E+00 -5.4312785150658014E+00
 -6.5978452248638841E-01  2.6067823573308807E-01  1.1636419704419807E+00 -4.9474389014248922E-02 -2.1990694216487454E+00  1.6456316308545307E+00
  1.8946749720868530E+00  4.4877826024828738E-01 -8.4222754731276783E-01  2.3341582608277847E-01  3.4618477638741543E+00 -2.8958163542788662E+00
 -2.2946670676240966E+00 -1.0633494555007375E+00  9.7924444377650699E-01 -6.3747157761098605E-01  6.9048597359102082E-01  1.0489557804842218E+00
  6.1678462959444702E-01  1.6691299665835067E+00 -1.3855950578689236E+00 -1.2357807160437959E-01 -1.6766379563042610E-01 -8.0500574174967354E-01
 -8.5383488028961319E-01 -2.5900002090607517E+00  1.8245450161814623E+00  9.5955732621400405E-02  1.8978135802468479E-01  1.3627771207061776E+00
  3.2274178826827099E-01 -1.4724010225926978E-01 -2.8676605174071851E-01  7.5846914614134966E-02 -1.9012059919440209E-02  9.4533908724361126E-01
  5.2536245873969923E-03  1.6770186207752419E-01 -1.8458041889658736E-01 -1.2631195832386894E+00  1.4367164337754074E-01 -2.9310703655432113E-01
  1.0162019597443930E+00  1.5285628366494003E-01  2.3003150009932358E-01  1.1438770583874662E+00 -1.3732406319477570E-02 -1.9650131902994057E+00
  1.5594040780243650E+00 -4.0006226510163868E-02  1.1223439162789310E-01  1.5296590304338636E-01  1.9914385458459385E-02 -4.3826865871959686E-01
 -3.5530232020451726E-02  2.5122934704227100E-02 -9.0185076936612012E-04  1.6815783186554323E+00  3.9987756642787451E+00  2.6971747686421126E+00
  1.4591859448324898E-01  3.4765972730773870E-01  3.2004602704423052E-01 -1.9975871611649907E+00 -3.8008931383680498E+00 -2.6888533121075766E+00
 -5.1022665253286525E-01 -1.6266120288127743E+00 -1.2209942713373887E+00  9.0204243786137484E-01 -1.3204344398669297E+00  3.8173571319895176E-02
 -6.4606345922864896E-03 -2.6485117119317983E-03  4.9858559426412613E-01 -5.6657237214082512E-01 -9.4785015304358733E-01  8.3361483693227309E-02
  1.6217354655905312E+00 -2.8221820384721941E-01  1.3203176342845852E-01 -6.0663938956748331E-01 -2.8659843280093245E-02  2.5544314596437387E+00
 -3.0550715687849115E+00 -7.8283396486380197E-01  1.2538715094053776E+00 -6.3200617928524216E-01 -1.5822541715873367E-01 -1.3024023273231009E+00
  5.8796766700733682E+00  1.2046045615627745E+00 -2.1629287934061647E+00  6.6714671346883259E-01  1.3393510286288646E-01  2.1043646475468560E+00
  6.7261467700127420E-02 -4.2638775781200494E-01 -1.6828111602220988E-01  1.6024376075286872E-01 -1.9829229664715919E-01 -1.6235868499775222E-01
  2.5412219615002579E-01  7.2186482991206768E-01 -8.1034634684033480E-01  2.3659761227351889E-01 -1.6348376700531603E-02  9.4176432687323441E-01
 -3.8342375747069735E-01  3.1271877726417250E+00  1.9108452465538592E-02 -3.3185621705729106E-02  1.0025662137339499E-01 -1.3046664574615860E+00
  5.5893239968242747E-01 -8.3660714760900827E+00 -1.2934052509275547E-02  1.1010050379584561E-01  2.1235953362106876E-03  1.0892796153932134E-01
 -1.0153054599420673E-01 -8.1174142198406976E-02  5.5303156249312521E-02 -1.4058198463448844E-02 -1.3155074578649043E-01  1.0481934559473424E-02
  3.8241328299078253E-02 -5.2738099672536128E-02 -2.0776714440118645E-02  1.7142659108895342E-01 -7.2935556799546986E-01 -1.1640080874835881E-01
  1.0699547312354403E+00  1.5788113391944589E-01  4.6432062915236161E-02  7.2847803537470585E-02  3.1108570598944407E-02 -1.1111571786136097E-01
 -1.2726934133555340E-01  1.2564344370557992E-02 -2.1888716774086475E-01 -1.0840960226872260E+00  4.7982688814364283E-01  1.8596194918871141E+00
 -2.1956351840715671E-01  2.2220861956264118E-01  2.7051306831400633E-02  3.3806429452407000E-01  3.1453876884158410E-01  4.3881210988703172E-02
 -1.8955329713271802E+00  4.6114688913904439E-01 -9.3311774476194331E-01  1.3994222820623967E+00  5.4367897318925947E-02  3.4501371357945447E+00
 -2.1514715250917398E+00 -5.7403669551772918E-01  1.3079111989327148E+00 -2.2890993129349266E+00 -1.6771241724861610E-01 -5.7493242005475684E+00
  1.4891313673368795E-01 -4.6887687172080618E-02 -1.6906329204752829E-01 -1.0915731769902659E-01 -4.8485317766795669E-02 -6.3554349507720279E-02
 -2.3259302436751125E-01 -2.0840431653881257E+00  2.7889175534319038E-01 -3.4311547262977476E-01 -3.5674691885715709E-01  3.7001759103130361E-01
  2.7360631095689730E-01 -1.8123397869125469E-02  5.7033821296223375E-01  4.5848283387884044E-03 -3.9886311379379791E-01 -4.2744209073172101E-01
  5.4383693531891730E-01  1.6153596789725047E-01  4.8184119010375275E-02  1.4229022562504214E-02  2.4296325778005015E-01 -1.6036492672278428E+00
 -1.0410201511896269E-01 -1.3855875044000951E-02  3.3091758680068278E-01 -1.7764287951437110E-01  1.0229381434710237E-01 -3.6976954686306629E-01
  2.7018927399949555E-01 -1.6127528920281752E-02  4.9051205296226030E-02  2.5333923109589951E-01 -1.0032235826821691E-01  5.4526437269289052E-01
 -5.9609106839624415E-01  5.4528435929442794E-03 -6.9390868075658113E-02 -6.2744091595977033E-02 -3.9816990599269651E-02 -5.3089128037232342E-02
 -1.9086374112554120E-03 -1.4755809072577352E-02  1.4725959011953452E-02  9.7061576895060529E-03 -1.3583628362424400E-02  1.2768319573794875E-02
 -2.9539486101770374E-02  4.3969210864398820E-03  7.4643179314331440E-02 -1.8800144084024144E+00 -1.0701537521563626E-02 -6.4334298096198192E-03
  3.0397389178546324E-02 -3.3522397843418976E-02 -4.7691927638174682E-02 -5.3716582633653700E-03 -3.6433420721633264E-01  1.6494283656187605E+00
  5.0644523207242476E-01  3.4106245325196696E-02 -2.8412409359180124E-01 -3.4543739720986494E-01  5.1885198360845952E-01 -4.2175303622809386E+00
 -7.4964414471548790E-01 -3.3674403703038654E-02  2.9233080861450678E-01  4.4506896232975507E-01 -2.3914289171927708E-01  1.4606268901887148E-01
  2.8050172665942060E-02  1.3304678535535219E-01 -1.7287823416707843E-01  1.2595220718523584E-01 -4.1210052473679364E-02 -1.6319414081619615E-01
  6.6467396672814216E-01  3.6896199505545506E-02 -1.0063847263584121E-01  7.0963160670424852E-02  3.8970865882068044E-02 -3.1992496956150016E-02
  7.8141903358886322E-02  3.6667726497780502E-02  1.6284690837039179E-01 -1.4181764555551946E-01 -2.5259801398265575E-02  1.2177120224699155E-02
  8.8181234052885722E-04  2.7864783306200774E-01 -7.6702248751270269E-02 -4.0076652757743469E-01  8.6083650532433192E-03 -4.2271888193118438E-03
 -6.0955015890105511E-02 -4.2018619316365434E-02 -1.3553657511089048E-01  1.2356878483578125E-01 -2.2934735415590716E-02  8.2469804175488350E-03
  1.5418968497366748E-02  2.6341060674359377E-02
ORDER     2 BLOCK     4
 -1.1307951121836999E+00 -5.2564201197981075E-01 -5.1436062874446287E-01  7.2917852635335900E-01  7.6005700656653796E-02 -5.6423765987040619E-01
  1.7373032483904849E+00  6.6488118203151994E-02  1.1623128594638501E+00 -1.8805020504734862E+00  1.4250961777914914E+00 -7.2693977953708200E-01
 -4.1363135532449330E-01  7.0500135862608460E-01  4.9589382704480028E-01  2.4591735719920251E+00 -1.3361008928340383E+00  8.5442366934601333E-01
  2.7292405071115726E+00  8.1954437022915438E-01 -5.2393377408468456E-01 -2.2851704364192860E+00 -1.9699927849337173E+00 -3.2534230071482955E+00
 -1.0119270322213390E+00  6.5116107709978743E-01 -1.9200107711430954E+00 -1.5300014666193086E-02 -5.9763164043651462E-01 -1.8964774235866225E-01
  1.9648758348659534E+00 -9.8444030654935066E-01  2.8257998867959842E+00  1.1995340201798108E+00 -1.7915257715697210E+00  4.5222207933057879E-01
 -3.8924417954966767E-01 -9.7031887399002459E-01  2.4912231323617027E+00  2.8865908959815834E-01 -6.2787705198955635E-01  1.4318496820997448E+00
 -7.4783306320011667E-01  1.0030915515875034E+00  6.0162490712478611E-01 -2.4353009939856887E+00  6.5834556404101086E-01 -1.4490557392696954E+00
  2.8000532207435352E-01 -7.6635561257017393E-01  5.5849915190993360E-01  4.2191355628894256E-01 -2.7194755870151226E-03  1.3962057039051774E+00
  4.0506763137913898E-01  1.4287035719741379E+00 -6.8103947599920822E-01 -4.2276253486725279E-01  7.8453398162649568E-01 -1.5321908228962628E+00
 -3.0259829510604280E-01  1.4778208080888752E-01  1.2597077377880155E+00  2.8329315425634299E-01  1.6920808242824070E+00  1.4460368355688358E-01
 -2.8437061353548398E-01  2.9381142703705498E-01 -2.6189498907649533E-03 -1.1963338504919237E-01 -9.3288484381223238E-02 -7.8999763683878330E-02
  5.3181792612016066E-01 -4.4740259538506205E-01  3.2837219499595040E-02  1.7224481512199175E-01  6.4254585240306472E-02  2.6328175713232299E-01
 -5.0470208284039175E-01  4.4681265148866967E-01  5.8607442243774434E-02  1.2899750965349172E-01  3.2912524924094588E-01 -1.9057333751342762E-02
 -5.7897049423421187E-01 -6.3516137838842537E-02 -3.5524049870609731E-01 -2.2787079180491479E-01 -9.4089979845737359E-02 -7.8697915751490925E-03
  4.9609130970738207E-04 -5.9406499376847410E-01  1.9479149734082744E-02 -7.3166617334251793E-01  6.1037293787563052E-01  2.5512336188020469E-03
  1.3764217869076423E+00  3.7325228681776683E+00  4.4638510799595137E+00  9.2351691114542245E+00 -2.8404646719821534E+00  2.6400009614986503E-01
  1.0041785108702255E+00 -1.2991534473552793E+01  1.9921211650837225E+00 -2.8732832672229958E-01 -1.2190637282014267E+00  1.2005956097456516E+00
 -2.5769445002888016E+00 -8.7842319404458927E-02 -1.8426398974385608E-01 -1.4326317604137412E-01 -4.0691825069937444E+00 -1.4471271088986482E+00
 -1.4194769079033329E+00  3.5141597236943761E-01 -4.1050521557842712E-01  5.3709264237049614E-01  5.6381603947674250E+00  2.2840857749876591E+00
  1.6367999191119951E+00 -4.2101809013976543E-01  7.8582557432119893E-01  1.1466741091928929E+00  4.9827908448956409E-01  3.0691468620235146E-01
 -3.8399443928191695E-01  6.8058275277108435E-02  1.8659834870719721E-01 -4.7670331944144695E-01  1.5968474529126467E-01 -7.6079036799682254E-01
  1.1419198639499024E+00 -5.3532270929002823E-01  7.1802590317012072E-01  5.0431311265077206E-01 -1.5867234349734736E+00  1.7593682400753741E-01
 -6.3581202026923722E-01 -5.7124641414449828E-01  4.0987778288808047E-01 -4.1896745653230198E-02  8.9341751496331945E-02 -2.2004638741836255E+00
  1.4089812938894333E-01 -5.0644270930141722E-01 -6.6187685155619480E-01  8.7235830844376402E-02 -2.1650343247649073E-01 -1.0501786942438049E-01
 -5.5824316717759281E-01  1.1725868112006816E+00  1.0067134914317104E+00 -2.4186815747430976E-01 -1.7459404002505835E-01  1.2709704355698981E-01
  7.7655769995152568E-01 -4.8477840970247404E-02 -3.5289939704252399E-01 -5.9392725192030618E-04  2.8313836986708457E-01 -9.6800682442319222E-02
  1.0237433922012536E-01  2.1029685285939839E+00  1.5928496038415849E-01 -8.6427411413629962E-01  1.1554350807850920E-01 -7.9465939397653285E-02
  2.5910224905846779E-01 -4.1104553114230814E-02  6.0260852558702005E-01 -5.9650160666604697E-03  3.3727692883546628E-02  1.4406220752629417E-01
 -3.6571334543971484E-01  6.2029063099799289E-02 -1.9184698417668580E+00  9.8312997044965869E-04 -4.3659823337495074E-02  2.7490699523342186E-02
 -5.6985892028051918E-02  6.1195828255947518E-04  1.8224972273419543E-02 -2.4030365216827554E-02 -5.3380154587148237E-03 -7.5101522121046954E-02
 -8.6249303324074017E-02 -2.7729735529799765E-02  1.4415126594775934E-02 -1.2842298455046672E-03  8.2020560807597856E-02 -1.6356363687308784E-01
  8.5481297552316493E-01  1.3651947681336005E-01 -2.5071116134266042E-01  2.3401578737840634E-01 -1.1391375077918300E+00 -1.6500296706695813E-01
  7.4086267382848792E-01  1.3805541433967283E-01  1.0349958474097777E-01  3.5056768405367332E-02 -9.3154060884279521E-02 -1.1798938517302617E-01
  2.0732454505894427E-01 -2.7521393375234477E-02  1.0229875044149427E-02  7.9333198967743868E-01  4.0731432113400479E-01  1.1220894175538992E-01
 -5.0679693219565136E-01 -9.8231744268803178E-01  1.2557415618765194E-01 -2.9689236118566659E-01  2.3479714246337910E-01  2.2213294776883305E-01
  2.3606329873550731E+00 -1.1237675927705545E-01 -6.5905146227542211E-01 -4.4628607274664495E-01 -1.5243695620360235E-02  2.3904754267107572E-01
  1.2317655356668938E-01  6.1295138633631917E-02  4.8999667653743556E-02 -1.8953673170166270E+00  4.1917524514881987E-01 -4.2637658585168164E-01
  1.1353920353802947E+00 -1.7766651600412554E-02 -2.6341803022389021E-01  2.6217274535715909E+00 -5.7170106290458989E-01  7.0973491271274902E-01
 -2.0752295905885290E+00  1.0919843140624576E-02  4.3318055792889970E-01 -1.2641806139558751E+00 -3.3266023186225117E-02 -9.6376903286336330E-02
  1.3081747397350457E-01  1.7678648402299501E-02 -1.3436942597354956E-01  3.3917173034663944E-01 -6.3019296430930360E-01  1.5187876632099218E-01
  7.3027269717693868E-02 -4.3598459310369353E-01 -2.4886850945649350E-01  4.8940579279101240E-03  2.7397034297677647E-01 -2.3491880396670509E-02
  5.0222707671740019E-01 -1.0327991252344153E+00  9.2626305615288625E-03 -2.6686692669310474E+00 -8.3850813173377303E-01  1.4494901639855953E+00
  1.1347672724079534E-01 -1.2957938980748827E+00 -4.2647286971888954E-01 -2.7497865911010655E-01 -1.5993126639639862E-01 -5.2520664567581010E-01
 -1.3762932552403115E+00 -4.5966400149690070E-02 -4.7346535620709229E-02 -4.2581461597162654E-02 -2.1038164336595355E-01 -8.2757381166019092E-02
 -2.2788554573861169E-01  3.1307660216997918E-01 -1.0178540059959953E-01 -1.0988075483661819E-01 -3.8883286853744414E-01 -8.3174875261262951E-02
  2.7488134207192410E-02 -4.6314841586416544E-01  1.8718379314854816E-01  1.4787364656451332E-01  2.2011565988628292E+00  8.0364000125952822E-02
 -2.7755609857360551E-02  1.2623536130797138E-02  1.1661388699898951E-02 -2.5093881636635153E-02  1.5441689839128294E-02 -3.0778871615232167E-03
 -6.2267533419976149E-03 -2.3010142258251494E-02 -1.5587110171215583E-02  2.9064875390072853E-02 -3.7041510326350280E-02  3.0699699233290842E-02
  7.7189904375869287E-03 -1.5123955731215069E+00 -8.7304571279232471E-03  1.8185660258995533E-02  1.1673721773284804E-01  1.9408108230951918E-01
 -1.5844230538028908E-01  2.4493211446602894E-02 -6.6954976019954635E-02  3.5124755754107513E+00 -2.2106133040436582E-01  3.5692307416505331E-01
 -1.5283115772975725E-01  3.2177806071140257E-02 -4.2946187465643529E-03 -9.8593345963267947E+00  2.8627680242071851E-01 -5.2999938810354741E-01
  1.9932346331856188E-01 -3.6475317166487643E-02  9.4395407717644361E-02 -5.7089755469727048E-02 -1.5117656991445511E-01  7.2091123248844091E-02
 -1.7408658470543875E-02  6.3777219818256202E-03  3.3423897183128000E-02 -3.4554165348196930E-01 -7.4760767547478402E-02 -1.4384791844400412E-02
 -3.2344644774343796E-02  1.2125086197793311E+00  2.7513886050722660E-02 -3.5510226887839925E-02 -6.6745347984247749E-02  5.3861573559361886E-02
  1.0784702194996665E-01 -5.4478889116935908E-02  6.3248521810361405E-02  4.5633504893873300E-03  2.3810801603679262E-02 -1.9831017041299953E-01
 -6.6986238728980112E+00 -1.6319933720433260E-02 -4.5135274062067382E-02  3.9251564390866567E-01  1.8373925102564630E+01  4.9961246303674933E-02
  4.4951247815736561E-02  1.2662399808242530E-01 -6.6610081606609278E-02  8.4526547596453939E-03 -1.8130785154894657E-01  1.2324012845745348E-01
 -2.8762807056083677E+00  1.4653554943033328E-02 -1.6678673924099024E-02  2.1038158696155367E-02  1.4186351410419057E-03 -6.7926262976300139E-02
 -9.7574191266086199E-02 -9.7573514074422198E-03  2.8728767094802800E-03
ORDER     2 BLOCK     5
  1.9223827213137840E-01 -4.0828043030201088E-03  7.0417451892195271E-01 -2.0012520455441627E+00 -1.7911295743843918E+00 -1.2742752425095778E+00
 -1.2290279846936849E+00  9.7557612032560276E-02 -6.9082873214330565E-01 -5.1644035409350320E-01  1.6892675785471198E+00 -3.0626852353747747E-01
 -1.3220823256687458E-01  5.1325101973779701E-02  1.0639534108449168E-01 -1.6212567000479390E+00  3.6817122946815055E+00  1.7640232677786412E+00
  1.3610318162545070E+00 -9.4395497674651829E-01  1.0096766494347817E+00  1.9104342360420397E+00 -2.1808082347113635E+00  2.4888231606202309E+00
  2.8543097506238468E+00  1.0850117212738610E+00  2.3974685532230371E+00 -2.0680947125944898E-02  3.1654531861083640E-01  6.1663085884825397E-01
 -6.3363456102779416E+00 -1.5049806401471693E+00 -4.1489605548309543E+00  1.9406541385898901E+00 -1.7797489956404344E+00  3.6137777094720408E-01
 -1.5689851117940554E-01 -4.7411956114764626E+00  2.3044252846393380E+00 -4.4675596758815356E-01 -3.2783596194578344E+00 -1.0732159329921427E+00
  5.5757703487447234E-02  8.6196299078330418E-01  4.6756495992474800E+00  1.2799715197468762E+00 -7.7925503083133354E-02 -1.4298617221497800E+00
 -1.0601150144804714E+00  6.9810969135451606E-01 -1.3414364838509729E+00  8.2545443667577889E-01  1.7266487187117743E+00  2.9001573812194947E-01
  5.2898994967468957E-02 -1.6009467587075372E+00  2.3274358728987230E+00 -1.2116050091744237E+00 -2.3746804337871228E+00 -2.2902153734281455E-01
 -1.0843430591811229E-01  6.2903178393242398E-01 -9.6279377541907218E-01  2.6604292473083302E-01  1.2340005131589933E+00 -2.9595803095764942E-02
 -1.7462622292577043E-01 -4.9692270963905877E-01 -3.9509808102941087E-02  3.3152227339049836E-02  1.2625422065186939E-01  1.9468513983785729E-01
  1.6539514050319262E-01  6.5541265934870729E-01  2.5724233485613403E-02 -4.2576758712412441E-02 -9.2875952795211866E-02 -3.5969170148452512E-01
  4.0451002118819557E-01 -2.0169095736239376E-01  3.7602293612237318E-02  4.6343444932318935E-02 -2.7420929759396157E-01  1.2775145721114514E-01
  2.8015384938704579E-01 -1.1467393704207364E-01 -1.8879138819823921E-01  1.4493190736000142E-02 -2.5019776332173532E-02 -3.7142294749955415E-03
 -4.2208078126516863E-04 -1.0661714465451930E+00 -5.7510397511800568E-03 -2.5027848149226326E+00  1.8298411223410251E+00 -2.0659882940360131E-02
  1.6501221246343964E+00 -1.6074717568054731E+00 -1.2402051266831202E+00 -2.9829976437166521E+00  2.0677181993554097E+00  1.9774090082003004E-01
  8.1232140242406090E-02  3.6343004135816703E+00 -2.4737916721268869E+00 -3.2067740175931336E-01 -2.1144424772118076E-01 -3.9489274946482994E-01
 -2.9038424582695210E-01  2.3743384778048884E-01 -8.2639206873583626E-01 -6.5398952763569156E+00  3.1801472948998537E+00 -2.4915757074054228E+00
  8.9210267058340120E-01  3.7579416688769662E-01  9.0037403785682202E-01  8.0294444168704437E+00 -3.3524817982216151E+00  3.5870759789361006E+00
 -6.8855063976236297E-01 -3.7979065141913676E-01 -7.4308701518602083E-01  7.8634439010509227E-01 -1.5210514464899856E+00  1.0409960418845949E+00
 -1.0516783881414385E-01  1.8244623973186971E-01 -8.6113156779106900E-02 -6.8554036542927266E-01  6.6826059555598945E-03 -2.7366366227731403E-01
  3.6986758269039804E-01 -1.4585814626202003E+00 -6.0783468726527434E-01  5.3807423109551933E-01 -4.8285995135790738E-01  3.6299545651161158E+00
  4.8571747462148041E-01 -5.4180735142003977E-01 -4.2714846862861217E-01  5.3260646104135267E-01 -1.5538063857853690E-01  1.0575368413816975E+00
 -4.5742447928571850E-02  6.2408778948840293E-01 -1.5214327963263249E-01 -4.5701360947447256E-01  1.1418302263386744E-01 -3.4935320455343988E-01
 -7.3710435173660868E-02  1.3923160154123191E+00  3.5346314627139580E-01  6.7055130005183738E-01 -5.7460330998443643E-01  3.0909832924894709E-01
 -5.2265006109848466E-01  1.3286984693006287E-01 -2.1095143657587190E-01 -4.5496266379304512E-02  1.7316177957422210E-01 -4.9387884897759478E-02
 -2.8725103177848549E-01 -1.3678825471984506E+00 -2.5069381753196684E+00  2.7432885333557739E+00  6.1046506410985690E-02  2.3572958126950436E-01
 -6.3428364669106208E-01  7.6488950261293681E-02 -1.6683015176451868E-01 -3.8697894541163673E-02 -2.5104709282740847E-02 -2.9475166743613929E-01
  7.9575101285220140E-01 -6.0798277405609918E-02  2.7408279431695215E-01  3.7332867867165255E-02  2.3944821797197851E-02  9.3697865394495747E-02
 -6.9418813494539863E-02 -4.7980454669755541E-02  2.3994915692319746E-03  8.6177648255834627E-03 -1.2800370305877214E-02  2.9589822087135790E-02
 -2.3275980883027909E-02  4.0916997385113396E-02  4.0175695112578153E-02  8.0230374015332312E-02 -2.5377364072435044E-01  3.8887980906191541E-02
 -5.9726145689341370E-02 -5.3950449056532103E-03 -6.8383223796603110E-01 -2.7959109071057611E-02  1.9823104298666256E-02  6.6522006868955505E-03
  2.3593308202060945E+00 -2.3770464201422068E-02  4.8792926236627829E-02  2.7509653272267103E-03 -8.9896856708426669E-03  2.1668692721914028E-02
 -6.0322316107741775E-02  1.4911454802879266E-02  1.4423188052794600E-02 -9.9113352176419334E-01 -3.5167532746876834E-01  2.8785491034589666E-01
  9.4455223173297620E-01  1.3673356745889280E+00 -9.2052252010269786E-01 -4.4383240541193131E-01 -1.9287910889706543E+00 -2.5880632284417320E-02
 -5.1137192832431266E-01 -3.8460783739356158E-04 -3.8979679584860949E-01 -1.0459736453292720E-01  6.0355872738946013E-02 -2.4020144186067835E-01
  1.1400311330671183E-01  2.3552878576351948E-02 -3.1701762789206289E-01 -3.3567294217616389E-01 -1.1985456697950574E-01 -2.1791519490634495E-01
  4.7223957216439760E-01  7.9734286926290296E-02 -4.2968654910029391E-01  4.5187382372000368E-01  1.6207103845717130E-01  3.5394965185500238E-01
 -1.2802310333434463E+00 -9.5265938844136075E-02 -3.2526390681250128E-01 -2.6012415729159449E-01  4.7717341883760110E-02  1.1231349110410282E-03
 -1.3208868162971949E-02 -1.2140158061365805E-02  2.3145231343141129E-01 -1.5901146344235378E-01 -2.1376457995483558E-01 -2.6578490680795201E-02
  1.1606224461613049E-01 -9.0589003069095994E-02 -4.3747878296647821E-02 -3.9817807732496760E-03 -6.7088541049263335E-03 -2.8524125377824890E-03
  1.4901999351675830E+00  1.0403550902471681E+00 -2.0717749267183652E-01 -7.7822174928071908E-01 -2.1167375269304074E+00 -1.3169893547286771E+00
  1.5870124324219115E-01 -9.9157852185580220E-01  1.5480381558915229E-01 -6.2974431450568291E-01  5.6294529166287001E-02 -1.5281833601782649E-01
  7.8629037512139399E-01  3.7458064594373830E-01  2.2353542673892390E-01 -2.3003800446978959E-02  5.5349148346505439E-01  3.6178747484661197E-02
  6.2499952426302713E-02  1.5130226173701009E-01 -2.2639928875969373E-01  1.3040746424938299E-01  1.7300985189581259E+00 -1.7316186346054238E-02
 -1.9671152883667359E-02 -2.0489819819249636E-01  2.7985284023823026E-01 -1.9416975535004974E-01 -7.1879346306462084E+00  1.3253640002608862E-02
  2.0566259426810087E-02 -2.8710397696468354E-02  6.0204137412536482E-02 -2.3887978391298234E-02  8.8333068267467257E-03 -1.2789612710335709E-02
 -1.5401786882863599E-03  5.5165991392906358E-02 -5.4318283191238249E-02 -1.1442565185647235E-02  6.2557902617318886E-03  4.5415865367200797E-02
 -1.3181441363315191E-01 -3.7512207232143585E-01 -5.8032539704172582E-03 -1.8169643591937432E-03  1.2872497816263585E-03 -8.7906170133688118E-03
  3.6156055552637152E-03 -1.5892599835502840E-03 -3.3547340035325046E-01  8.4916066133820252E+00 -1.1903228685169970E-01  1.9944093680281172E-01
  4.3158912974234735E-02  1.2889602665946287E-01  4.6701632656142072E-01 -2.3158676534560492E+01  1.3654535212361629E-01 -2.7422914265653481E-01
 -5.3391064538956180E-02 -1.5053577820277733E-01 -1.8898718143045271E-01 -3.0520223032965943E-01  4.4827029559497428E-01  4.0023057980078644E-02
 -5.6803623865085029E-02 -1.9477756206327600E-02 -1.4508243413298276E-02 -5.4599648793358979E-01  1.6635013240535199E-01 -4.0929338352665934E-02
 -9.8910793571019909E-02  6.1491870950532590E+00  1.9413147105544343E-02  7.8476990117785066E-03  1.1119063749911775E-02  5.5890335119840890E-03
  3.8622431718785444E-03  7.0396179036501952E-03  4.9265672512406107E-02 -4.2051383918274704E-03 -5.3687608385608390E-03 -5.7887019164184983E-01
  2.6907024127727666E+00  1.6411083610281557E-01  1.9433946085309506E-01  8.2138488252092723E-01 -7.1420689012695444E+00 -1.9406146959225493E-01
 -3.4520274427413544E-01 -6.7415472907945848E-02  4.7882183521694544E-01 -2.8448624819637221E-02 -4.3014875735310260E-01 -1.6414045566149588E-01
  1.9270268794262559E+00 -7.1427611175923972E-02 -8.2664698618141602E-03  9.2099090787334140E-04  1.3715491052177458E-02  1.1486099665688537E-02
 -8.9108896118126085E-02  1.9337166134581765E-02  6.9497422175356476E-03
ORDER     2 BLOCK     6
 -1.2573327180969749E+00  7.0103741198660918E-01  2.0123677984100805E+00 -4.7891313745696429E-01  3.9557078404763668E-01  9.1150580118343899E-03
 -4.7032030658111373E-01 -6.0098711232295064E-03  1.3564941390782161E-02 -5.9601548979646909E-04 -2.3027151009509028E-02 -1.3906232587422417E-03
  4.7085687298118808E-03  2.4159394463665433E-03 -9.7060191300494907E+00 -6.4198586065344609E-01  1.2611296453861911E+01  1.3409914546649144E+00
  5.8705937156601118E-01 -7.4775634792860979E-01 -3.4678246695906001E-01  8.5201932905875815E+00  4.9649272453549846E+00 -4.0739274150391456E+00
  1.2917702501081219E+00  1.1294624221312255E-01 -7.7118286890153875E-02 -1.1786489297562808E+01 -7.3808762114857895E+00  7.1037130029808617E+00
 -2.9105239982509761E+00 -8.1721150496411155E-01  1.1552442472692270E-02 -6.1633649629733123E-01  3.2640935603518639E-01 -1.4194194705075347E+00
  3.4855910017647840E-01 -8.6083638127151652E-01  6.1596016353361746E-02  1.0032556042243141E+00  2.0276247783185983E+00 -9.1046416201966407E-03
 -1.4936835532751183E+00 -1.7278941639701012E-01 -1.3753818095475254E+00 -5.9802784302468726E-01 -7.4546764996229364E-01 -1.0537097544127369E-02
 -3.5658804798068813E+00  1.8752966812652576E+00  5.3074449260556689E-01  8.6258395766763540E-03  5.3492581664793277E-04 -1.7778683979316721E-02
 -4.6260698760325354E-02 -1.3047476855124704E-01 -1.7927201520824884E-01 -7.0786784494703853E-02  3.3165927907669118E-01  3.5660042774707601E-03
  1.8986995742245710E-01  3.0482003030911620E-01  1.5452751474399326E-01 -1.2003085954633252E-01 -2.6211788419109091E-02 -4.0203101284161770E-05
 -1.4120816116485507E-01  2.1611413592343393E-02 -1.0251684686642307E-01 -2.9961818036209742E-01  3.3472031956545759E-04  1.9200522899808337E-02
  3.8778741756256441E-01  7.5360397641143384E-01 -1.5242474852930998E-01
ORDER     2 BLOCK     7
 -3.0924877191017508E+00  5.9948132726337047E+00  3.9769419681068202E-02  1.2918867424998242E+00  4.2431932569874373E+00 -8.5024776606504311E+00
 -3.2603678737542940E-01 -1.8796606725411751E+00  3.1790429975184703E-01 -3.8010757395292788E-01 -4.6866168345697118E-01  6.2040467721125158E-03
  1.0585634914342810E-02 -1.2292140693408480E-02  1.0943396779081644E-02  7.5883000532260304E-03 -1.2718122500890576E-02  2.4414696291780717E-02
 -2.1795593505521751E-02 -2.4028140779713391E-02  2.6861532427765390E-02  5.2152177350421412E-03 -4.9687148299261907E-01  2.6268208041229228E+00
  7.8656642669492416E-01 -2.3286343391178703E+00  2.3935035923486803E-01 -3.7426887914499569E+00 -1.6780012438742054E+00  3.4772854349265150E+00
 -5.4913363310309116E-01  2.7950097554110576E+00 -2.6163323652389303E-01 -1.1610809693247708E+00 -4.1476722004867623E+00  5.4387405366135075E+00
 -1.1785502923542308E+00  1.7903583408595630E-01  7.1709593190454413E-01  1.7523965965722126E+00  5.9112619870579159E+00 -6.7787693477620490E+00
  2.3604054589229464E+00  4.5038694748587745E-02 -1.8999518254987500E+00  8.9721713902732270E-01 -1.9729359967460216E+00 -1.1129539401606034E+00
 -3.5262447159487946E-02  4.4180305502117878E-01 -1.2371849998645687E-01 -2.1803554766630997E+00  2.4110544495612760E-02 -6.6390177724830607E-02
  3.6639921096170208E-01  1.1077246808227648E+00  8.8455332719556846E-03  2.4845121959603639E-01  8.6810485814357063E-01 -4.5330518795435049E-01
  1.2791563188270523E+00  1.2067956396305823E-02  8.0562784364039519E-01  1.2426852566398721E+00 -7.2326106462187600E-01  8.3233550525321515E-03
 -3.8772667132338756E-01 -7.6043224784570179E-02  6.0644434067847564E-01 -4.4886821436622655E-02  1.1631322845697480E-05 -2.3686894901559924E-02
  8.5960418359152926E-02  8.6440532192867847E-02  5.9497488604732363E-02  1.1740284438155483E-03 -7.7393745022561355E-02  1.3383709213290015E-01
  5.0565944639353072E-02  8.4841457287458451E-03 -1.1174506707500086E-01  1.3511751758335197E-01  2.2725767179950143E-01 -1.1217751901996499E-03
  1.2374744241867591E-01  3.1124892459013831E-01  4.9190565958718097E-02  4.3133569636156066E-01  7.9667128861808309E-03  8.0376533498114522E-01
 -3.3631958316657190E-01  3.4275603006044639E-02  3.4901475906836825E-04  4.4866770325024605E-02  1.4891886540329731E-02  5.9978495761366310E-03
 -1.9662817411515540E-01  1.4405815285063036E-03 -9.5745960477423370E-02  9.2560599382923853E-03 -1.3969361131014449E-02  2.2894117409859846E-01
 -2.6819274714273305E-03  2.0156260811092924E-01 -6.4658109638554562E-02
ORDER     2 BLOCK     8
 -2.7388311808754660E+00 -3.4533370954164078E-01 -5.3180422373868934E+00 -1.3839942197008706E+00  2.1626284604037047E-01  3.9621965722380197E+00
  3.8677843957986586E+00  1.4068320707063671E+00 -6.3625757374791661E-02  2.7183142505451063E+00 -6.6430211194215005E-01  6.1814685198710181E-02
  1.2547077354882055E-01  1.1046918455224344E+00  3.4802745948679020E-01  6.9646535496975179E+00 -1.4258113710775218E+00 -5.6908978457886841E+00
 -7.0043315161365411E+00  5.9042306699407243E+00  1.3899099959301606E-01 -5.1105996963572551E+00  8.5378354478900143E-01 -7.4712157021891255E+00
  1.5394669409029613E+00 -3.3900354645443476E+00 -9.1754164423473856E+00  2.3371587422925502E-01  1.7691786406815890E-01  3.4728125028340834E-01
  3.5240789531402306E-01  4.8472380326721201E+00  1.1759062119484645E+01 -4.3888658942836436E+00  8.7627019567800024E-01 -2.0915968985959607E-01
  3.0182279376342980E-02  1.0776412076633687E+01 -1.1515194048365069E+00 -1.3392586337514117E-01  5.9014120089542308E+00 -1.1396821963361103E+00
  5.9019200632681346E-01 -4.2958326563998533E-01 -8.2204645674534547E+00  1.9823489848085996E+00 -4.7257391546786465E-01  9.3127687588506791E-01
  6.4260946772364202E-01  1.1130940000253362E+00 -2.5979380721093674E+00 -1.1694855704715943E+00 -1.0890538872679996E+00 -7.1698670259641772E-01
  1.7062090372688352E-01 -7.8192191651558185E-01  3.1858375264470178E+00  1.4565190513779691E+00  3.4618842612153009E+00  7.5405365807584224E-01
 -1.6246316575195205E-01 -1.5694982936814850E-01  3.7895642856083628E-01 -3.9884028429524865E-01 -2.2611112288281663E+00 -2.1044745698740090E+00
  1.8886976736548582E+00  6.7693816327236578E-01 -1.5408024722515354E-01  1.0946128169137997E-01 -5.6483036094438048E-02  2.6027300429683886E+00
 -2.3875020011434840E+00 -9.3474300095524787E-01 -8.1604672913592427E-02 -1.0288472152832213E-01  2.3271461353775832E-02  1.2194175442114038E-02
  2.1993592949053622E-01  1.6871494505729190E-01 -1.9132529892979006E-01  8.5854594206222282E-02 -1.3153338696446080E+00 -2.4745511728628147E-01
  2.1021545339343746E+00  1.4430188727340179E-01 -3.2723231633714649E-02  1.0336256748342112E-01  5.5275083807795104E-02 -3.1868580967733137E-02
 -2.6892431239679209E-05 -3.4539788016209194E-01 -1.6769343969078924E-02 -1.4036309787261685E+00 -4.5432261424955760E+00  9.0931161681987484E-03
 -4.6924247226821408E-01 -1.2556701992689757E+01 -5.6912176304518418E+00  2.4131957501723394E-02 -4.5138186924157786E+00  2.5656527217642205E-01
 -9.6616510612366802E-01  4.5653885531488370E-01  6.4911692336564277E+00 -2.0432973439346530E-01  1.0140708937505041E+00 -8.1735414441012288E-01
  1.4584111495294243E+00 -1.9345939105146628E-01  2.5784891780661007E-01  1.4356245340536937E+01 -7.0379156871533066E+00 -3.6126421883499198E+00
  5.8915275193878558E-01 -7.9994356150492185E-01  6.4285972995675927E-02 -1.9054619866680774E+01  8.8299103516759363E+00  5.2549787355273967E+00
 -1.0919853659385226E+00  4.2507612044593884E-01  8.9406624605649992E-02 -5.4317875805731275E-01  4.7645591271501925E-01 -1.1017567458812916E+00
 -2.1997899748579414E-01 -4.2476576121787325E-02  5.7764150070277681E-03 -5.7944340821708407E-02 -1.8160586460939371E-01  6.8322785624319282E-01
 -1.8138802163075742E+00 -2.6804153278111791E+00  1.1351372885495385E+00 -2.4751341387389417E-01  2.1867558715465969E+00  6.6162140779710388E+00
 -2.4985193475582070E+00  2.7927069783378411E-01 -1.4302474870814946E-01 -5.4374851504781563E-01  8.3830326699502467E-02 -7.5747233863619068E-01
 -6.4845545846502783E-01 -2.8460195696359469E+00  5.6658967741517652E-01 -5.6112683709140687E-01 -1.2751026206432097E+00  7.2356750177485274E-01
 -1.7557584717028385E+00  7.3256052777781093E+00 -9.3465817898511472E-01  4.6069622418255363E-01  2.9814300015775763E+00 -7.0908230193814814E-01
  2.1979887177432569E+00  4.6261519375238352E-01  6.4866244119342298E-01 -6.8161944247603401E-01 -7.9625846854644822E-01  5.6157019354902749E-01
  3.1762864784376274E-02  1.6581470094286670E+00  4.1604764316255132E+00 -2.8263307843012542E+00 -3.7571403024018879E-01 -1.0647593959720265E+00
  8.9695985131317568E-01 -8.7664741093353959E-01  1.1251497845913436E-02  6.0088352949535850E-02 -4.2111327950419060E-02  1.5526902258701381E+00
 -1.1660321382465464E+00  1.2280732962382523E+00  3.6499163765479392E-01 -1.1133864479104126E-01  3.9025561281111315E-02  2.5919386032522359E-02
  1.0264729174709282E-01 -5.9305432572307533E-02 -4.1237750848432439E-02  7.1602149660846506E-02  2.2479003471963372E-02 -2.1301342476056969E-02
  1.3775872600011188E-02 -1.4375256250961124E-01 -1.5507676401057044E-01 -2.0278130109863099E-01  2.5763564600585237E-01  8.6325570589127112E-02
  1.4373170876013202E-02  9.4261068220972549E-03  1.8867758655157798E+00 -3.6602560582189930E-01 -1.7099668300641954E-02 -6.8027181057547084E-02
 -4.8808174109647675E+00  1.9485048526474896E-02 -1.3958499994799692E-01  4.4357309944191757E-02  4.0098220638309767E-03 -5.8192672576173485E-02
  3.9534923420558789E-02 -1.2331720977247557E-01 -2.5067671099705542E-02  1.2705285642349022E+00  8.6615148942259113E-01 -4.9133657597909219E-02
  2.5726357947574083E-02 -1.7356051461758260E+00 -4.6012322678452378E-01  1.6728464049557034E-02 -2.2907235115461033E-01  4.3167304872124168E-02
  1.0751256438086533E-02 -3.5470831072644593E-02  5.0078810351314662E-01 -5.6565036870385488E-01 -4.1613279042138818E-01  2.7485697319799146E-01
  1.1258409433130050E-02  2.4145285735062368E-02 -2.7426268433853340E-01  1.4504423547613099E+00 -9.5457630493732903E-01  1.9031484557217862E-01
 -6.4429020026273820E-01 -1.1496746146098596E-01 -8.4774670649926787E-01 -2.0374399160964800E+00  1.2965794233533088E+00 -1.2283583957558683E-01
  1.3457795208256729E+00  1.2219351445072980E-01 -1.2086638937068389E-01 -6.7108579688391193E-02  5.9726722879562960E-02 -1.2467502504454392E-01
  1.1723230432239044E-01  1.9892148576260626E-03 -8.1037312674858572E-02  1.0057459218628799E+00 -7.1140253203142534E-01 -2.6226435705433299E-01
 -2.8210031336676639E-01  4.0048806618304389E-01  1.6302734402802552E-01 -7.9830890260653015E-02  1.8938161399122100E-01 -3.0239100601990726E-03
 -1.8808596154215127E+00  1.2461272192013963E-02  5.5564606079615241E-02 -5.3394457966192088E-01  2.2580277322328812E+00 -2.0321632097320005E-02
 -5.2363170032242237E-02  2.1113010330622739E+00  3.7480927856940599E-01  4.8723144185804104E-02  2.0836700847891523E-01 -1.2833991551504084E-01
 -7.9137652292327543E-01 -3.0029888139210481E-01 -6.2117661843979644E-01  8.3079746806256058E-02 -3.6565770157259497E-01  1.4725622435990690E-01
 -3.8655501407541176E-01 -2.6875034643028334E-01  4.7403339862685967E-01  8.8740950601004370E-02 -1.7954131801893722E+00  1.3726199873884540E-01
 -2.1404900508957395E-02  3.1101928671018758E-01 -5.8745583440027582E-01 -1.5110263467758650E-01  6.7451408656142506E+00 -1.1628571827133591E-01
  2.2759292763659872E-02  1.8820072020661265E-02  8.3288192536676298E-02  5.0732408282506157E-02 -3.9470544041375150E-02  9.3341704572884911E-03
 -9.8728832998655480E-03 -3.5133288545666574E-01  2.4771797769934661E-01  1.7846149719859267E-01 -1.1077043989294173E-02 -1.1579652209574591E-01
  1.5461002459075945E-01  9.1630878870344079E-01 -2.8496687496259033E-04 -1.2806325936904334E-02 -6.1206969679515305E-02 -4.2536607942972017E-02
  3.5955281464728990E-02 -1.7902609189947415E-02  3.2551161776671905E-01  2.1483016395193135E+00  5.1198374519727835E-02  5.2955533354100448E-01
  2.5120484122660697E-01 -1.4849663102067703E-01 -4.0730741080329247E-01 -6.2160363604224482E+00 -6.9249666346781313E-02 -9.1427161624907538E-01
 -2.8868827264542368E-01  1.6109270239351517E-01  1.0514699150036044E+00 -7.2889174285138733E-02 -8.0821317944796481E-02  5.7715291096162934E-02
  2.3935906239014464E-02 -2.5262642674295274E-02 -2.8047676445943115E-01 -3.1547288645773788E-02  9.0490271868860314E-02 -2.3255792193439383E-02
  1.2362872772462467E-01  5.2122571725635627E+00  4.5759499353133962E-02 -4.3228000038503279E-02  7.3604693278551403E-02 -6.2351222829183678E-02
  6.8532714688597359E-03 -8.3577180056325535E-03 -2.9452787941325637E-01 -6.0371449939989219E-04 -2.0052996610258784E-02  1.9971592901150378E-01
  5.1231820719938872E+00 -3.5099697420435549E-01  1.0307027855090144E-01 -4.5555902420117889E-01 -1.3791708088039387E+01  4.9295342988236623E-01
 -8.4592071636540103E-02 -3.2117591491256758E-01  4.1289602346262472E-02 -7.5425297243109951E-02 -2.0550999675520518E-02 -2.2674385242513509E-01
  4.2241054923449202E+00  4.1493351675114365E-02 -1.1545177934846812E-01 -1.6242884734317960E-02 -7.9841791746414550E-02  8.7893617668885080E-02
  7.1024786298440584E-02 -1.0437904518792809E-02 -4.0741963030329092E-02
ORDER     2 BLOCK     9
 -4.8210636087658071E-01  6.1276985308944685E+00  6.8567250161355209E-01  2.0892477494942954E+00  2.2570160120748266E+00  4.7800262867159665E-01
  2.0988511167752248E+00 -2.2118236113695122E+00  7.3719659454301201E-01 -2.0158164777548784E+00 -7.3236659961447712E+00 -2.5303123215979149E+00
  2.9698497326546747E+00 -4.0171385592080382E+00 -4.8362870365132249E+00 -4.9929933183085033E+00  5.7510299252647883E+00  2.2238149444584750E-02
 -1.2724916189906783E+00  2.5347267345326519E-03  8.6596180144826077E-02 -2.5939963184432827E-02  2.8160291363288574E+00  6.0960045281769148E-01
  1.8612439298319035E+00 -8.8497763319866329E-01 -5.0268590012107861E+00  4.6846613449107544E+00  9.5843350479846361E+00 -4.4094329262374536E+00
 -1.7713930972181726E+00  3.7461088570049544E-01  2.2858082920554246E+00 -5.8864204124757469E-01  3.0108243849198293E+00  1.6713558099034542E+00
 -3.2118778882181305E+00  2.0638011437231377E-02  2.8211747847727708E-01 -7.2559135783288220E-01 -4.1147048617986615E+00 -2.3452930571605854E+00
  4.6669527458940223E+00  5.6817255068348260E-01 -5.5524886989233058E-01  3.6514304495412264E-01  1.1062299401752827E-01 -1.9912107404514620E-01
  7.9632001118746920E-01  3.3036071436526510E-01 -2.0982424765189305E+00  1.7438941458924323E-01 -1.5597567744596055E-01 -3.1494508640757440E-01
 -8.6735726682919145E-01 -3.6231848225014956E-01  3.5514593985872303E+00 -2.0778222595801732E-01  1.8049160512504192E-01  8.1792885629183787E-01
 -2.7736275058101563E-02 -2.9070574211605932E-01 -5.8630362639415637E-02  3.3239612219706956E-02  5.6255828519482720E-01 -3.5509548690587662E+00
  1.8629803540440140E-01  1.1794500017325951E-01 -9.1127661704270246E-01  4.8029862097115874E+00 -2.0829956021978871E-01 -2.1607700953832248E-01
 -2.8288877589064232E-01 -2.2667410483561198E-01  1.0300123522139071E-01  6.8349247212933062E-01  4.7894397800064010E-03 -6.6688127704264399E-01
  9.8519239968036965E-01  3.1720422849111580E+00  7.4093662652594183E-01 -4.0133040803378002E+00 -1.0700928110168986E+00 -4.9383801042519500E-03
  5.8625626636995221E-02 -3.5143371027332537E-01 -2.3061724562591643E+00 -2.3641808649889864E+00  1.3574367511526628E+00 -1.4063316367823261E-01
 -1.0117589863922241E+00 -5.2023299427140957E-01  3.1852555970423149E+00  3.2300256833826486E+00 -1.2913706361833608E+00 -3.0820334137333738E-01
  9.0393637659382953E-01 -5.4510967155953127E-01 -4.2455736219424212E-01  1.8676367602153260E-01 -1.5096451956860149E+00  3.3467855381600825E-01
  3.5389732375634902E-01 -4.2343778021120083E-02  3.9841299134084379E-01 -9.7607999468237561E-01  4.4927085561723556E+00 -1.3932772067556471E+00
 -6.0596096291504589E+00  1.2718466944933438E+00 -1.0067135608743683E+00 -1.2030450818572797E-01 -1.2992181505209621E+00  6.5258414678521809E-02
 -1.5616296038425026E+00 -2.1152170805783150E+00  2.3462295223364098E+00 -1.3290716864158212E+00 -3.8188474650736365E-01  4.0711548262149111E-01
  2.0975261339629538E+00  3.0239204636814172E+00 -2.5877621376101065E+00  1.4111033859046458E+00  1.7233602031898262E-01 -1.1522827931348205E+00
 -5.0962866277970398E-01  4.8768029615257752E-01 -3.9925317965174240E-01  4.7434699332218805E-01 -8.2449523451703574E-02 -7.1547887107026018E-02
  1.4629244204547673E+00 -6.4791818783569788E-01  8.6553428899799084E-02  9.2385133568250422E-01  7.8455315371240142E-01  7.3745521307240613E-01
 -2.5250904727769796E-01  3.1110076476779308E-01  4.4717676701468638E-02 -2.4686889925115627E-01 -1.0315931626019439E+00 -9.7598807623754846E-01
  2.6565766251659434E-01 -1.2868784602188770E+00 -3.7240061566356689E-02  3.3406299898282898E-01  7.7246018610152553E-02 -2.6739380128218939E-02
 -1.4281990184723604E-02 -1.8023473514441182E-02 -2.3889137145296981E-02 -4.7843165359290979E-02  1.7376405671831602E-02 -2.1246597940845765E-02
  1.1656191878691824E-01 -1.2753869991298206E-01  2.0174180176124640E-01  2.5360609947261448E-01 -2.8690171366929401E-01 -5.2283548505636802E-02
  2.1684386796378624E-01  3.4842624267233828E-02 -6.4044419639114336E-02 -3.4859644040273176E-02 -3.7442793268679116E-02  1.5405357756731497E-01
 -2.3030978114031125E-01  2.7805655623246842E-03 -3.3923828610369949E-01  1.2878423505859379E-01  4.4384814841208975E-01 -2.3531852730718805E-01
  1.4439375926264049E+00 -9.5303242322362397E-02 -2.6958733560097509E-02  3.0774348067153329E-01 -1.4569163009835495E-01  1.2369502152695975E-02
  1.9575362569770067E+00 -7.6653095070259192E-01  1.0620757403437269E+00 -6.0837728296786686E-02  5.6080693062769882E-01  2.6675557208091845E+00
  1.6208332664141190E-01  1.0782063556084502E+00 -1.4567140753892711E+00  1.3695941070932591E-01 -1.3460877018639921E+00 -4.3415813934554341E+00
  2.6441661419313423E-01 -5.5158438024682810E-01  6.2461378094307671E-02  1.2434317118724515E-01 -3.5140023914833347E-02  6.3411143677582119E-02
  5.5384836287646122E-01 -1.1894343357086876E+00 -8.9901359508745129E-02  2.2404826559463403E-01 -1.8586621739940290E-01 -1.8632266297235978E-01
 -1.8761759936509906E-01 -9.7425464978149329E-03  4.1234774064560853E-01  5.2251479925342738E-03 -3.1378276751966400E-01 -2.0044703400975622E-01
 -1.7673963095037569E-02  2.9463041059242656E-01  1.6821533718995058E-01 -5.5095009868840313E-02 -1.1322883268582556E-01  2.2272981797468686E-01
 -4.3398803489050386E-01  1.4134209132193504E-02  2.3005226173782745E-01  7.8537106251624544E-01 -8.6949163039212282E-02  2.9006410113742798E-01
 -1.2262294360409182E-01  2.8119788717929046E-02 -6.6423134555833763E-02 -1.1179192194246610E+00  7.7613976062844175E-02 -2.9881916896374355E-01
 -1.0817994850822552E+00 -3.0770070336071740E-02  6.1472324514044385E-02 -1.4634320025464973E-02  9.9645876650558102E-02 -4.6945041200880958E-02
 -8.1489776154472140E-03  1.4469453466486721E-03  2.6385475556954082E-02  2.6247801063058591E-02  8.4569205170726386E-02  1.2549362614364803E-01
  1.4156511303472319E-01  1.4897933731420324E-01 -9.0225122040512043E-02 -1.2133303873993486E+00  1.8236550981551119E-02 -3.2704012036662955E-02
  2.9153746511432627E-02  1.7667208829600017E-01 -1.8091816390947729E-02 -3.0614883224070660E-02 -8.1818380602632523E-02  2.0562858604302270E+00
  9.6695146922136388E-01 -2.0998947255186604E-01  9.4084463091279921E-02  7.1562318704417052E-02  8.0584969924672623E-02 -6.1720286627354763E+00
 -1.4295305554425428E+00  3.0608351926749450E-01 -1.0099950561399158E-01 -2.1817125895500100E-01  3.2026693934765305E-01  7.4780883346205557E-02
 -7.7258171478250259E-01  2.0386958591728649E-02  6.9427391971743996E-02 -6.3968872473831248E-03  2.5074653875898484E-01 -7.7447239003893845E-02
 -9.2672894612076950E-02  7.5858573121622724E-02 -7.9343104218048799E-02  2.4346182581904756E+00  5.1043218120899406E-03 -2.4855636994298189E-02
 -1.6807149998018623E-02  1.8664590207559291E-02  2.9597768273601197E-02  1.0995116822839054E-01  1.5646599581392837E-02 -8.5675784174827976E-03
 -6.8964951159017671E-02  7.4476430931826598E-01  2.0565941244168096E-01 -9.5805171709275194E-01 -2.3632947122365172E-01 -7.2521783590584019E-02
  1.5982195303396698E-02 -6.3515038668625710E-03  1.8247590962411459E-01  2.4719827701576616E-01 -1.5030854979079101E-03 -3.6996154632318607E-03
 -1.1149787674761770E-02  5.8258902461346025E-03
ORDER     2 BLOCK    10
  6.2286542607976714E-01 -1.3858760083581763E+00  3.5138287509027438E-01  4.4622652198363610E-01  3.5046150510678453E+00  6.5329077955871451E-01
 -2.4854893266757263E+00 -1.2465720237176647E+00 -5.3734570921675606E-01  1.4531217632597015E+00  1.7829892474960276E+00  1.1738425039775471E+00
  5.2875072311674987E-01 -1.2126852088626280E-01  1.3718701336527421E+00  2.2550427098325829E+00 -7.0873619988222734E+00 -7.7198254384564802E-01
 -1.7543112318955634E+00  8.2251362300849529E-01 -2.2699907772795844E-01  2.0010589219453685E+00 -2.4978390302774303E+00 -5.8455404452820670E+00
 -5.8256378345811184E+00 -1.4645480563077315E+00  3.5323578873450634E+00 -3.1992095647538310E-01  2.9122877673214054E-01 -1.4970853135574462E+00
  1.1274074525376047E+01  1.8827347038809208E+00 -1.3034381084526367E+00 -3.0108991803627934E+00 -2.6551092983820395E+00 -1.4848970804992081E+00
  6.4071171990183806E-02  4.1854518970279448E+00  3.7253684606504898E+00  1.9523928158560804E+00 -1.7771678208470663E+00  2.5066250771499993E-01
 -5.2961956457663428E-01 -1.1389045451470128E+00  2.6406211797721539E+00 -8.3239793276359098E-01  8.3004751047253778E-01  2.4927625204422945E+00
  3.1208007009915811E-01 -1.7023176915796565E+00 -6.4603517323834769E-01  1.3386133875318624E+00 -7.4308675719616868E-01  2.8826063894370663E-01
  1.8077632263362317E-01  2.4125105124205910E+00  1.3369418467412009E+00 -1.6629347021759486E+00 -7.2051876145665006E-01 -5.9775913454600638E-01
 -3.5731414841645527E-02 -1.9541251461539379E-02  4.7609453126977136E-01  7.5158820790120318E-01  7.2200374526682332E-01  1.1460137262004442E+00
 -7.7652417453223610E-01 -4.0799173393346030E-02 -1.2888215817803933E-01 -1.9727542050664745E-01 -5.1521021505301280E-02 -1.3805841029174470E+00
  8.6496146345385283E-01 -2.1417670050684337E-01  3.2535396275635964E-01  1.9444710918217961E-01  6.5878136891425881E-02  1.1398487109262616E-01
  1.1321797307922011E-02  7.3559354946542033E-02  1.1004285029602763E-01  2.1575574040719768E-02  8.3262431487884447E-01 -2.4330066679940615E-02
 -1.3146861721773566E+00  1.0636060234537423E-01  4.3749793366923972E-02 -1.7592706530841012E-01  2.1396254690739965E-02  2.3917644338820262E-02
  3.8247736389618564E-04  9.9369075380475635E-01  1.6000236760618080E-02  8.9533455705689435E-01  1.7552794607642177E+00  4.7696782760914798E-03
  9.3309911829163650E-01  5.8569960632693672E+00  3.5015632682061852E+00 -7.7203670486927078E-01  8.3968184762634135E-01 -1.0114674958423222E+00
 -7.3477704051665843E-02  7.2454029522770325E-01 -1.6537917282453998E+00  1.4714195982513152E+00  6.9630112527971799E-01  5.8997585753549409E-01
 -7.4736103313299407E-01  2.3795766839939814E-01  6.9420213874459635E-01 -5.5363671690908465E+00  8.5492941888490159E-02  3.9459021423555716E+00
  3.7021783080331261E-01 -3.4073223177554823E-01  1.9423717187691747E-01  7.9090943708305321E+00  5.9990684275645800E-01 -4.9287542577696470E+00
 -3.3511718891896164E-01  6.6576431395617619E-01 -6.8054974103228319E-02  8.9938666259657934E-02 -9.4578246496815088E-01 -5.9455821454766418E-02
  2.0727033497144076E-01  1.1477506172361075E-01  2.0934252205222795E-01  5.9556385698934522E-01  1.1340061406410340E+00 -8.5132954880157929E-01
  1.7945866488431252E+00 -6.4203369873856819E-01 -1.7829037453863965E+00  4.0902064741478356E-01 -2.4260020573583785E+00  2.3255786268438881E+00
  2.8372297405022575E+00 -5.8078631987959983E-01 -2.7349645760069474E-01  5.4534228430216036E-01 -2.1214880737110683E-01 -8.4169227917895906E-01
  2.0828791802736397E+00  1.9231082812309924E-01 -1.0002001140108865E+00  5.3441574708683803E-01 -1.0946606318986435E-01  3.5418445444866231E-01
  2.7867409500368245E-01  1.0565358972939773E+00  1.3127389402371608E+00 -6.9386321905435211E-01 -8.0392881397648552E-01 -5.5030231650817174E-01
 -3.5937834714089445E-01 -7.0805139673551273E-02 -2.4670658748379712E-01 -4.1969881406069431E-01  3.6715693497360996E-01 -1.7003271019188965E-01
 -7.3550408175370396E-02 -5.9283150457020117E-01 -6.7217309525080726E-01  3.2535368010382809E-01  2.4214910328325331E-01 -8.3419493306589432E-02
 -1.7919899718257082E-01  2.7260836780089226E-01 -1.8552341601368671E-01 -6.0411692730480181E-03  5.9598100966526797E-02  7.8666722810959017E-02
  2.1843933787851008E-01 -4.5451974293061675E-01  3.1007545813873610E-01  3.9658706066681509E-02 -4.8964551723225017E-02 -3.5205948421455857E-02
 -1.7366149274993279E-02  4.7464499380979658E-02  5.7066212400383537E-02 -2.9543003739198832E-02  2.0634536557199587E-02  3.5751884352661668E-02
 -1.0284680506169552E-01 -1.5744445272692920E-01  1.5486439563523753E-03 -2.8930538347758859E-02 -8.6994813438378407E-02  2.7939323610256025E-02
  1.7997409928482208E-01  4.8357809256455428E-02 -1.1859291392782585E+00  4.4927858944874083E-02 -2.4783817144481859E-01 -2.1591613490762752E-02
  3.6103445471710094E+00  4.0253991650852507E-02  4.6226652504137052E-02 -3.5500888171740831E-02  3.9580197887532080E-02  1.1945249023247322E-01
  4.0701643012774465E-02  7.8496633010575578E-02  5.5660315537407537E-03  1.7379677730283366E-01 -4.8921977270515371E-01 -6.5276506003817777E-02
  1.4778973161570627E-01 -3.0242491454683806E-01 -3.2286254536110576E-01  1.9911089717769728E-01 -3.8730622422508360E-01 -1.3895109308043604E-01
  8.3714648985574380E-01  1.1508830376375519E-01  3.3775040592402206E-01 -3.8975669486224124E-01  1.4711143080063954E-01  4.4116251579576105E-02
 -7.5928115740647201E-02  4.6334368973942356E-03 -2.4205314042287640E-01 -1.3803083034864438E+00  1.2328612491744537E+00 -9.4245548407145691E-02
 -6.8014208408090096E-02  1.0891138788311303E-01  3.9077184975743634E-01  1.9206954220143500E+00 -1.6708873759401752E+00 -2.4349912324729855E-02
  5.6875630721512938E-01 -1.2744351049006819E-01 -6.2795697853194909E-01 -7.8866350780051808E-01 -1.5438317919805775E-01  1.2601047682914410E-01
 -8.4642152686793704E-02  3.1292456474394693E-02 -6.3906121317407683E-01 -2.1712035529621473E-01  1.7831828635578839E+00  3.6127504499999924E-01
  1.6641287050640324E-01 -4.3117598588972256E-01 -1.4037888368826659E-01  7.3275503033977896E-02 -1.8473628421943572E-01  1.1340226883167541E-02
 -1.6254965735365617E-01 -2.6524994192748869E-01  2.1991584465358378E-02  1.0473504726375769E-01  7.6208938525353820E-02  5.2890341077900460E-01
 -1.1229260729952714E-01 -6.8691636889559293E-01 -2.6858593003412129E-01 -3.1130589560665001E-01 -5.7887809210841870E-02  3.5066406954563223E-01
  8.9521172459884590E-01  1.1948304518560647E-01 -5.0976658936353711E-02  9.5351627441615603E-03  9.9287211531647668E-01 -9.6015130153877137E-02
  3.2990400602269265E-01  5.6560693794649830E-01 -2.9413341968021639E-01  1.8084590746545154E-01  5.2320988698465887E-01  3.8498347369692078E-03
  2.2394739565025086E-02 -7.7556535259397963E-01  2.3022885242354638E-01 -3.2290266388387745E-01 -2.3361182931154816E+00 -2.1411641292080157E-02
 -2.4068614523760801E-02 -9.1313810415066435E-02 -7.8152943758005196E-03 -5.5626206786291994E-02  1.3633836918147697E-02 -2.8909201176954675E-03
  3.7106812208534505E-03  1.1896613311226516E-01 -7.0835134480456363E-02 -1.4303716208032058E-01 -3.5170640579640602E-02  1.1952618520363917E-01
 -2.1336698406744720E-01 -5.9107770248709490E-01  6.4260306644676754E-03  1.1833314437111227E-02  1.0868566342530707E-02 -7.3729854154823773E-04
  2.0826427830804139E-02 -2.0820389088879291E-02 -6.4666932289142262E-02 -4.2099021741085183E+00  8.2876593959741685E-01 -4.5600180376264121E-02
 -9.2941494373295103E-02 -9.6963999571033355E-03  2.5719530579710617E-02  1.1387334625514354E+01 -1.1779970940332096E+00  1.2312060564182761E-01
  1.3152745529665671E-01  2.7226141121830322E-02 -3.2191114738867660E-01 -1.0488649153333229E-01 -1.5506452085590516E-01 -2.7438032115936203E-02
  6.8371642211712672E-02 -9.1690021770191088E-02 -4.0270563427760875E-01  6.1516495641667635E-01 -1.6685449030425353E-01  2.2852180729232205E-01
 -8.1332985543255951E-02  2.3984451351870639E+00  8.7118200508201488E-03 -3.7987374291076112E-02 -6.5878288000936064E-02  2.8962055979026017E-02
  3.8345401081748193E-02  3.0026952246959067E-02  5.9690157070599978E-02  4.9344443024484964E-03  1.4382184991636822E-02 -5.4592219202287733E-02
 -2.1116340740065813E+00 -5.8128282903395730E-02  1.4848449908279224E-01  2.4258638512268715E-01  5.3999828364039955E+00 -1.8834104954865299E-02
 -3.3050327846042094E-01  1.6711597398434214E-01 -1.1720745724961870E-01  5.9461035541067346E-02  6.7443228086280638E-01 -1.3898554671690361E-01
  1.2378230346128063E+00  3.8156417964374648E-02  2.7140546081612447E-02  4.0038740184752016E-03  5.7420238629368375E-02 -4.6968280381418995E-02
  6.0532847163117784E-02 -6.8196367103513138E-03  2.1999334524391144E-02
