SURFGEN.GLOBAL Hd COEFFICIENTS FILE V:2.8.8
high order tester                                                                                                                                                                                                                                              
ORDER
    2
COEFFICIENTS
ORDER     0 BLOCK     1
  1.2902792768861673E-01
ORDER     0 BLOCK     4
  2.3902352245507130E-01
ORDER     0 BLOCK     5
  8.5181420700089411E-02
ORDER     0 BLOCK     8
 -4.7895609375305814E-01
ORDER     0 BLOCK    10
 -1.8620471699225673E-02
ORDER     1 BLOCK     1
 -7.6138833324933641E-01 -8.7319529952055919E-01  8.6094721636223615E-01 -3.2125662293331030E+00  2.2977553064665108E+00  1.5680748026225317E+00
 -3.4727953731558445E+00  7.6254318982573679E+00  5.7141315642338453E-01  7.9657231057728439E-01 -7.5853412829283123E-02 -9.3921739346385247E-01
 -1.6117025030148277E-01 -1.9447596348322377E-01  1.5755851560194389E-01 -1.3817553459257406E-01  3.5091569800316740E-02  1.6844359474150575E-01
  2.1931351228138128E-02 -6.2415540887234078E-01 -4.6736128338976501E-01  8.8925327815344324E-01 -3.3480907622644271E+00
ORDER     1 BLOCK     2
  1.6210954140758005E-01  7.5670784269431246E-03  3.4462768266955035E-01  9.7306635445624401E-01
ORDER     1 BLOCK     3
 -2.8670929976324224E+00  8.3896689886041154E-01  4.8997327013068359E+00 -2.0891119750588838E+00 -1.3090528974178969E-01 -6.2950551164971627E-02
 -7.8565979263289537E-02 -2.8399778969668255E+00  3.1184620749812347E-01 -1.7582342855401686E-01 -3.9923876546432169E-01  1.4185556940816990E+00
  1.6932183231391673E-01
ORDER     1 BLOCK     4
 -2.6239829397999803E-01  3.9123763440389492E-01  1.0861023364968039E+00 -4.1356447213786982E+00  1.0908901088273895E+00 -1.9137232117090606E+00
 -2.9182632765485197E+00  3.6565912314769466E+00  9.1844057725936756E-01 -1.1976395294522656E-01 -1.3676025874845096E-01 -1.0176409180249342E+00
 -4.4767729219693980E-01 -2.6485140162063142E-01  1.2055912929936531E-01 -1.4264526219831475E-01  2.1913291017731756E-01 -2.7330018213307244E-01
  2.7236963299961692E-01 -6.1271324850047959E-01  1.1822727319048369E+00 -1.0760440359275232E+00  1.4392607460166575E+00
ORDER     1 BLOCK     5
  7.7449270503486789E-01 -9.7683122806609268E-01  6.8931716686042011E-01 -1.2218208939132493E+00 -2.2596612605492385E+00  2.8028999234574350E+00
 -1.3449564278028432E+00  1.1536078488631698E+00  1.7212543460418568E+00 -7.6389368330554142E-01  9.3581232397085837E-02  5.8316168015655101E-01
  4.8775518334829809E-01  9.9936188272475343E-02 -3.0665698785216750E-01  1.1536525412179752E-01  1.5898228422651209E-01  2.1722332351681384E-01
 -7.5406984708349424E-03 -9.7402181064765703E-01  3.9632496727205430E-01 -3.0444299291934804E+00 -1.9037367908261160E-01
ORDER     1 BLOCK     6
 -1.3518375644699649E+00
ORDER     1 BLOCK     7
  7.6140627208446859E-02 -9.3413774032839562E-03 -2.5997098999895862E-01  2.8324106019912321E-01
ORDER     1 BLOCK     8
 -2.1945629561945439E+00 -8.9044120553589434E-01  1.8027192300173825E-01  2.2558432978112180E+00  7.4591035975900963E+00  5.5328180121511412E+00
 -3.8458596572315686E+00 -3.4839580851713499E+00 -1.0966816503942942E+00 -8.3832446213904688E-01 -5.0557904044051527E-02  4.3353852424032702E-01
 -3.5136969832510695E-01  8.3937894493358045E-01  4.5503864330647914E-01  4.6096562677301378E-01  5.2012434815448642E-02 -1.1471436032831556E-01
  1.6287810018883828E-01  1.2254826790869959E+00 -4.5141568668250864E-01 -2.1188401488790851E+00 -5.3448467968693070E-02
ORDER     1 BLOCK     9
 -1.4465526293278765E+00  8.1173945952436943E-01  3.5782630840000311E+00 -2.1316952390721533E+00 -9.3453592285768894E-01 -9.4911746821093990E-02
  7.9700841295363511E-01  6.9447445353278114E-01  1.6148295188657680E-01 -4.1935167498361076E-01 -3.6915084890743027E-01  7.9418333640354977E-01
 -1.3073526394458530E+00
ORDER     1 BLOCK    10
 -4.4285705270920539E-01 -2.3064680854319453E+00 -9.8945129671734211E-01 -1.2560250190851957E-01  3.7942807129288780E-01  4.1214747311450015E+00
  4.4006952531834562E+00 -1.6750768196623911E-01 -1.6951751867933489E+00  1.3089959752927542E+00  1.0331861572612151E-01  6.0297506193774379E-02
  7.7995716250300007E-01 -3.0965732064865059E-01 -1.5346817433608417E-01 -5.7890633644418321E-02  6.5603751950945713E-02 -9.5535711804679083E-02
 -6.8091243543320537E-02 -1.7823910582938648E-01  4.7105469395534827E-01  2.8309196532673497E-01 -6.3551534839229196E-01
ORDER     2 BLOCK     1
 -2.1075520550402516E+00  1.4102351121181504E+00 -1.1735897212566373E+00  1.3623999722070135E+00  1.4993472663118179E-01 -2.0415003781802414E+00
  1.6812663347246629E-01  1.6176463537228782E+00 -7.3352057447668040E-02 -1.4384920416853464E+00  4.1099279361689089E-01  6.0730937311546684E-01
 -2.5385814718115181E+00  1.2228815993717796E+00 -1.6070106228439482E+00 -1.1802308932677141E-01  1.8985139092580645E+00  2.8588681136900980E+00
  2.8415136747462375E+00  1.9779788602656454E+00 -7.7694112488913192E-01  2.1407919967952278E-02 -8.7941970031186312E-01  2.4839674454647076E-02
 -7.1232216404125692E-02  2.4033971546562993E+00  1.2179902287643203E+00  6.5686309481430272E-01  2.6774683980262814E-01 -1.7001279859572189E+00
 -3.5220291257694725E+00 -3.3291272043747862E+00 -2.7426401965840612E+00  2.4500637011867967E+00 -7.7410408711752376E-01 -5.7123646670678085E-01
 -1.0331400526481911E+00 -4.4725728377326917E+00  1.3798629026045026E+00  1.7548588841547696E+00 -1.8780848583395644E+00 -2.5786162813999353E-01
 -6.0973599587604149E-02  2.6242615679030407E-01  2.4605491844603735E+00  7.4473855955598245E-01 -1.0699384728227262E-01 -6.7641933271375865E-01
  3.9119709466566066E-01  4.9133146817837736E-01  1.9292825682391410E-01  1.5520707562483579E-01  1.2196309719187970E-01  3.5907457662983544E-01
 -2.4603191492849008E-01 -8.4519561643549745E-01 -8.2166196849802128E-02  3.6153927032554316E-02  3.9010718826914037E-01 -2.6625839393843798E-01
  2.1514645555079251E-01 -3.3052419902732560E-01  6.9058053466623970E-01 -3.7627707932327914E-01  1.5534402383296859E-02  7.6207615573471221E-01
 -8.9977195676640720E-01  3.1482953817031506E-01  7.6854978072655497E-02 -6.3226268433602989E-02  1.6051369680421201E-01 -1.1850324465239441E+00
  1.3179066331368430E+00 -2.1480316570954316E-01 -8.1212250119056556E-02  8.0978370996426630E-02 -2.2707731978218743E-01  5.8652495934999743E-02
 -3.4651812843038987E-01 -1.0271788396415953E-01  1.2951273802735144E-01 -8.8447091663772279E-02  1.5113792471280831E+00  5.5106164632389258E-03
 -2.2795560758229549E+00 -6.5522434231772675E-02 -9.6520621040097516E-03  9.5776653614647794E-02 -2.7294789231806338E-02  4.0668319310825946E-03
 -9.9298809727337451E-05 -1.3002528345628468E+00  3.7681146979680794E-02  2.4584208115613109E+00  1.3638543496477844E+00 -2.5136580933803117E-02
 -1.8449847801954242E+00  1.3229342113644822E+00  1.7158084784933154E-02  4.6561713091436685E+00 -1.4421930585117229E+00 -1.3259625227674329E-01
  3.7444207292360199E-01 -5.9355959839255741E+00  1.5303861593335708E+00  3.0122809220682312E-01 -7.9760972980390543E-01  4.8172073162934403E-01
 -8.0313948175043848E-01 -1.5736177049441058E-01  6.1805301217662989E-01 -6.5050714744141347E-01  1.2159224834582605E+00  1.5193661543930288E+00
 -7.5824870900028751E-01  1.0961696199691067E+00 -1.4154099696401743E+00  1.6956441380212242E+00 -2.9507050829098334E+00 -3.1719749636388501E+00
  1.3705232011518267E+00 -8.7822070695592436E-01  1.3202946924207715E+00 -2.9212666047003732E-01  7.7080479859357776E-01 -1.8992443357202995E-01
 -2.2423330542443606E-01  1.1602585730700780E-01  4.1106211229777104E-02  1.4774409781250702E-01  4.3949661538495671E-01  1.3355175001411088E-01
 -6.4252196635437964E-01  4.1632109972164111E-01  4.9794074235704172E-01 -1.7155986969334355E-01  1.0640711521578057E+00  1.8747621000360319E+00
 -6.5103872786517281E-01  3.0301563822819930E-02  3.7206015254700048E-01  3.7948751019932073E-02  2.5020829991957999E-01 -5.3765857047192789E-01
 -1.0284350170070775E+00 -1.2765421239453316E+00  5.3286366614463676E-01 -3.3161824339958490E-01  9.6910958601725639E-01 -2.6126121350947606E-01
  3.8825584179487233E-01  1.5724944865557418E+00 -8.6065791594191143E-01  5.5319152508536518E-01 -1.6695062305842563E+00  3.0641397901790363E-01
 -4.9387248950855561E-01 -3.3779683843469210E-01  7.7830532314903347E-02  2.5851416044269482E-01  9.4777473205156296E-02 -3.2644118411080814E-01
  3.0126541773173993E-01  1.1390343721395284E+00  6.6193139472099538E-01 -5.4138448827437213E-01  4.4334836864026068E-02  5.5724872091065480E-01
 -2.8672305331778719E-01  2.1707164456480432E-01 -1.5530207511969607E+00  7.3230458440111348E-02 -1.9228059151556148E-02 -7.7021886347910096E-01
  4.1719101435511607E-01 -3.0219743996273968E-01  3.9147329255087961E+00 -7.3642688664398895E-02 -7.5011883461502610E-03 -8.1247729570461877E-02
  4.2159207960701739E-03  4.4330450198909840E-02 -1.9023870128476672E-02 -7.6990605838431869E-02 -5.0185927666577250E-02 -9.3348663904745471E-02
  1.0612699966299474E-02  2.2482833605272837E-01  4.4680624914141376E-02  1.1012027798092716E-01 -2.3625724102317891E-02 -8.6525524699517298E-02
 -1.4588581950878651E-01 -5.0209858490955904E-02  3.2528662975956846E-01  1.4952615569225491E-01  2.3329142461531302E-01  5.1196078918069043E-02
 -1.0309747581690411E-01  2.1795020743853147E-02  3.0766192673756659E-02  8.1101277554852576E-03 -1.0682572797123743E-02 -2.3651605144669810E-02
 -1.9320386624617901E-02 -1.8363113297007762E-03  5.7302896086447947E-03 -7.4009147314842827E-01 -9.0310965668025323E-02 -2.2801970600281063E-01
 -1.2222322709755153E-01  1.0535472398309502E+00 -1.2736601120505911E-01  3.1840778593923558E-01  6.0034843786990222E-01 -3.0347718822364589E-02
  1.1068844499805661E+00 -3.5332773543761110E-02 -4.7800498155033744E-01  2.4327667713243781E-01  2.1338228158201078E-01 -1.6650626077543676E-01
 -2.1940851699299174E-01 -1.2135966275898104E-02  2.1863443273832861E-01  3.7749306707532065E-01 -4.8636759337523178E-01  1.1810054059658756E-01
  4.2196790424777370E-01 -2.2112578234498381E-01  2.7468048543130075E-01 -5.4293408741503191E-01  6.6627209372378693E-01 -1.5824225409299855E-01
 -6.6375225929616177E-01  3.1688105543059514E-01 -5.7405347527948569E-01  1.5138013455917492E+00 -1.2330068339843157E-01  4.7873085101102747E-02
 -5.5457748450751243E-02  6.9479199969450456E-02 -9.7735720761921940E-02 -2.7617973087231179E-01 -5.7975453925571552E-01 -9.9249483844793249E-02
 -2.2669809621608018E-02  7.8771988714608901E-02  3.2175930862989047E-02  3.4574809023707680E-02 -2.0453318680445898E-01 -1.4160264248871693E-02
  1.1639832784783271E+00 -5.4641900144887612E-01  7.6849135787892223E-02 -4.3335536376030603E-01 -1.3278595695164366E+00  3.2730377573899683E-01
 -7.5110998489969841E-02 -4.0016962321434155E+00 -1.6481317248869726E-02  2.5153578236330787E-01 -8.4398250101747133E-02 -2.4401084688437832E-01
  5.1086991395858095E-01 -4.1612435693709526E-01  3.7299681033859577E-01 -4.5060293183818670E-02  5.3893102484038835E-01 -1.3914100677016206E-01
  4.3355975806512528E-02 -6.8453523237018227E-02  1.2329837914594856E-01 -1.6688795516362612E-01  9.2371185019695567E-01  8.1975578608273099E-03
  6.2828362214255126E-02  6.5007482321050247E-02 -8.6858585567533425E-02  2.7355225969201019E-01 -3.0157592689856734E+00 -1.3258392464845697E-02
 -6.4132638061763059E-02  3.5999680652939348E-02 -5.2531575529464941E-02 -1.9579728915376387E-02  2.4335431021624242E-02 -1.4083120198818102E-02
  9.4493519989721827E-03  1.2027102604531853E-01 -1.9907594218067892E-01 -1.9174990176992690E-01 -2.8148762188645531E-02 -4.3786865972495675E-02
  7.3966516542268226E-02  7.4212750651276804E-01 -3.5458563604358864E-03 -5.0926468690978607E-03 -1.2837393376339307E-01 -1.1465226296112734E-01
  1.3630958847357152E-01  2.7741807561103820E-02  3.6991203806805056E-01 -3.8218552352095219E+00 -6.2838275148016209E-01 -1.5855360914813810E-01
 -1.5145242315059676E-01 -1.3803710486696458E-01 -4.0601674269902555E-01  1.0132543647201466E+01  9.0385394188184365E-01  2.9592027881732930E-01
  1.8995196046362497E-01  1.8004401814821838E-01 -5.6397228845283587E-01  9.4708267410169480E-02 -1.1863620553815772E-01 -8.0635536575564756E-02
  3.6380848075693938E-02 -6.0151618110733052E-02  1.7759769841911671E-01 -6.5986708206726252E-02 -7.0349470631415681E-02 -1.2355749913109820E-01
  1.9639315800808582E-01 -1.6948492123029779E+00 -1.9864114838127767E-02  3.0045564406723253E-02 -1.0360449420141308E-02 -2.5206652888833843E-03
 -9.4735565051946025E-03 -1.2767816960314557E-02 -1.3971225290016953E-02  6.9445524698026461E-03  6.0296396015899114E-03  5.0088269982719280E-01
  3.4276627483548410E+00  1.5298896533391865E-01 -1.8872315114573107E-01 -7.5264364796240035E-01 -9.4303101664273790E+00 -1.7512263248996413E-01
  1.9901379666102537E-01 -7.1343348305108007E-03 -4.6849704554210461E-02  1.8035352066792496E-02 -1.2512629760825827E-01  2.2056603153313051E-01
  6.3725452037210060E+00  4.3363236999581611E-02  4.0647816756942456E-02 -6.0866177635816475E-03  3.0377716593394211E-02 -5.2315369039522920E-02
 -2.2457661335511764E-02  1.1993300373585605E-02  7.7354045044752667E-03
ORDER     2 BLOCK     2
  1.6890308370318623E+00 -2.3150330426368857E+00 -2.0937836181384939E+00 -4.0248087959829354E-01 -3.2399972303967286E+00  4.2476305829748364E+00
  1.6557181578639246E+00  1.1232513831195973E-01  3.1076665083677368E-01  2.7165849778912793E-01  7.5926680405304747E-01 -5.2574802851775307E-02
  3.3450600926991460E-02 -3.5280865215454255E-03 -2.5467532597941211E-02  6.4700671276336177E-02 -4.1513612066292352E-02  1.4544198508920241E-03
  3.3241702788263224E-02  1.8269775939012051E-02 -1.6170299748865867E-03 -6.0362498140076170E-03 -2.4873584649993119E-02 -1.5142779247795910E+00
 -1.2066661601410400E+00 -2.8224526237951477E+00 -2.9144919996351532E-01  1.6424210619746584E+00  1.4720208763422302E+00  3.3466160852134501E+00
 -8.9555814491962860E-01 -1.3634159450074437E+00 -9.9429876450114141E-02 -2.9035917087321099E+00 -2.6727714878712976E+00 -1.2158099191182268E+00
 -2.2521772018106870E-01 -4.6324057566242405E-01  5.3913764197861658E-01  3.0609659958810136E+00  3.0268525901670484E+00  3.1469243642052507E+00
  2.3850113169979023E-01  7.6578573227217089E-02 -4.6292210086870800E-01  1.1796813634435783E+00  1.7381473927169173E+00  2.5155622853296620E-02
  2.9159518999724804E-01 -1.5411288791866171E-01  1.1291112997079100E-01  2.4772533171207569E+00 -1.9599827612301154E-02  9.4999529100928082E-01
  6.6278840490219559E-01 -2.2823443016749629E+00  6.8924730586940638E-02  2.8050331658525653E+00 -1.8673799584579509E-01 -1.3800360636744968E+00
 -3.9207025083742719E-01  9.8516826973590720E-03 -8.3572826155565982E-01  1.0922215360590359E+00 -3.3895375582344733E-01 -2.0329286917645248E-03
  2.2089159840304382E-01 -8.2219510590080414E-01  1.3939856480878177E+00 -5.0528686447661668E-02  2.2183063314896818E-03 -2.5885249689476402E-02
  1.6957532233532580E-02 -7.7536878392473307E-02 -1.7190426436862045E-02  1.1684671026531857E-03 -1.1036861253930552E-02  1.5116591339513078E-02
 -3.6593568831202844E-01 -1.6647782895022275E-02 -7.6906319827581771E-01 -6.8448321973731741E-02 -8.5167349692460176E-02  2.1411671397171868E-02
  4.3763231235363309E-01 -1.0911464315885999E+00 -6.3923146931782593E-01 -4.1474229132700474E-01 -4.7164912081889224E-03 -6.7718940155651441E-01
  5.8791583518666013E-01  2.0601523986810210E-02  2.3754171065681356E-04  5.1199523285319341E-02 -1.3964349387826305E-01 -8.1681697871063302E-02
 -6.5775535963760304E-02 -6.8429248679096385E-03  1.5412957594217508E-01 -3.6283919516128793E-01  4.1744400959241906E-01 -2.1260514777004080E-01
  5.7641280750140829E-03 -7.0161902693307709E-01  2.9123412992424902E-01
ORDER     2 BLOCK     3
 -1.5120549678777404E+00 -3.3030063366929072E+00  8.1496280400518040E-01  2.0690928168132516E+00 -8.2454929700751134E-02 -9.7036533862822272E-01
 -5.0487846840009105E+00 -5.7223003777782493E+00 -7.3844828519638167E-02  1.4246930429590001E+00  2.8294677832907458E+00 -4.7129754935455204E-01
  2.7602405899371334E+00  5.4835673559108224E+00  1.8021175613955802E+00  2.0259231250101206E+00  1.1519991339058582E+00  3.0911430450915384E-01
 -2.3111250996826977E+00  4.5993043393712867E+00 -2.2238910346206109E-01  1.0010927470346290E-01  4.4225764044618492E+00 -2.1640623456434369E+00
  3.0813970337292615E+00 -1.2473012885561030E+01  6.5594986258580041E+00  6.5074192101978188E+00 -6.0820868055170161E+00 -5.2004882076424686E+00
 -9.2692071120026565E-01  2.3390543854868162E-01  1.7040016680021350E+00 -2.8280002588002222E-02 -2.4091106153367070E+00  1.9743320406853839E+00
  1.8449505177323160E+00  1.9980734901768915E-01 -9.1376790849721046E-01 -9.4605969226911363E-02  3.7024335060702529E+00 -3.5018355320871701E+00
 -2.2568356999175245E+00 -6.0188608667195442E-01  1.0537807091142388E+00 -6.0303031139294899E-03  7.0147162117922568E-01  9.3517391723973176E-01
  3.1870416292008841E-01  1.6305430466670106E+00 -9.2063629378924827E-01 -1.4395183084194102E-02 -1.0165010314286667E-01 -1.0057639828608453E+00
 -4.9530315674088304E-01 -2.5769705938295635E+00  1.1780000352794104E+00  8.5543180915737867E-03  1.2755250027796569E-01  1.5830319498387950E+00
  3.3427458276624716E-01 -2.2033743188053773E-01 -2.9723631915707233E-01  1.6608167315884872E-01 -3.4020122298355653E-02  1.1479390999341057E+00
  6.0658439360676024E-03  9.6374217353828673E-02 -2.4035326018082642E-01 -1.5465581387146097E+00  1.4504431546222971E-01 -1.8453880211603135E-01
  1.0023062875642474E+00  8.1199590600155316E-02  2.5455862880972691E-01  1.0774548173455576E+00 -1.6846158454996405E-02 -1.9337339660770618E+00
  1.0671264536322702E+00 -2.1324008311721778E+00 -1.6481533316476940E-01  2.9525704746028603E+00  3.1616324955893299E-01 -3.2594600224085019E-01
 -1.0430920713106959E-01 -7.3017633650684130E-02  9.5491909316402845E-01  5.2592801007706247E-01  5.5360728613841870E+00  2.8201940624438815E+00
  1.7698012703248656E-01  2.0476827280222204E-01 -9.3604299163419391E-01 -3.6956216368152822E-01 -5.7531261427139597E+00 -2.7481051824026017E+00
 -5.9192324814591357E-01 -1.3726988739193409E+00 -1.6406707824273199E+00  1.6457309868192613E+00 -1.7447695864863368E+00 -1.0098719628414866E-01
 -3.3372549586618006E-02  2.9338906337311624E-02  6.6924667626916190E-01 -7.7243284315032013E-01 -1.1467991895493199E+00 -1.0402057720473686E-01
  1.8914087001305950E+00 -1.4377961616956950E-01  1.4153976546272820E-01 -5.2547302330483936E-01 -2.5103866287297565E-03  3.1335530635096647E+00
 -2.8910861926624594E+00 -2.3385716981855831E-01  9.9397352030335706E-01 -4.8359540239440840E-01 -1.1538028120248357E-01 -1.6758319565279882E+00
  5.7263509825868439E+00  3.8243634464072196E-01 -1.7398447001763691E+00  4.7133047711229226E-01  1.1642296822200431E-01  2.6858498113269778E+00
  5.8516094672760609E-02 -3.9894183221898588E-01 -1.4878723958169757E-01  4.3408502509908430E-02 -1.9064923105133794E-01 -1.9881633622896069E-01
 -4.6419234565259376E-01  9.3813793969745751E-01 -4.6786076254774861E-01  2.1033504276570150E-01  1.8819489661231270E-01  9.3664819642056407E-01
 -6.1021816765913306E-01  4.1030103181214255E+00  2.4033223841259835E-02  6.5817661486441900E-02 -1.7964880463007651E-01 -1.2924131189198345E+00
  8.6765891950891350E-01 -1.1150678462740766E+01 -2.2034190244924659E-02 -2.6172727657239381E-02 -1.1630800156398020E-02  1.0314710810940193E-01
 -1.0982851490598236E-01 -7.6745445076649890E-02  5.3356185053959886E-02 -1.1597551298935230E-02 -1.5160139997009892E-01  4.1698662204046819E-02
  1.6139737621340890E-02 -8.8478423353181249E-02  1.1834307280430362E-02  1.6223166179280427E-01 -9.7062181397229064E-01 -6.2293618812294185E-02
  1.4143630061442607E+00  9.3103446579957644E-02  4.9106475880875779E-02  6.2946407842409055E-02  5.0661896299934200E-02 -5.5754776482303717E-02
 -1.7337970630603192E-01  1.1146306146598303E-02 -1.0802048876234762E+00 -1.5664029832714192E+00  1.6242656752671973E+00  2.5343483756431002E+00
  1.2527258950718001E-01  2.6836477794812391E-01  5.7410797933018683E-02  6.9614604417709591E-01  1.1657312429153627E-01  2.9919317582061098E-02
 -2.5013384760282591E+00 -1.9162737538154458E-02 -8.6877492069878248E-01  2.0283406628645433E+00  1.3247578978247579E-01  4.8848616104038793E+00
 -2.3615527900080444E+00  5.5455284785579748E-02  1.1172535018443306E+00 -3.1935265974062532E+00 -1.4137653185094842E-01 -8.2163474284475555E+00
  7.9866700478855068E-01  4.9054063078464566E-01 -2.9664849861920833E-01 -9.3612996838995655E-02 -3.1483070864892916E-02 -5.5710269379784301E-02
 -2.6558447532328311E-01 -3.0577471060683430E+00  1.9818064931156995E-01 -3.6518412992905619E-01 -3.5640022568892954E-01  2.4896591919757083E-01
  4.1439982485539462E-01 -3.3659071815620951E-02  7.5374063400242741E-01 -5.7985318494625511E-04 -6.9080512222017276E-02 -3.9543737885361485E-01
  1.0844501375551782E-01  1.6327461029683688E-01  1.4433204540177816E-01 -3.5606204902320505E-02  2.4690459253974026E-01 -1.4245846111720466E+00
 -1.0648039814200705E-02  1.2045500842823310E-02  4.4604589413679091E-01 -2.3175124930611574E-01  8.2377445240695540E-02 -4.9628774055030256E-01
  6.1049042278012167E-01 -1.8303514245151701E-02  8.3862732805537951E-02  3.2812231271252801E-01 -7.4852285482072983E-02  7.1140390869507575E-01
 -2.2775730970656318E+00  5.4908337187721109E-03 -1.0393138439776560E-01 -4.3040389660863293E-02 -4.3975112635765652E-02 -6.6039540988671250E-02
  1.4300702303853632E-02 -4.2971313331848582E-03  1.3003871962523443E-02  1.3680135178428512E-01  2.5745770438057956E-02  5.2485436784089181E-03
 -6.0953306007285275E-02  3.2181692171984124E-04  7.0988061411295669E-02 -2.7762765012516044E+00 -5.9890394488692697E-03 -1.7599957074622191E-03
  2.3473460367950328E-02 -4.6914803044341133E-02 -6.1784807451702208E-02 -6.9162571765502587E-04 -3.9227303084570242E-01  1.5815648492001955E-01
  5.0034787756690469E-01  8.3898994782852301E-02 -4.6090116163937478E-01 -5.7148937065662808E-01  5.8808064922794390E-01 -1.2395942864592691E-01
 -7.0008020719037534E-01 -1.0134287837664649E-01  5.3329017650050625E-01  7.5063101693603573E-01 -2.4656156000074245E-01  1.6194252092226033E-01
 -6.8568941138086774E-03  1.2968608627590808E-01 -1.9212485534510362E-01  1.3750918864314646E-01  5.7666018862726279E-02 -2.0925139330207851E-01
  8.0330014014470807E-01  5.5120865639007900E-02 -8.0886805302092080E-02 -1.0939156710081832E-01  5.5562553732810188E-02 -7.4626994802527546E-02
  9.1282235698880970E-02  5.5618094475483874E-02  2.3716630080057149E-01 -1.9760710339349449E-01 -6.4409835944963148E-02  1.4415881852187729E-02
  1.4022143415666984E-02  3.5992719669735540E-01 -1.6627163166749512E-01 -5.3648818540957210E-01  1.1419365458697800E-01 -1.5048101578758091E-02
 -5.6544664354734042E-02 -8.1091459748719008E-02 -1.3084732759825130E-02  1.2029818214474139E-01 -6.1594728678302395E-02  2.7191403284949782E-02
 -6.1031734350510194E-04  4.3986687629087272E-02
ORDER     2 BLOCK     4
 -1.0491162681264223E+00 -3.3858561056211922E-01  3.5865912792144200E-01  1.8495144345361088E+00 -3.2697296251055130E-01 -1.2788726287748231E+00
  1.2404197996878068E+00  2.3408831225226642E-01  1.5493331950148090E+00 -2.0380556426849732E+00  1.3326858012055787E+00 -6.1048024171382753E-01
 -6.6671852573575197E-01  6.8113421128385354E-01  2.6692845834206141E-01  1.2322132005277293E+00 -9.4953366370800674E-01  1.9099307999154402E+00
  2.9996679263990980E+00 -6.8818050481745585E-01 -9.5607250644815212E-01 -1.6266056080173035E+00 -1.9765594210680768E+00 -9.4693715718346638E-01
 -5.2738720863643807E-01  1.7716144019877011E+00 -1.6336044619275822E+00  3.7686132460586053E-02 -8.0875772818066549E-01 -5.0020098604458485E-01
  1.6826437285887599E+00 -2.6191750840899650E+00  2.5623020152978553E+00  1.3430072087644322E+00 -1.9090850330436013E+00  1.5264183490880648E-01
 -6.5126880865592551E-01 -1.1582800758838683E+00  2.8061883374076180E+00  7.1995177927038634E-01 -2.4346195115919345E-01  1.8627898629267037E+00
 -8.5787281948412697E-01  1.2336227375107576E+00  1.8916138607376197E-02 -3.0286170529521210E+00  7.9349454981785683E-01 -1.8095801935979556E+00
  2.6123598790874802E-01 -1.0329159856586971E+00  7.8380532857243146E-01  6.8785454250545464E-01  3.0536223622585801E-01  1.6571681946104215E+00
  3.6877903309280458E-01  1.9649605085240673E+00 -1.0957368210602854E+00 -8.7167717551720014E-01  5.1208046706349419E-01 -1.8437676163677963E+00
 -2.7053879177505241E-01  2.1698616440687427E-01  1.4279041629376623E+00  3.2559787618048819E-01  1.7365299131975849E+00  1.5429320857204407E-01
 -3.4392725176198335E-01  3.4856160161781502E-01  8.3131964282945170E-02 -1.9711879036941932E-01 -7.8930130471366086E-02 -9.2672213807257195E-02
  5.3162576102939429E-01 -5.2202010856034653E-01 -6.0463079417708392E-02  2.4783506825961615E-01  2.7788316492442074E-02  2.4285286680411394E-01
 -5.3125391985166126E-01  4.1696355145114022E-01  8.7532043827706754E-02  1.2957117146398048E-01  4.1158369132082373E-01 -5.0360904977787009E-02
 -5.6816222053811394E-01 -4.4424809863632182E-02 -3.4856390626922867E-01 -2.1725435960911610E-01 -6.9500332126115644E-02 -9.2829179749030644E-03
  4.5037943124296554E-04 -9.1838891278683954E-01  2.0355730755640136E-02 -1.5695371057445353E+00  6.7787622471154019E-01 -6.8279371655661993E-04
  1.8128733784139743E+00  3.7619375037531833E+00  4.8313160438544545E+00  8.8607119357172426E+00 -3.1096345715812723E+00  4.1987386267254939E-01
  5.8219103303633646E-01 -1.2559436236608432E+01  1.9334205649182303E+00 -4.5249145223860338E-01 -7.4532654519184860E-01  1.4155005943392773E+00
 -2.5660443011440126E+00 -1.7561175127264225E-01 -1.1802044849124713E-01  7.6739474447952472E-01 -4.5593469422766022E+00 -1.6515450133461549E+00
 -1.8458716999146576E+00  7.2155342587213522E-01 -3.9512642619998534E-01 -6.2000778723864625E-01  6.3854289493653900E+00  2.9621285956008525E+00
  1.9466385732467257E+00 -8.0329494780237498E-01  9.3874603834322601E-01  1.1575439829962584E+00  7.4218155883947501E-01 -3.4331516438027526E-01
 -4.2293775778324066E-01  5.5619822000588265E-02  1.8825429276976871E-01 -5.2092956440280191E-01 -3.9952921983661654E-02 -1.3428770030460619E+00
  1.1767846969774778E+00  8.8187409677476047E-01  6.0415357425764571E-01  3.3033795586723219E-01 -1.5916953721657165E+00 -2.6390329734143210E+00
 -4.2268592936337679E-01 -4.1485586422213255E-01  5.4194322090072511E-01 -6.7790055244629721E-02  1.2546149952892788E-01 -2.6655819352624639E+00
  4.1937049495253892E-01 -6.8312925914975997E-01 -4.7650720370895794E-01 -3.1244447349168397E-02 -2.7254270165855354E-01 -2.4910089987493264E-01
 -4.5473637000735723E-01  1.9632041959642494E+00  6.8757661900201961E-01 -5.3623576702761536E-02 -2.1813949726613661E-02  3.4309945969856909E-01
  6.5197193947301557E-01 -3.2952593824505667E-02 -3.5031964583006936E-01 -4.7086787004221642E-02  3.1158992948446190E-01 -1.5299905190089710E-01
  2.4373515734034815E-01  2.0641441674067340E+00  4.1014653405523782E-01 -1.0182219428842132E+00  1.1578235251157930E-01 -2.2718471256327433E-01
  3.3205790278152292E-01 -1.9540450501292075E-01  7.0691317966522238E-01 -1.2750139401839725E-02  5.5068889984730848E-02  3.7227221606660621E-01
 -4.6188461317396001E-01  2.7969893910473526E-01 -2.3769132457603184E+00  5.5748978021210958E-03 -6.5253072121513989E-02  4.4263430667915410E-02
 -6.8298779821136718E-02 -2.1444830882072198E-02  2.8224871143049130E-02 -2.4211706054534324E-02  8.8747423416224468E-04 -6.9326598835613401E-02
 -7.1195286049172871E-02 -2.5430523469627125E-02 -1.4937969140488751E-03 -1.9473184197161823E-02  1.0157751843917363E-01 -3.3014839833763000E-02
  7.2276860650827768E-01  9.7722404203579319E-02 -9.0592448428730751E-02  5.1071018678668312E-02 -9.4344537180464361E-01 -1.2084458556107742E-01
  6.3912314316748053E-01  1.1079588412458578E-01  9.9343963531661944E-02  3.0191450418540027E-02 -7.5269797243190911E-02 -7.3881514736061124E-02
  1.7925758128393252E-01 -1.0719855617596209E-03  1.2553703276323387E-02  1.0498175774366030E+00  2.7535388566640512E-01 -1.5662847791873444E-01
 -4.7822067892182274E-01 -1.3633093271365746E+00  5.9263875259559573E-01  8.4573989775684602E-02  2.9342176542939291E-01  2.2905631131631152E-01
  1.9849410882616902E+00 -1.2554227467259513E-01 -1.4797576639834729E+00 -4.9318724478091974E-01  5.5827522041475328E-02  2.3975409080159790E-01
 -6.3182077451675922E-02  8.3382717701414213E-02  3.6594724264527811E-01 -2.3494542173455395E+00  5.4715048628947316E-01 -3.1589860809184628E-01
  9.5927916304612959E-01 -2.4215221202066421E-02 -5.8262552291486758E-01  3.2602195785414456E+00 -7.4296030867980789E-01  5.4837870874541950E-01
 -1.8401612287980580E+00  2.0639742567436593E-02  1.7370569973825789E+00 -1.8348644476887843E+00 -2.3524045638153310E-04 -1.8451172618523656E-01
  1.9984126292267040E-01 -2.1538480420946585E-02 -2.9775955872522858E-01  1.1514799622917682E+00 -1.0835762841778436E+00  1.8495007391686624E-01
  1.6025338393650626E-01 -5.1226743716956546E-01 -2.2400158533242237E-01 -2.0242057753322548E-02  4.3932915856282156E-01 -1.5006036062278466E-02
  3.3096140608989688E-01 -1.0753392031767917E+00  2.1621216461126957E-01 -4.4360784844401353E+00 -5.7397112595315136E-01  1.4434550252605798E+00
 -1.0628092830018544E-01 -2.1041257748777853E+00 -3.4572032396274816E-01 -3.3049141160168466E-01 -1.8210956369188883E-01 -7.1509215384535796E-01
 -1.5990198587703313E+00 -1.2315551245880639E-01 -1.4158270852555698E-02 -5.4347518368135207E-02  1.1299676538496625E-01 -1.3465293911668433E-01
 -3.0857659293944484E-01  3.2090013722998789E-01 -1.8255463942942934E-01 -1.5058382611774346E-01  7.4595365162730215E-02 -8.2119212462102256E-02
  2.5254539517629584E-02 -4.8170831683206350E-01  3.0319805196100330E-01  2.0397368588043163E-01  1.5503978917625058E-01  7.9151981135318433E-02
 -2.5025287440982823E-02  1.8395971366657309E-02  4.7564134296450262E-04 -1.8957312538277975E-02  2.5170297388372939E-02 -1.1281995848578742E-02
 -3.0802959783972181E-03  4.8640532760572973E-02 -2.5753120978986657E-02  1.3690800057879222E-02 -4.2347526787826946E-02  2.5388044636264661E-02
 -3.2136657794588422E-03 -2.1215039671927398E+00 -8.8473369350435174E-03  1.2361474612724233E-02  1.9937322398121438E-01  2.8309865419661279E-01
 -2.5584493456523416E-01  3.2917741623862219E-02 -2.9194757549327047E-02  3.4776765013525526E+00 -1.7036571226746536E-01  3.6059427286030515E-01
 -2.6244379366761983E-01  1.9546544954202265E-02 -8.4758289574922457E-02 -9.9538961270421034E+00  2.2349588793756686E-01 -5.3070587582669060E-01
  3.7257362460072241E-01 -2.0844436317862879E-02  9.8871913721508317E-02 -5.6356144169163992E-02 -1.7463539616183862E-01  1.0082627596474880E-01
 -6.3559256975989478E-02  4.2356877728632038E-02  4.1545788524657942E-02 -4.6788543409074707E-01  8.4507893374517126E-02  7.3503346111315846E-03
 -4.8062195528827248E-02  2.4989775966260113E+00  3.5019377759801330E-02 -4.4229289799830207E-02 -4.7935928091462868E-02  1.0781669848237405E-01
  1.2477258170989555E-01 -8.5596017614896061E-02  4.1049118021033837E-02 -2.9406662833253369E-03  2.8065928655366043E-02 -4.7594234083241337E-02
 -4.1011488245165975E+00 -2.8410798700166757E-03  6.7614043074824451E-02  1.8327940075910681E-01  1.1151132177629774E+01  1.5828625441634089E-02
 -1.0238165400006317E-01  1.5668177337028028E-01 -5.1112081651318551E-02  1.9511664550238771E-03 -1.7784244255401666E-01  9.9632006029730283E-02
 -3.1027869948090334E+00  3.0715298774547876E-02 -4.2045116646566419E-02  3.6149755943933756E-02 -2.2497050217942637E-03 -9.9996528051774503E-02
 -7.1619567101704876E-02 -7.1620221163944510E-03  1.1300678875698265E-02
ORDER     2 BLOCK     5
  5.8700870256075111E-01 -2.6835211411533839E-02  5.5952189445091971E-01 -2.8084128491911056E+00 -2.1294656169061406E+00 -1.0114336846619707E+00
 -1.1833199964808931E+00  2.4420985022622044E-01 -9.1941566430766419E-01 -5.1729160673777391E-02  2.3098390329170622E+00 -8.3447839453203698E-01
  3.5753555860204102E-02  1.5565123505910544E-01  1.4510603933422217E-01 -1.5313410852416411E+00  4.0783758864881881E+00  1.3878468399228043E+00
  4.6509532950998062E-01 -5.4291830010384801E-01  1.4873410279850996E+00  1.9546846271996241E+00 -2.9921354508923677E+00  2.0472478797363003E+00
  3.1374904447343059E+00  9.3873972074290635E-01  2.6288626282716376E+00  3.1929065602963602E-02  3.6722745169594639E-01  1.4323820204858899E+00
 -6.5905211458268580E+00 -1.2892905604999294E+00 -4.6719009984752189E+00  1.6571726546242971E+00 -2.5063081320794418E+00  9.0155497377467031E-01
 -8.6207767965198537E-02 -4.1604026989619758E+00  3.2555038821182323E+00 -1.1902228374544637E+00 -4.4291222668723949E+00 -1.1597081631406154E+00
  1.4622448272279454E-01  1.0484275794042475E+00  6.2581208346713648E+00  1.2779532532174560E+00 -2.1408045615808433E-01 -1.8449096204980246E+00
 -1.5136869712023056E+00  7.1887209794430473E-01 -1.2563989411458119E+00  7.1493052184407524E-01  1.9933390702240359E+00  2.5249729519487701E-01
  1.6166771689633894E-01 -1.7939129032889960E+00  2.1852528799451316E+00 -9.8004489996847965E-01 -2.8065171047067130E+00 -1.2734436484539977E-01
 -2.2129600961712750E-01  7.7998161076283634E-01 -1.2373724997389828E+00  4.4090089027499091E-01  1.4990776000807822E+00 -1.1472649888049709E-01
 -3.9680998588044464E-01 -5.8393409405000196E-01 -5.3273373264620213E-02  5.2078873700044277E-02  1.3806557548194157E-01  3.5833179219508560E-01
  4.5203952157600413E-01  7.5176357726849985E-01  4.6528375514496907E-02 -6.9751794140812687E-02 -9.6105435513320209E-02 -4.5924833981192770E-01
  4.6954139169424058E-01 -2.0322445038072409E-01  4.6843443397027854E-02  4.6689659437893875E-02 -4.5389184377279357E-01  1.2794551850393199E-01
  5.5778809494925252E-01 -1.0374978630046973E-01 -1.9940351777599860E-01  6.2639007811492748E-03 -3.8904428843697617E-02 -8.0168080474525751E-03
 -3.2581938477018433E-04 -1.1136450292574840E+00 -1.0021485762313494E-02 -2.9176156609946604E+00  1.6213359311296454E+00 -1.8464609982241940E-02
  1.8970057924660211E+00 -1.4483039843796495E+00 -6.3644987725686097E-01 -2.8566268184922770E+00  2.3246150818986444E+00  2.7044012248615512E-01
  1.7554621869020814E-01  3.1855008408361791E+00 -2.8432786306042006E+00 -5.1232007549847292E-01 -4.1631781932394629E-01 -3.1590381147872093E-01
 -3.1293093783754466E-01  2.3157585673919237E-01 -1.1628446599442699E+00 -8.3411550723163685E+00  4.3111577183835008E+00 -3.1505333011771492E+00
  1.5658730170390631E+00  6.5136182155963129E-01  1.4618075559415726E+00  1.0049938029122560E+01 -4.3034248388774712E+00  4.6044773063317779E+00
 -1.3215398492469177E+00 -6.2850375242885015E-01 -1.1557661966405657E+00  9.0874286080320399E-01 -1.3968544372291118E+00  1.0222911670122632E+00
 -2.4292907199094824E-01  3.0706701894735283E-01 -8.5036899391204179E-02 -9.8298980000414127E-01  2.7212111689836761E-02 -5.2051743441302711E-01
  6.2203749354376925E-01 -1.6860904048558658E+00 -5.7290610376238982E-01  7.2331698043116766E-01 -8.8400379485209069E-01  3.5774761375709554E+00
  4.1489860635753328E-01 -7.4502148516567390E-01 -4.5418566724656939E-01  6.2563481677129007E-01 -1.8402200184218587E-01  1.2101057645481665E+00
  5.5700140255567791E-02  1.6910709326284836E+00 -2.1828393335297774E-01 -5.8387367232751530E-01  3.7021958272626464E-02 -3.4617083126465831E-01
  1.0850956083431734E-02 -6.6985732737794923E-01  4.6407994674128200E-01  8.4416747509152179E-01 -4.9940200806693608E-01  3.4005264227251780E-01
 -7.0073203590723565E-01  7.1921282930394237E-02 -2.5740913139321009E-01 -7.9210222976336439E-02  2.0247445185135460E-01 -1.2341646287742723E-01
 -3.1924713656748527E-01 -1.6406944589450647E+00 -3.3288706095556226E+00  3.6764906135767852E+00  6.6566947098724710E-02  2.2316340883835506E-01
 -5.8902365489052855E-01  8.3362273494725747E-02  3.0506751111794402E-02 -3.1743517456965589E-02 -3.1857575871460875E-02 -2.7981985738956339E-01
  7.1899803088642678E-01 -3.4962502850550387E-02 -3.3083365717745367E-01  3.0787959652877821E-02  2.7370893596350206E-02  1.1517074080864191E-01
 -9.7192883565616228E-02 -5.3526438049425765E-02  3.5799840950949706E-03  5.4277139833217138E-03 -1.0027252258146076E-02  1.5482829219882902E-02
 -3.6272071326841182E-02  2.5420552349498537E-02  8.0684231753781532E-02  8.4082879874982627E-02 -2.5664756526050531E-01  6.1669832342513234E-02
  1.3866285977890037E-02 -2.0855300513369032E-02 -6.5876219332341179E-01 -4.6089637021994860E-02 -1.0061877779111590E-01  2.0223179513826926E-02
  2.1835377975327273E+00 -4.0355922493553839E-02  5.7412012371642306E-02  9.4617255989518177E-03 -1.1443078212776911E-02  4.8438292056128575E-03
 -5.6245619079649249E-02  4.5819988284922779E-02  1.2186930853476207E-02 -1.5013211981901973E+00 -4.5389449210994171E-01  4.4082073282120920E-01
  1.4254522149076028E+00  2.0842174272963829E+00 -1.1829527894800036E+00 -6.9133824403912758E-01 -2.8563718505154632E+00 -3.8448776134572876E-03
 -1.1341731956154459E+00  3.6509566800030347E-03 -6.2718179196091950E-01 -1.8920648097312598E-01  7.9520892261772322E-02 -3.3795262094872036E-01
  1.7287061541976828E-01  4.7856468749215210E-02 -4.5245660662627996E-01 -4.4316221968213748E-01  9.9345345692095313E-02 -3.3768936069057265E-01
  5.6663687100282334E-01  1.1470969602835453E-01 -2.6665465802657390E-01  5.7797739755684585E-01 -1.4081670134267854E-01  5.5510381831566380E-01
 -1.3561082224121759E+00 -1.3894776030793041E-01 -1.0585995054730454E-01 -4.3360760647679947E-01  4.3338009255891846E-02 -2.7254534736940474E-04
 -2.3198793080756709E-02 -1.1961076437903688E-02  3.2019768611601962E-01 -2.6517789214739246E-01 -3.0400243738230726E-01  3.0135953132181030E-02
  1.8024268181042405E-01 -1.4697349814809293E-01 -9.8492056188180507E-02  1.2782013598466034E-02 -3.6992906217912833E-02 -3.2327282236841079E-03
  2.3761581150656368E+00  1.1982659858096241E+00 -2.6737093830844499E-01 -9.1888090000510114E-01 -3.4346356157354720E+00 -1.5142437353452269E+00
  2.1806945726516755E-01 -6.6719152107929924E-01  3.7205761613832995E-02 -6.8258091788329189E-01  5.0356587490610109E-02 -1.5812965955013142E-01
  9.7458340320482761E-01  4.6501320042234834E-01  3.6625963530195660E-01 -4.4158197230820671E-02  4.3390681791272512E-01  4.2600305124355316E-02
  9.7506792518693278E-02  1.8853440006377764E-01 -3.2117036725044651E-01  1.1757739939116846E-01  2.1125656018571983E+00 -2.1807184710834523E-02
 -2.7907468072350831E-02 -2.6131117590994318E-01  4.0619113569529208E-01 -1.8076235936094404E-01 -8.7406375302828820E+00  1.7523936021156511E-02
  2.9043328928734579E-02 -1.5313651668450832E-02  3.6084956022501301E-02  1.0321811627550191E-02  1.4895600041215217E-02 -1.7314662772436165E-02
 -3.9109914817757980E-03  5.2531447444798554E-02 -8.8236864422881339E-02 -1.3210545997248396E-02  1.4064053905141131E-03  5.2649682926085642E-02
 -1.7723833841181688E-01 -7.3709751458742157E-01 -4.2577467974756061E-03 -3.0995914317202369E-03 -5.0465069760019295E-03 -1.3246954497544542E-02
  9.7975328549963422E-03 -3.4770214870880434E-03 -4.0961631458197562E-01  1.0380474829163235E+01 -5.1978281301709242E-02  3.0528059018664211E-01
  7.3992902732003138E-02  1.6892695463594540E-01  5.3425559295474467E-01 -2.8576786549770226E+01  3.1427654576001850E-02 -4.2925462691653765E-01
 -9.8105562278571951E-02 -2.0165557671997003E-01 -1.4473412053923801E-01 -3.3489849769007041E-01  4.6774680328986529E-01  5.5079028695387014E-02
 -7.8372331478897994E-02 -8.1651248888890172E-03 -1.5378121163935989E-03 -8.1198101004757262E-01  1.8373053313674931E-01 -2.3018048395280512E-02
 -1.3880535234701058E-01  6.1621355624422938E+00  2.7355144811348216E-02  4.6378664504195382E-04 -4.4583036509282300E-03  1.4269131507018924E-02
 -3.7016107958773423E-04  6.7190762865744725E-03  6.4883608836223586E-02  2.1443716884601959E-03 -8.4994808626482014E-03 -7.3934433290238033E-01
  2.5157367400471347E+00  1.8262539958559679E-01  3.5837392456392064E-01  1.0462382478057974E+00 -6.5649895973396299E+00 -2.1567464391862498E-01
 -6.2521110049505368E-01 -7.3585294855295663E-02  5.4954824931966617E-01 -2.4756543674726531E-02 -5.9952908500522817E-01 -2.3158273974222254E-01
  7.1472137897121912E-01 -1.0461638639186746E-01 -2.5970166052983221E-02  1.4357082989761110E-02  1.2566636890886098E-02  7.3971114627525997E-03
 -1.1652551224844847E-01  1.4485649719433192E-02  7.2824460663215356E-03
ORDER     2 BLOCK     6
  1.3090882898572254E-01  6.0054737870929764E-01  4.4160306025331053E-02 -3.3008695573241381E-01  2.2095076888409704E-01  1.1065084113336676E-02
 -5.3327175850915642E-01  6.8541691377872992E-03  1.3631659091969374E-02 -1.9399765553963617E-02 -1.5000793457105723E-02 -1.8790956351758190E-03
  4.4655328128560684E-03  1.5994630730077114E-03 -7.4136485378922075E+00 -2.7174070248976262E-01  9.4442835735049044E+00  1.0218150561442043E+00
  5.6339658166287299E-01 -6.8492172577124433E-01 -2.8404877949370722E-01  1.0648799601405042E+01  5.6890237774118324E+00 -4.8756990372631632E+00
  9.6555905922792107E-01 -7.9607244458364979E-02 -5.6010760197569254E-01 -1.5046538399311576E+01 -8.5220802378399565E+00  8.2746244746814934E+00
 -2.4689362839500952E+00 -5.7620927659626753E-01  6.1265406791060917E-01 -8.1051482750988757E-01  3.3842190586835952E-01 -8.7803220469790744E-01
  3.0570741130728973E-01 -8.7111792005224398E-01 -5.4127190685067925E-02  1.0319164170804374E+00  1.7576206686483056E+00 -1.9128883966164321E-02
 -1.3857164903631882E+00 -5.3433925757771161E-01 -1.2182138752548184E+00 -5.5356925887884534E-01 -4.7864313259087560E-01 -9.9396910756980594E-03
 -3.1772554074309496E+00  2.1830620892413317E+00  5.2061093754855703E-01  1.3702388125512168E-02  6.8344809991727532E-04 -9.6082238883496957E-02
 -2.7209598378804090E-02 -2.0354127272051112E-01 -1.9868855108977032E-01 -8.1362703602339811E-02  5.2779255112533252E-01  7.4432445592025626E-03
  3.6863864640495264E-01  5.0821178947570633E-01  2.6968740864020718E-01 -6.4836745741002455E-01 -2.0934595838602871E-02 -5.4068644841833574E-06
 -1.8187793142062147E-01 -1.1122923616712854E-02 -1.7541909726390775E-01 -5.1581937427874525E-01  2.4740067535969574E-04 -2.7902211921416203E-01
  4.1672325234381435E-01  7.9702997822919697E-01 -9.7514472274920633E-02
ORDER     2 BLOCK     7
 -2.8862207964218602E+00  5.6359111635938604E+00 -6.8744010237074743E-02  1.2695774885781443E+00  3.9597101231104799E+00 -7.8705036207868311E+00
 -2.0765517893946950E-01 -1.7428235381831489E+00  3.6165214511699928E-01 -3.9205509476372524E-01 -5.2953040896311643E-01 -3.5938825486168790E-03
  1.1641473341535301E-02 -1.1901578155314127E-02  1.3554023479365452E-02  1.8171739568453766E-02 -1.5645009198410366E-02  2.4353666110757469E-02
 -2.1690497255543312E-02 -2.8342880143560824E-02  2.7123704858365801E-02  5.2397300077414071E-03 -7.4902329235431542E-01  1.1704443891833214E+00
  8.2623644023099529E-01 -2.9930705032390992E+00  6.3945993796824507E-01 -1.6282444646677812E+00 -1.7757140143073191E+00  4.1982005150266160E+00
 -5.9633461871427929E-01  2.5798612745225902E+00 -3.3614861977460142E-01 -1.5631268277286812E+00 -4.2252269910756590E+00  6.2246458489556904E+00
 -1.2745481848647082E+00 -1.9954801259005556E-01  9.0413829718464789E-01  2.2285639159699238E+00  6.0428830113882110E+00 -7.6521428452955735E+00
  2.4273376322137468E+00  4.1716640580997155E-01 -2.1510793659110061E+00  8.7209923550283142E-01 -2.1837391156871568E+00 -1.0466293223699898E+00
 -9.9734161098677651E-02  4.9202424460822991E-01 -3.8975999689741980E-01 -2.1182565014516297E+00  2.7924216490793945E-02 -4.7373095555809924E-01
  9.1493336733066022E-01  9.6052408463009953E-01  1.6260086691093231E-02  9.6839271892331302E-01  1.0957794252490807E+00 -6.1366048123704664E-01
  1.3150469377212612E+00  1.2716802755968848E-02  6.3171195198469243E-01  1.4824731203531485E+00 -7.4075184189546950E-01  6.1062865837839785E-03
 -4.9232549593241626E-01 -1.4403118455740954E-01  7.2377098704931142E-01 -6.3210934269440827E-02  3.1473846615588663E-04 -2.2834709387460388E-02
  9.1357698872713000E-02  9.0905657779492083E-02  6.6321906211727955E-02  1.3793079616336401E-03 -6.8806199170628995E-02  1.2791694725006192E-01
 -6.6922675210402890E-03  9.5275944022210051E-03 -2.9387370598591150E-01  1.9785776874301142E-01  3.5759391402919982E-01 -5.7150521591191527E-03
  1.0030823412058651E-01  3.2212532675897088E-01 -6.5983728271860928E-02  3.3425676180911446E-01  7.8450180719849601E-03  7.9247311332539438E-01
 -3.7054653110360203E-01 -1.9765291039521233E-03  5.8527875655987882E-04  3.5680193147023816E-02 -2.9426970073965969E-02 -3.0238262804195747E-02
 -1.1059295448117479E-01  9.8734368901013791E-04 -1.0273409228399044E-01  8.9670410460822053E-02 -3.7340043189173722E-02  1.1628236264565564E-01
 -2.0126501437044172E-03  2.6839841843861789E-02 -6.9044690449353935E-02
ORDER     2 BLOCK     8
 -2.7176396993947898E+00 -2.2346512702666385E-01 -6.8237141504119023E+00 -2.1525729593729492E+00  1.5074013905268158E+00  3.4939037026057584E+00
  3.0774698113120520E+00  2.2932056914466030E+00 -1.8372930490491121E-01  2.7988012774619144E+00 -1.2585632517966789E+00 -2.5369249190867416E-01
  2.3150400353901049E-01  1.0057467606660480E+00  2.3483175181999905E-01  8.7581240832838780E+00 -2.3521392642145766E+00 -5.0753288840170221E+00
 -7.0648210051093807E+00  7.7177796537519630E+00  5.1070053803994431E-01 -4.0332190105970316E+00  1.6562124500055695E+00 -9.6097168114751383E+00
 -3.6724568531272711E-01 -2.1482767917543404E+00 -7.5349902359964318E+00  3.7438774049922402E-01  2.8903583252199211E-01  7.3771914753397261E-01
  1.7375794845196595E+00  3.1487281450121700E+00  9.4154125428840238E+00 -4.2784828139709496E+00  1.6232605137925145E+00  1.9713793726082693E-01
  7.9901849255925222E-02  1.0143286022892292E+01 -2.1604936691960597E+00 -6.7792847300122439E-01  7.2450193981788216E+00 -1.0658342494405340E+00
  6.6134721780352002E-01 -5.9085552835240995E-01 -1.0046997296168358E+01  2.0225273602859288E+00 -5.6295870763039402E-01  1.3120036592166577E+00
  7.7389312887646777E-01  1.5158193983317372E+00 -3.4055561787625406E+00 -1.1237127310834176E+00 -2.0532807291872306E+00 -7.1383550889886394E-01
  1.6200334145735382E-01 -1.2703930414866189E+00  4.3603709985498886E+00  1.3829068753046778E+00  5.0030168158702208E+00  8.2948072749647084E-01
 -1.7894276128452080E-01 -1.5489132030695080E-01  1.7337948508249687E-01 -4.3994772888428768E-01 -2.6026011205998549E+00 -2.3051417561926657E+00
  2.5338088052649796E+00  9.7296519749530530E-01 -1.9888173600373749E-01  5.9887722009104499E-02 -4.6196313297910824E-02  2.8462120834478397E+00
 -3.2827140828517725E+00 -1.3544826929157006E+00 -2.7716344676891245E-02 -3.5027964902034296E-02  1.4642570324720933E-02 -8.1667356324786264E-02
  4.6700054100396959E-01 -1.5146787707983743E-02 -3.1411998960975873E-01  1.1686969103917152E-01 -9.8565593000424612E-01 -3.2577221304781789E-01
  1.6034060444181883E+00  3.2930583785504525E-01 -7.7864773777371180E-02  1.5523467316981851E-01  6.9239092203043598E-02 -3.0614854642827878E-02
 -1.1094811276562455E-04 -3.2602765950413642E-01 -1.5308782128419716E-02 -1.4420198357060465E+00 -4.6575857450207483E+00  4.5137132132836615E-03
 -5.0647905098723622E-01 -1.5545998079229996E+01 -7.8120596030363449E+00 -7.2592126233122800E-01 -4.7318448549845886E+00  1.3830853577181634E-01
 -6.3547614681149833E-01  1.8335911274124386E+00  7.1034384797243311E+00  5.3135960573526243E-02  5.8742492579700822E-01 -1.2852034394037926E+00
  2.3423761633734399E+00 -3.0755448045370481E-01  3.6571562986138267E-01  1.6841108512598563E+01 -8.8648565516608198E+00 -3.3078228948113075E+00
  6.2483074887538836E-01 -7.6945818811128419E-01  7.5087989715568113E-02 -2.2218984700919815E+01  1.0663648436128852E+01  4.7621969885229234E+00
 -1.0734344183169424E+00  3.5185122480772901E-01  1.2764634559981150E-01 -2.0175726224070667E-01 -1.8152705112153841E-01 -1.5225639577866101E+00
  5.8515110288519190E-02 -1.7530110515770714E-01 -7.4756472987933975E-02  9.9288677205089187E-02 -2.1346014926915016E-01  1.1291575952035851E+00
 -2.5469212992357098E+00 -2.8109891026798213E+00  1.0172492485320843E+00 -4.1566860937588679E-01  3.2282273606569105E+00  5.2511768850597917E+00
 -2.2963126972645358E+00  4.8389725437744141E-01 -1.0976115524880700E-01 -6.0324140007573268E-01  1.4535686600382727E-01 -5.4981210530729729E-01
 -7.5029257552249040E-01 -2.9464178465283224E+00  6.0801470495204701E-01 -4.5514908141374344E-01 -8.2139715100102950E-01  6.0009249658001440E-01
 -1.7119935619747377E+00  7.1068586911842617E+00 -1.0062275804873519E+00  3.0346611450811983E-01  2.3034309435118514E+00 -4.5880130151993348E-01
  2.1116286301421727E+00  6.2893737423808693E-01  8.1027215321366952E-01 -7.7650404492923064E-01 -8.4368687000940323E-01  7.1748412878367507E-01
  1.4669753887025053E-01  1.8341918401864830E+00  4.8093703760862345E+00 -3.8864084276808000E+00 -4.1744876712899548E-01 -1.0602351548034026E+00
  8.8619141399413859E-01 -9.3095287639566771E-01 -2.7722925249174274E-01  3.7058497130880622E-02 -1.6362777475241726E-02  1.5616741813031023E+00
 -1.1539294461183955E+00  1.3110471915855639E+00  9.1564400241617594E-01 -8.1201251990754064E-02  1.6627142398723128E-02  1.0309361570990602E-02
  9.8024692825793444E-02 -4.8167517930507699E-02 -9.6082248833180041E-03  4.1743506224914774E-02  2.4831985894089529E-02  2.1518035559977274E-02
  8.2283108705616254E-02 -9.2264536686962689E-02 -1.6188304818398314E-01 -1.9988108384287931E-01  2.5290654817414554E-01  1.0745031629386034E-01
  1.1395241980463450E-02 -4.7738590091629660E-02  1.6326015952138684E+00 -4.2912885721811117E-01 -1.6267582170889021E-02  4.5340604625616296E-04
 -4.3895177812728461E+00  1.2277183506121102E-02 -1.4248416392791499E-01  3.2849625613919228E-02  2.1437406823730718E-02 -1.1456918761401565E-02
  2.8817101634211320E-02 -1.4073768408551265E-01 -3.1340694098320111E-02  1.2988006725253691E+00  6.3058360386150403E-01 -3.5546751351123618E-01
 -4.1474545460050005E-01 -1.7024147204971913E+00 -2.0174223800952812E-01  4.3626165580090548E-01  6.6338723690815415E-01  1.2247420496991823E-01
 -1.9796221452380611E+00 -3.1465001088905112E-02  1.3391597660744317E+00 -2.0086712920545768E-01 -5.9765053979387317E-01  2.9966720651381096E-01
  1.9209186607604017E-01  4.3514312023128728E-02 -2.6742870164414262E-01  1.7726557072493072E+00 -1.5226730898560208E+00  3.6771255733790892E-01
 -1.0465778788139448E+00 -1.4895087603474297E-01 -7.6589717403456192E-01 -2.4920210558561151E+00  2.0742804645053514E+00 -3.7262280702653289E-01
  2.0981658696534486E+00  1.5858161121099940E-01  2.1283959351644355E+00 -1.0525086714253334E-01  9.4150838648554225E-02 -1.2535642897166316E-01
  1.1702670913019618E-01 -4.6115454794766760E-02 -4.7586574288466098E-02  9.3456761521467002E-01 -4.8947733358689238E-01 -4.3174663492470811E-01
 -3.1679764343600453E-01  4.9827373365187527E-01  2.9370171336582002E-01 -1.2310548750548947E-01  2.9644208146518941E-01  2.7343844521659603E-02
 -2.8140213379553227E+00 -2.2196008709241150E-01  2.1952044373378544E-02 -8.3871319322354171E-02  3.5349770403680010E+00  3.4447888358809509E-01
 -5.0407193884313056E-02  2.0413184834017959E+00  6.0026119976984549E-01 -6.6342435747108047E-02  3.0568759216402625E-01 -6.5197413752986974E-02
 -1.0623848462953218E+00 -3.6046206418584592E-01 -8.6447187052794450E-01  1.5333031876895206E-01 -4.5818591191077762E-01  2.9006045586783680E-01
 -5.0225319589444584E-01 -2.5693393751927113E-01  4.8392157355160598E-01  1.2837894012080858E-01 -1.9990786066621455E+00  1.5240356626987003E-01
 -1.9711124485793395E-02  3.0421538365659717E-01 -6.1813388824801130E-01 -2.1172426599681396E-01  7.3244246776785689E+00 -1.2978871100234235E-01
  1.9897211475902683E-02 -1.1171040848136067E-02  1.3176017309883800E-01 -9.4294580382445481E-03 -5.1675860778483136E-02  9.6368575800370015E-03
 -9.4019935892115138E-03 -3.5820437796790494E-01  2.9568636191636438E-01  1.9383470555488358E-01 -5.0472077303491221E-03 -1.0614639061582525E-01
  1.6952784801226975E-01  7.1456197160379054E-01 -1.2028338444740362E-02 -1.4127198443789176E-02 -9.7256754415026653E-02 -7.5402244710253669E-02
  6.5470139403621022E-02 -2.6609102522884204E-02  3.3905238684062999E-01 -3.2373246339016493E-01 -3.3502051119857196E-01  6.9796868391663458E-01
  1.9916219135661056E-01 -1.7430162656834625E-01 -3.8951128429839960E-01  8.4821269325317705E-01  4.6380761417318189E-01 -1.1485394892848295E+00
 -2.4244275804545237E-01  1.9173259539198764E-01  1.0769037419241396E+00 -5.3643274977471712E-02 -8.8733488291555820E-02  3.7454401998345363E-02
  3.5257943608536749E-02 -8.7097940688324795E-03 -3.7273457488159323E-01  9.3781412796464195E-02 -4.2169635829261637E-03 -1.2979356882815532E-01
  1.4481969554546978E-01  4.1626324305343649E+00  5.3936801282887047E-02 -5.0986304892991170E-02  7.4311674041014478E-02 -1.5336236992012637E-02
  8.7314295227606566E-03 -1.6819532905075197E-02 -3.2137835898747757E-01 -1.8609322994871783E-02 -9.6512087475480977E-03  4.3623799537561969E-01
  1.3197902623201938E+00 -4.4381392405169140E-01  4.7652750077799108E-02 -7.5700475986401461E-01 -3.5326647704241112E+00  6.6678975151920761E-01
 -6.3384036515740268E-03 -2.8305409251042379E-01 -2.3416074552520278E-03 -7.3239803802466294E-02  2.4790601104535323E-01 -3.6843299550162373E-01
  3.4952533221479620E-01  8.5389550616038409E-02 -1.1383832496136773E-01  2.5325050237418032E-03 -1.2110073269518724E-01  2.1764158809270978E-01
  7.6703029081085575E-02  1.3502417919181636E-04 -3.8314065804346292E-02
ORDER     2 BLOCK     9
 -1.0528232123625432E+00  7.8165977336676615E+00 -2.1748604598278540E-01  2.5091426414886140E+00  2.9044758288202317E+00  4.3995769712486638E-01
  2.5850339265864122E+00 -2.9513713696761030E+00  1.0084220594785742E+00 -2.3136186220997321E+00 -9.8638276200944137E+00 -8.5530712384144714E-01
  3.5907667483594135E+00 -5.1581741619323473E+00 -6.6943894052761515E+00 -6.5525442314937168E+00  8.8661583973883769E+00  1.4284590041158289E+00
 -1.4560644755146803E+00 -5.0519010240746698E-01  4.7188424923629450E-02 -2.4103893688082803E-01  3.9909650433057187E+00 -2.3266014139157947E+00
  2.1668294811794544E+00  3.5948245566619147E-01 -5.8777913912736226E+00  6.1855681330656749E+00  1.1939409657683093E+01 -6.0817932370815937E+00
 -1.7080187728775347E+00  2.6868788368515067E-01  2.0494001215624178E+00 -4.3809899932716639E-01  3.3876800424433551E+00  1.6541532582003362E+00
 -3.5346265616126211E+00  5.4060414324468231E-01  1.4453996004052896E-01 -9.7858534960536891E-01 -4.6143673414268349E+00 -2.2540700909714331E+00
  5.1891464255300797E+00 -2.2443954332702416E-02 -3.8633002701643626E-01  7.8719478341104332E-01  1.5542709169721794E-01 -3.3337732339637660E-01
  7.2107797454569522E-01  9.1666343261599920E-02 -2.1612994368442870E+00  1.6427533023814722E-01 -1.9451621311927747E-01 -4.8005018479645478E-01
 -7.1915302591182473E-01  1.2936312534132716E-01  3.6515634910480799E+00 -2.1669278440377820E-01  2.2019666863843965E-01  1.0430474643875851E+00
 -5.1610498975168777E-02 -2.9610269414266294E-01 -1.9087702961815803E-01  3.9867885844609589E-02  5.6488419262013367E-01 -3.7940844720648661E+00
  2.2202919655526482E-01  4.5267349549296079E-02 -8.2100311305543150E-01  5.0858604627759334E+00 -2.7018186182307480E-01 -1.2822936504355900E-01
 -3.9360388215147857E-01 -2.6124571526820611E-01  9.9692396735149569E-02  7.4107622262174411E-01  6.7734869418534897E-03  1.1254132657900091E-01
  4.0863975956730197E-01  3.1736353438123230E+00  8.0555366093928260E-01 -3.9321411430832773E+00 -1.3007712201498123E+00  3.1285550387063760E-01
  8.4067773374906674E-02 -3.8061435773268004E-01 -1.2510365497322895E+00 -2.8177799602857214E+00  9.4404227524159723E-01  5.1856293832802953E-03
 -1.3301941340437242E+00 -8.6594643390120096E-01  1.3408440437978186E+00  3.9351512835945290E+00 -9.0260487502268760E-01 -7.0169575484251945E-01
  1.1075040575024706E+00 -3.6278506952181699E-01 -2.8710462659387759E-01  1.4879638594527986E-01 -1.0015681434909307E+00  3.6107272884175945E-01
  1.4076464950908937E-01  9.2531039105051685E-02  7.9285758510553403E-02 -1.4349054307495461E+00  5.0582802468655821E+00 -1.5299901660074486E+00
 -6.8565614889777624E+00  1.4785601546477045E+00 -1.1152050212753526E+00 -1.4020177485731269E-01 -1.4107952093476031E+00 -4.0917149264411901E-01
 -2.3358752558380753E+00 -2.3691493474980114E+00  2.7431186285376676E+00 -1.1520020944753475E+00 -4.6063474279388705E-01  5.4769458321467834E-01
  3.5093136580134603E+00  3.3670470821575229E+00 -3.0739367972463505E+00  1.0487845929607436E+00  1.9850582074691717E-01 -1.3203656027010817E+00
 -5.7616141799091436E-01  5.5156603766978896E-01 -4.1431526720490575E-01  5.0439588464910656E-01 -1.3200868648966022E-01 -1.8051865762916171E-02
  1.6335569512302561E+00 -8.4232085760602160E-01  9.4616008190575265E-02  1.0508010291234338E+00  9.8004390097106409E-01  7.7578948157145178E-01
 -3.6311507658790376E-01  6.4387159205614064E-01  2.7343139625140244E-02 -1.3018161086290145E-01 -1.2925410075867325E+00 -1.0243959104057105E+00
  4.0892390662558409E-01 -2.2163599294491920E+00 -2.1101139766828782E-02  1.6842785786996009E-01  6.4399803462443880E-02 -3.4164047865682501E-02
 -2.2741082305194813E-02 -2.1208732491927212E-02 -2.5692440877455529E-02 -2.6832336110967654E-02  8.4229391476726492E-03 -2.0369319081433412E-02
  7.3011215118743283E-02 -1.5138748137735811E-01  2.5247767243009572E-01  2.8724075271175764E-01 -1.8386705303964751E-01 -3.2657055545321924E-02
  6.1924292568729965E-02  1.5180406291278351E-02 -9.0681735809377981E-02 -3.2256888548896960E-02 -4.6567332092226986E-02  1.4043905249911756E-01
 -2.1029306822563418E-01  7.9710343364106494E-03 -1.5484097859689247E-01  2.0554521651325156E-01  2.0443888083926609E-01 -3.4006018338118604E-01
  8.9067391053207523E-01 -1.3252493343678795E-01 -2.2091812401288838E-02 -7.6718085056963481E-02 -1.0287520380220064E-01  3.0775944737693318E-03
  2.2354597359555064E+00 -1.2651688802410523E+00  1.6485069538086419E+00 -1.3651950864107168E-01  7.2036116834804775E-01  3.7967223743909946E+00
 -9.0798691695730849E-02  1.7891807612700923E+00 -2.2867221010115997E+00  2.4252859519669917E-01 -1.7226796528493755E+00 -6.1878244166294634E+00
  2.4383663027406247E-01 -2.1351663116941464E+00  6.7792224154904768E-02  1.9585514326429648E-01 -7.9599383673406326E-02  8.1726244030781783E-02
  7.5266635210778343E-01 -1.4052931850441535E+00 -1.1028826859711342E-01  3.4064478115635327E-01 -2.6591378914350766E-01 -2.8910863237975620E-01
 -2.8263039199298051E-01 -6.7707292348732698E-03  5.8458406097013027E-01  8.9099406521474835E-03 -1.6088821521530106E-01 -2.2260111830697182E-01
 -3.4140666875625286E-01  3.2089979251504530E-01  5.1903165038408521E-02 -5.8062571297746002E-02 -1.4172165134766077E-01  3.5702142249542901E-01
 -4.5758091111650739E-01  1.9094044863339751E-02  3.5589067245172634E-01  8.0145982644620983E-01 -1.8194803520103417E-01  2.6991566340789713E-01
  1.9436013372201102E-01  8.3358654887268849E-03 -6.8919513908804381E-02 -1.1407408433931236E+00  2.3761531233019828E-01 -2.6588878956468109E-01
 -2.3176543235266847E+00 -6.3555153879691082E-03  5.7795842054532143E-02 -1.1431258165972218E-02  4.2786558776538398E-02 -4.6453152957245065E-02
 -8.7956381740697410E-03  1.4552666849634011E-02  7.0011932026857061E-03 -4.1208217910313448E-02  1.6721737706603328E-02  1.9639499738099742E-01
  1.4305313088073224E-01  1.6064233531968203E-01 -7.8581125277664352E-02 -1.6907150769903174E+00  1.5200613699145963E-02 -2.5197481944817711E-02
  3.0191655801933781E-02  2.6965354834600147E-01 -1.8357238139303511E-02 -3.7382947401141987E-02 -2.3812877582730299E-01  1.8865402495915891E+00
  1.1131349083090611E+00 -1.7016523614276327E-01  7.6352357934806256E-02  1.4006488116684102E-01  2.7002352053328177E-01 -5.9542755111252816E+00
 -1.6220453044537211E+00  2.3938109706333438E-01 -8.2740240119130032E-02 -3.1700039650211836E-01  3.7178943420423743E-01  1.1228895479570735E-02
 -8.8485026329931915E-01  2.0561742949790327E-02  6.7896059656646024E-02 -2.2006890481743792E-02  3.2035440397131149E-01 -2.0876616264883929E-01
 -1.2499417197603592E-01  1.2610582744742502E-01 -1.3810179934984415E-01  2.5540714473583250E+00 -2.8508600152276856E-03 -5.9924408697759460E-02
 -1.0857825763044506E-02  1.5502701656653449E-02  6.5487050071915613E-04  1.3455563907916809E-01  1.4592728090897815E-02 -8.5131936591877882E-03
 -7.8189338372447487E-02  9.7144137048372081E-01  2.5307687590903294E-01 -1.2402200169360671E+00 -3.0052297876153233E-01 -2.5953683378930659E-02
  2.2229128476853856E-02  7.9846145205092096E-03  4.4314597652971821E-01  3.2221784290907446E-01 -2.0101610284143850E-02  2.3571764006270306E-03
 -1.4360556139339063E-02  8.3566572178058306E-03
ORDER     2 BLOCK    10
  2.7546510270170532E-01 -1.6758602632670896E+00 -2.6147595579725041E-01 -2.6159944952920089E-01  3.3688786036432075E+00  2.2722821950520808E+00
 -2.4655591346782266E+00 -1.4375563028081100E+00 -4.4553303912795955E-01  1.2986541148762947E+00  1.8862153285362455E+00  1.4161099823101286E+00
  1.2823760503832087E+00  1.1765714035506017E-01  1.6131599876486202E+00  3.9278770864170274E+00 -7.7187593812660253E+00 -2.9475923778298521E+00
 -1.6222618572977245E+00  1.9370204157794606E+00  2.3233521127307089E-02  2.3530482617233073E+00 -2.6393880652324420E+00 -8.5546564822568207E+00
 -5.1078100579321317E+00 -4.0408637881539882E+00  2.8479891582076493E+00 -2.7621769167505861E-01  2.8651718077654498E-01 -1.8977493374910750E+00
  1.1434756268510053E+01  5.3779361803814867E+00 -7.0600358128268104E-01 -3.4091289391561723E+00 -2.1486110140832198E+00 -1.8672299427717394E+00
  3.5164947472911251E-01  5.3273354174372294E+00  2.9889994365498835E+00  2.5025340068703970E+00 -1.8807910346299945E+00  1.0211313133348693E-01
 -6.3581550473163317E-01 -1.8782645059126577E+00  2.6969862622789722E+00 -7.6853012616918825E-01  9.6002460123747446E-01  3.5343795251802459E+00
  1.7226128808181337E-01 -1.7416111770104834E+00 -4.6591447857223495E-01  1.7534794940754506E+00 -3.0311206449872791E-01  3.1486552397052930E-01
  1.7547422370398510E-02  2.6873161907767598E+00  1.2228093663916184E+00 -2.2230275579588863E+00 -1.6152079090922964E+00 -6.9199822386145393E-01
  1.7275315024405133E-01  6.6733679610140343E-03  8.4627303964199319E-01  8.6080898517914251E-01  1.1601307166259140E+00  9.5421569699581366E-01
 -9.3669660950750810E-01 -1.8629881297597237E-01 -1.8454855337034778E-01 -1.6346127729402543E-01 -8.2085973625728878E-02 -1.1043017437302014E+00
  1.0388873954730979E+00 -1.5768135649097521E-02  3.6719452062676589E-01  1.4066941326870738E-01  1.0981473160449214E-01  1.3295316063611193E-01
 -1.1942202510916418E-01  2.5245396706349627E-01  1.5803798003348213E-01  1.7537750433414136E-02  5.2904189419619885E-01 -1.9340427057402420E-02
 -8.0999551915274504E-01  4.0870488141556818E-02  9.9376746910934427E-02 -2.5435773833018344E-01  8.0368588242363970E-03  2.4867889204485981E-02
  3.8295781615720460E-04  1.2828784072517250E+00  1.7609829884352710E-02  5.6442719449696310E-01  2.1636973007393956E+00  3.1668489536348494E-03
  1.8053329457474150E+00  6.9435990081411427E+00  4.7351424180481461E+00 -5.0608149909273736E-01  2.1766224265817988E+00 -9.2294992560157207E-01
 -3.1411937669807072E-02 -1.2736994220523196E-01 -4.3059866002749603E+00  1.2957406680120156E+00  7.6224904657189041E-01  9.9454876495375355E-01
 -1.6778471548629201E+00  2.6583010543523378E-01  6.9257697532301388E-01 -7.3857911228866007E+00  1.1202959425035235E+00  3.3829800519678126E+00
  5.4342577413346782E-01 -4.8458683133649527E-01  4.3053676992699602E-02  1.0452321107384895E+01 -5.9775811702626092E-01 -4.4033358698922838E+00
 -4.7688539159321258E-01  7.9015819694221801E-01  1.8387033241605413E-01  2.1578006553080203E-01 -8.4400740610195146E-01  1.7989247957186916E-01
  7.2585886480759948E-02  3.0127767871272915E-01  2.3791675868279807E-01  5.5827708789565567E-01  8.8804390754536189E-01 -1.4426782662388693E+00
  2.2635186429148608E+00 -1.4861104597321124E+00 -1.4856590481619441E+00  5.5938458705554750E-01 -3.0194953825709394E+00  3.9678690469575120E+00
  2.3193123318780469E+00 -6.7838682815805784E-01 -2.3818963069825111E-01  6.0240317734745086E-01 -2.3943380285838453E-01 -1.2661790364410892E+00
  1.7148395307852951E+00  6.3215968970973480E-01 -1.0383408508419028E+00  3.3456590066754543E-01 -3.2451656869620710E-01  8.1093205040631766E-01
 -3.0084736471792630E-02 -8.8785371796729728E-01  1.3936190898499707E+00 -3.7359187720242221E-01 -3.7641067770933195E-01 -1.1906889684704529E+00
  1.0974051327619325E-01 -2.2604762816929139E-02 -1.9065303837192371E-01 -3.9579077706494864E-01  2.9320976452101355E-01 -1.8833884183935470E-01
 -1.2779009435846847E-01 -1.0298053498503830E+00 -1.0238766343496393E+00  7.2311331393932898E-01  2.4685627006819916E-01 -6.5678498294452492E-02
 -1.3606532830382045E-01  2.7238412979625964E-01 -4.3158519103562587E-01  5.5272522497159813E-03  9.3211248100875679E-02  3.7743178804494799E-02
  1.7320124338296000E-01 -4.8381696436055321E-01  9.1296697492350143E-01  2.5266183427339321E-02 -8.0972976526013360E-02 -3.9277671211222810E-02
 -8.8656661099334125E-03  3.6763424761381308E-02  3.8994627987400159E-02 -3.7441992361036563E-03  2.0064071987544892E-02  2.2598049988877364E-02
 -1.4246942124248954E-01 -2.0371121003062889E-01 -1.4818379148324966E-02 -3.4658033177439623E-02 -4.7957484118586940E-02  9.6563273456399659E-02
  1.3812831150400254E-01  6.4336288497633842E-02 -1.5721350391091247E+00 -6.3061266649257958E-02 -1.8452892966171075E-01 -3.8397706871677456E-02
  4.4531510876382354E+00  3.1709805580355591E-02  6.6259194678128491E-02 -3.1971236531702724E-02  4.9420190795448973E-02  1.0549146861703095E-01
  3.3937977942564160E-02  9.0679928569880969E-02  1.1580177901534459E-02  6.4504405684551258E-01 -4.1923575904883986E-01  6.0037231057059333E-02
 -5.3288003801045281E-01 -1.0187921085939080E+00 -7.0680409808686750E-01  8.0382404020264711E-02  1.0265483962331832E+00 -1.7550246510809106E-01
  2.3066861282509588E+00  9.5318427058905641E-02  6.2566529513109082E-01 -7.8412580546798305E-01  1.0159884966037205E-01  1.0516591061930915E-01
 -1.7987509172057467E-01  8.2064633444815208E-04 -2.2308968859007877E-01 -1.3341481761439538E+00  1.4016325183654825E+00 -1.2949690307480188E-01
  2.4097011098394802E-01  9.8096545467630150E-02  9.6468845732451936E-01  1.8629067826784829E+00 -1.8950923234092805E+00 -2.3861673473302428E-02
 -9.2045962039778287E-02 -1.0078365335051880E-01 -3.2645467024237127E+00 -3.4412799832428420E-01 -1.7624874965452267E-01  1.3421819573163435E-01
 -1.1808079251110196E-01  6.0696269917589855E-03 -1.1590070402859369E+00 -1.1728538872717954E-01  2.1674490738520666E+00  4.4247017501939412E-01
  3.5853135929619868E-02 -4.3182664734339332E-01 -1.8142949988757212E-01  8.8529190322675200E-02 -3.3006078504698871E-01 -6.9386427910168164E-03
 -2.2017648645659529E-01 -7.2239577280948666E-02  1.4152021633289857E-02  1.1268392035233006E+00  1.3603203192888014E-01  1.6234829950331636E-01
 -7.4390290299635814E-02  2.0198664721430448E-01 -4.1274262388682187E-01 -3.7172887705811686E-01 -1.0882530137771891E-01  2.0707969044101521E-01
  9.8754607828292840E-01  1.1470894612696675E-01 -4.4707601686317620E-02 -2.3371057889610639E-02  8.7637162103715338E-01 -2.4707872791066832E-01
  4.4791416228611436E-01  4.6067663294113420E-01 -2.2913902618989476E-01  1.0586256573196610E-01  7.1645023031677690E-01 -1.0338723136852690E-02
  2.6062223798409476E-02 -6.5610158951177666E-01  1.5115149180690021E-01 -2.3284628001029131E-01 -2.6180211208363788E+00 -2.8838883014471227E-03
 -2.5487239599669444E-02 -8.4836073380533769E-02 -4.1713722893840878E-02 -2.6201163128285118E-02  8.8328249642519382E-03  4.1222672033069119E-03
  2.6956333796328679E-03  2.0899412797962407E-02 -1.3098865686609065E-01 -1.5370276851858769E-01 -6.1526701063417247E-02  7.2057696186396125E-02
 -1.8564127355591806E-01 -9.1673440594854727E-01  1.3643058837474548E-02  9.7791674706700533E-03  7.2250108230404357E-03 -1.8199532504137438E-02
  2.4504128851680965E-02 -1.1930066582029093E-02 -2.4576968589820919E-01 -5.9367898638733765E+00  8.5764214756435531E-01  1.6550070246238975E-03
 -9.9785069884438124E-02 -5.4592624848292644E-02  2.5055302407931290E-01  1.6256613401314347E+01 -1.1918773603108641E+00 -2.4118511799348243E-02
  1.6286344867799940E-01  9.0826956568002021E-02 -2.2193556833880951E-01 -1.5528700685905417E-01 -1.5152404155396884E-01 -4.5389529014184693E-02
  5.8639101910614215E-02 -1.0828717705839504E-01 -5.8686879450915741E-01  8.9380143518888111E-01 -3.7136031320251478E-01  3.0002679053114439E-01
 -1.3651121363777732E-01 -5.9080632629922158E-01 -1.8275242045441134E-02 -2.6531369833081749E-02 -7.0267258458445767E-02 -1.0577104172131570E-02
  3.2272132019279028E-03  5.6121352643169545E-02  4.6767197723807816E-02  4.9337500070636888E-03  5.8167054948906182E-03 -1.3291072556582792E-01
 -2.8485176196553739E+00 -1.1958891622786441E-02  1.3380938443442250E-01  3.4856689041041217E-01  7.6442515406266560E+00 -1.2061311202526760E-01
 -1.6801096184423114E-01  1.6125974001016716E-01 -1.2403881840601576E-01  8.8045326630854126E-02  7.8227202744451163E-01 -1.9861836793528806E-01
  1.0730331243135824E+00  1.7778507393129944E-02  3.0662089290007563E-02 -3.6132463016142198E-03  1.0634914471351453E-01 -1.5044043931138812E-01
  7.6615275935852406E-02 -1.0308449535753082E-02  1.5353024955560587E-02
