SURFGEN.GLOBAL Hd COEFFICIENTS FILE V:2.8.8
high order tester                                                                                                                                                                                                                                              
ORDER
    2
COEFFICIENTS
ORDER     0 BLOCK     1
  1.9402170377210493E-01
ORDER     0 BLOCK     4
  1.0231456894475820E-01
ORDER     0 BLOCK     5
  4.1202056070796161E-02
ORDER     0 BLOCK     8
 -3.2983561227127983E-01
ORDER     0 BLOCK    10
  1.6033502702651839E-01
ORDER     1 BLOCK     1
 -4.2430071736715164E-01 -1.1871972197761582E+00  4.0135383479434467E-01 -2.3389798243004938E+00  1.0308760525265066E+00  1.9711144451281792E+00
 -2.4902514377296927E+00  5.5819610223794713E+00  3.1906675132997614E-01  6.7498909516155248E-01 -7.9049057528730829E-02 -5.4924916852192662E-01
  2.4243075910966819E-01 -2.2782028707598168E-01  8.6520852123473782E-02 -1.1685242152615254E-01  3.7274937842845898E-02  8.5741528457225380E-02
  1.9656799307429092E-02 -4.4893319847692598E-01 -4.5427697641734122E-01  8.8206970167942578E-01 -3.1203341354610981E+00
ORDER     1 BLOCK     2
  9.5152437803296505E-02  4.8519847463430205E-03  1.7529832884653165E-01  5.7599295898953395E-01
ORDER     1 BLOCK     3
 -2.6863846995163319E+00  9.2017359282055078E-01  5.3719301639429764E+00 -2.1448304017207680E+00 -6.2287607711286497E-01 -5.5728796909717271E-02
 -9.2581153735464661E-02 -2.3488369003616913E+00  4.0936744766477828E-01 -1.8904989042356082E-01 -3.0516657868541919E-01  9.8852169396614686E-01
  3.4218450765733710E-02
ORDER     1 BLOCK     4
 -2.7849650658967606E-04 -6.9382842492264718E-01  7.8200017182977166E-01 -2.7664518136796068E+00  5.5899499261779551E-01  8.7602206996314136E-01
 -1.9628819051164641E+00  2.4113746721622271E+00  3.0647271458265818E-01  3.1626390657717324E-01 -1.4519105797400453E-01 -9.7427377830078399E-01
 -3.0974930114484694E-01 -1.8620175034235370E-01  1.7056870692033851E-01 -9.4932028620873368E-02  5.7708401813040273E-02 -2.5870750312247776E-01
  2.6599696055081684E-01 -3.0358878620219504E-01  8.5257502045820965E-01 -5.2065970768671077E-01  1.4562732025946263E+00
ORDER     1 BLOCK     5
  4.0980502536723445E-02 -1.1170390340664604E+00  4.4822436682776684E-01 -1.3654858438154249E+00 -9.3405560372921193E-02  3.0361939951997563E+00
 -6.3541848869679862E-01  1.7553722251070445E+00  1.2468836844055631E+00 -4.3910047090282289E-01  4.3663709219506359E-02  4.5583853903048255E-01
  5.8145745157205764E-01  5.0110324280826297E-02 -1.9008795462801656E-01  1.1922545154037203E-01  2.1042929751970352E-01  1.5456654711944015E-01
  3.1748338441439101E-02 -8.6117891695388982E-01  2.1828732368446921E-01 -3.0634888946260506E+00 -7.4495599663346512E-01
ORDER     1 BLOCK     6
 -1.2207959854490427E+00
ORDER     1 BLOCK     7
 -1.1406869098644547E-01 -8.4410355625774338E-03 -5.0776057177045386E-01  1.3123904019692578E-01
ORDER     1 BLOCK     8
 -2.1323637559887048E+00 -1.2826823557374121E+00 -1.2271255402926118E-01  2.1079476233854155E+00  7.3157509296030465E+00  6.2084436131646541E+00
 -2.2786833306102809E+00 -3.5769559888437037E+00 -2.1399121219990747E+00  6.4872902655112946E-02  3.6396778593679395E-02  2.7440192920708878E-01
 -5.4184727877602856E-01  5.4804869897743425E-01  4.5193948121611321E-01  3.0360649416342622E-01 -2.8989739365225736E-02 -1.6502289646831736E-01
  9.6760155729341490E-02  9.4026789062637928E-01 -5.0601241429358768E-01 -2.5923790043642163E+00 -1.7774434467822882E+00
ORDER     1 BLOCK     9
 -1.0576041487615941E+00  9.3128631407735885E-01  2.3818318029209249E+00 -2.2257113002289199E+00 -1.7957575618014695E-02 -1.3869955147025853E-01
  7.4912195186721264E-01  5.7516428541333553E-01  1.0083036354607718E-01 -3.2894375125312608E-01 -2.9089356388845494E-01  5.5474690165713714E-01
 -1.2825414376593904E+00
ORDER     1 BLOCK    10
 -1.2414867737347095E+00 -1.8111987883561382E+00 -6.5380556275265378E-01 -1.0943171524182631E+00  1.7130846526341701E+00  2.7137198063406585E+00
  3.7389234553622970E+00  1.2423677959773340E+00 -7.4677633740075411E-02  5.7257447824273411E-01  3.5598865753630068E-02 -5.2148730116021676E-02
  4.2955637472479152E-01 -2.7362043645457634E-01 -2.7883596497113772E-01 -1.0933573426956363E-02  1.6422622015975369E-01 -6.6396301348952538E-02
 -8.2297578857511128E-02 -3.5333650035090791E-01  2.9755796233645970E-01 -1.0514869908328228E+00 -6.6661360550010440E-01
ORDER     2 BLOCK     1
 -1.2824336206758193E+00  1.2046833336019418E+00  1.5637871754505234E-01  7.3827379707380525E-01  4.8134760240108787E-01 -1.1629658263799145E+00
 -4.0020113786920569E-01  1.3507454858609023E+00 -3.8060202577784412E-02 -1.3280051550435605E+00  1.1218393867857920E-01  2.9238396266153666E-01
 -1.6208408463153634E+00  8.7950890871172349E-01 -1.3885871780027530E+00 -1.8089370352099625E+00  1.3148603091968611E+00  1.6542806672279005E+00
  2.6266636121570959E+00  2.0106438081759698E-01 -3.6593103219478745E-01  1.1971722347602036E+00 -4.0471289525197440E-01  2.2709411343940311E+00
 -6.9492946935928523E-01  1.2448009182092432E+00  2.1529659500049307E+00  5.6045610332024398E-01  2.0867898632645737E-01 -1.1771221224359720E+00
 -2.3420159679713999E+00 -1.7448219414332271E+00 -4.5733804324098273E+00  2.3339894980254132E+00  1.6972449967897826E-01 -1.9143074475133501E-01
 -6.7875882225522177E-01 -4.1824205960096412E+00 -2.4946416103129646E-02  1.1453799676749150E+00 -1.2800812382795224E+00  4.5212546456775603E-02
 -2.4708720289243199E-02  3.3839524643992230E-01  1.5705359535631238E+00  2.9681457087528396E-01 -1.7163109322768100E-01 -8.7993122167630144E-01
  3.3537260762824100E-01  4.6905278867600803E-01  3.2268376570231755E-01  3.3074800958407474E-01  4.1943682671763338E-01  4.6886777564520443E-01
 -2.2374123269386703E-01 -7.7264942057252917E-01 -2.6016031484699320E-01 -2.1843507898646949E-01  1.2052017234947162E-02 -3.2640397519190156E-01
  2.1084332779413628E-01 -2.6087525602589373E-01  6.9045841668005925E-01 -2.5555090466124603E-01 -3.9141585377369011E-02  6.3390410206504300E-01
 -7.3862015830518779E-01  2.9161126666905685E-01  2.2004941368382540E-02 -3.2516940287463041E-02  1.3483775546638807E-01 -9.8381541902273606E-01
  1.0556388450602998E+00 -2.0731802715057729E-01 -1.9208696762378349E-02  4.7666357598398060E-02 -1.8307342618127376E-01  2.2220589404353199E-02
 -3.0641322216465383E-01 -1.5561640017370654E-01  7.6998469698565303E-02 -4.4168022902782197E-02  1.3024682867558759E+00 -5.5381627439694929E-02
 -1.9745264818662092E+00  3.7366342106280856E-02 -4.3529370601415790E-02  4.0074216283412831E-02 -4.4972351452328647E-02  2.8414628250287275E-03
 -1.6638940570029626E-05 -1.2986127728194123E+00  3.2200532957837875E-02  1.9692135714918921E+00  1.1405556617866739E+00 -2.1406945396643024E-02
 -1.6380112099533162E+00  1.2182959535175963E+00  1.6185223965013831E-01  4.0745117674175066E+00 -9.9567197313387790E-01 -1.7567982818212516E-01
  4.2445149821820310E-01 -5.2552595070555004E+00  6.6995963257576763E-01  2.4797637806877004E-01 -9.4947514323355919E-01  4.1263674989214028E-01
 -9.0224656489534338E-01 -1.0564618032108183E-01  6.9388002510472424E-01 -4.0293942708770514E-01 -2.9221824092856091E-01  1.7769321144266426E+00
 -6.8732666260170305E-01  8.5490220244577353E-01 -1.1978173168051984E+00  1.1033633546996251E+00 -7.8590108409241066E-01 -3.5303288673049473E+00
  1.2227240500664454E+00 -7.1952147082669882E-01  1.1686622070161024E+00 -1.9403791177516760E-01  4.3323951475415357E-01 -2.4787883407072456E-01
 -1.2771338813234240E-01  1.4874684668944796E-01 -9.3819851489489077E-03  1.5297453695112326E-01  1.9433939729358907E-01  1.7638067516356545E-01
 -2.3464064181055233E-01 -1.0157799769980341E-01  6.3408121344133928E-01 -1.4232546123840364E-01  4.7645735172590048E-01  2.6001148127553080E+00
 -8.1051034674007449E-01  8.0282472780673089E-02  4.1187011182913275E-01  3.2807978520113579E-02  2.2859105847237052E-01 -5.5539168305528275E-01
 -9.5323901643645736E-01 -6.1195579062795302E-01  3.3451315478797861E-01 -1.7925740667680051E-01  1.0091896819927479E+00 -1.3822746742393002E-01
  4.0282842095959870E-01  3.9569697065966070E-01 -5.3005261380349233E-01  3.7692258232933795E-01 -1.6633507053605507E+00  1.3445875324789561E-01
 -4.8294513737490591E-01 -2.5495048223013239E-01  8.2190013245763013E-02  2.9827392245866752E-01  8.6130520208773542E-02 -2.9982668934499324E-01
  2.7456190345494330E-01  9.3563727406105524E-01  4.8942999965926393E-01 -8.0591306181326294E-01  8.7678015507933124E-02  5.5895299243228369E-01
 -2.4111759907677033E-01  2.0832321864658140E-01 -1.4268361150355517E+00  5.2045439569305289E-02 -7.4682536029773774E-03 -7.7957969625574763E-01
  3.5422260163916580E-01 -2.8186335976980664E-01  3.6425120248974916E+00 -5.1203290492091220E-02 -1.8964958702777753E-02 -6.3121950258279366E-02
  1.1641011888694918E-02  4.0731713740232024E-02 -1.5405361345663053E-02 -6.3639774169193544E-02 -3.8579820355016094E-02 -8.0081341117427360E-02
  2.2955561825679469E-02  1.6780522507604836E-01  4.9438533077500499E-02  1.0854192725557049E-01 -9.8151796709169542E-03 -4.4614537836073449E-02
 -1.1535720899653873E-01 -7.0374666750883275E-02 -2.1221712214889163E-01  8.1644643037185313E-02  1.8815877945644696E-01  7.1462686064149156E-02
  1.0168747971529986E+00  1.4862579403486099E-02  3.0588644351848614E-02  8.8470543282385041E-03  9.8011500019287070E-03 -1.4137876004493470E-02
 -1.4463038723331876E-02  7.4799647929479863E-03  3.6557660247194461E-03 -4.4144042111290221E-01 -1.3566559871226319E-01 -2.0162609379863150E-01
 -4.0580585741073666E-01  6.3013561680356101E-01 -4.0875855667160121E-01  2.9664499408942480E-01  1.1768093566987441E+00 -4.9942697236874745E-03
  7.7129556793491150E-01 -6.4699475682490570E-02 -1.0041118580112671E-01  2.8496538577206387E-01  2.0489979378780210E-01 -1.2577170077164948E-01
 -1.7586830159076780E-01 -3.6764530007392048E-03  1.9874521553436514E-01  2.5847723294163122E-01 -6.1618032630083486E-01  1.6319937265953247E-01
  5.5625227372869024E-01 -1.7529490240217882E-01  4.5303086145174376E-01 -3.7366824275271115E-01  8.5595494984746634E-01 -2.3188446454957762E-01
 -9.9535787805052289E-01  2.5869680742268186E-01 -5.6433200882708601E-01  1.7176017673538455E+00 -1.2671021456609258E-01  6.3585849220415450E-02
 -5.3809848005457628E-02  4.9037083158629570E-02 -1.3596705886618288E-01 -3.7858331001799361E-01 -4.9249550265181330E-01 -1.0262580251523531E-01
  3.4935480480743915E-02  7.5560388372021448E-02  6.1340460137700857E-02  2.5997129295508094E-02 -1.7906670327656055E-01 -1.2381300102893223E-02
  1.0840213775862324E+00 -2.2127939037134411E-01 -3.3164931458619642E-03 -7.2844389614735161E-02 -1.2941961593396982E+00 -1.1930165605416893E-01
 -8.7527330402896852E-03 -2.9161556626224137E+00  2.4136193855823430E-02  2.6175551964766608E-01 -5.3697162397544039E-02 -3.4034941456254048E-01
  3.8398288822544907E-01 -3.3747638735442770E-01  3.0839314343332991E-01 -5.3371239876119095E-02  3.6332916327337111E-01 -1.1704784007247783E-01
  5.0933758653724917E-02 -6.3773166618804153E-02  1.4242761543869201E-01 -1.3121117792174933E-01  9.9290531318249708E-01  1.0327228682326460E-02
  4.8292690184019160E-02  5.5324301093075949E-02 -1.2605763897399822E-01  2.1507847782777390E-01 -3.3226704037268240E+00 -1.3655183421583237E-02
 -4.8637060477027746E-02  4.6891178224023999E-02 -3.9682851248918072E-02 -1.6863960266701061E-02  1.8116541150568460E-02 -8.2997324391440395E-03
  3.0534044684901720E-03  8.8660853927559582E-02 -1.7196957632716403E-01 -1.7853899460049566E-01 -3.1045088547506004E-02 -4.7241926213466505E-02
  6.5831478909924329E-02  7.8790086783677893E-01  9.9933253193236363E-05 -6.7649763810324216E-03 -5.6622370772792939E-02 -4.8875177336087809E-02
  7.0743654289043126E-02  2.5440981822016658E-02  1.3016732663801908E-01 -2.9454200028571558E+00 -6.6561212379646328E-01  3.9008942586253668E-02
 -9.7790621690082180E-02 -9.0452023923403166E-02 -1.1809384674506743E-01  7.7615742477460037E+00  9.5372785340620458E-01  1.8257420671813963E-03
  1.2052891036870404E-01  1.1688815496614594E-01 -4.4112952484827428E-01  3.4957818823620021E-02 -1.4030398125492910E-01 -7.8410445541937157E-02
  3.4603525935281723E-02 -6.2812348984099792E-02  1.0924279044857310E-01 -1.5044137366624147E-01 -1.1308199007485653E-01 -9.9436733353726617E-02
  1.2028074964906747E-01 -1.5955563889282849E+00 -2.4872559895928580E-02  2.8946562829787019E-02 -1.1310712065684304E-02  3.5463098173614373E-03
 -2.4296047122698599E-02 -6.0256929939424726E-03 -5.6691982722595555E-03  1.0503510959081057E-02  7.6615163821562864E-04  4.6274633651142699E-01
  4.1865395175861213E+00  1.4134765304250119E-01 -2.5522620045680616E-01 -6.6404137919649364E-01 -1.1471386942787200E+01 -1.5304865410232663E-01
  3.8272367348605479E-01  1.9524640159934426E-02 -3.1083991356116551E-02  2.7939974519312873E-02 -7.4572035699503922E-02  1.7636961872152379E-01
  5.9165616012301561E+00  4.7484973904474863E-02  3.2125088145283642E-02  4.2185916573301519E-03  2.0532926617596987E-02 -3.6705111517924056E-02
 -3.2283765544839652E-02  1.4355029327986187E-02 -1.8277102815581498E-03
ORDER     2 BLOCK     2
  2.0573496793828383E+00 -1.8308031785414787E+00 -1.6495033879145420E+00  1.8132463274497623E-01 -3.7179273020170860E+00  3.3907229955990812E+00
  1.6616543641001356E+00 -3.1932157184450477E-01  1.9396429808687315E-02  2.2509453092154641E-01  7.4069804112707871E-01 -5.2734817250019966E-02
  3.5948840925947689E-02 -1.3606327788010467E-03 -1.7901748261813049E-02  6.7521395618362096E-02 -4.3826080107097688E-02  2.7842119700014205E-04
  2.5889124204113750E-02  1.8062686974994434E-02 -1.3778330070747568E-03 -5.1030128389967025E-03 -6.3477253657876986E-01 -2.6288992304381864E-03
 -9.0776582363867120E-01 -2.3866297498883782E+00  7.4275781873115709E-01 -3.9178816031103370E-01  1.2541861439778275E+00  2.7264864297989271E+00
 -1.3888577658262335E+00 -1.0586521001824662E+00  3.7125675658014015E-02 -1.4711164630337907E+00 -1.7172386835855640E+00 -9.0938014931060485E-01
 -1.1027769182718650E-01 -3.0530409348359322E-01  7.7082431358702586E-01  1.0894694067444375E+00  1.9947431662982986E+00  2.7075947806775154E+00
  1.6892132696773848E-01 -1.5126823360347288E-01 -7.1168794005815350E-01  9.5807911187826555E-01  1.6426912463765182E+00 -3.0030221727739348E-01
  2.8033434932428908E-01 -2.3605518023189823E-01  9.7442653039714458E-02  1.7916897495371022E+00 -1.6136584218821790E-02  8.6465565826536406E-01
  3.3856990801590436E-01 -2.1577344845487429E+00  5.2688090415299843E-02  1.9432514134331025E+00 -4.5542516055154009E-01 -1.3808132597623108E+00
 -3.6959682307771302E-01  1.1562284391326680E-02 -3.6205045229333016E-01  9.1767532475286351E-01 -1.7186464935219098E-01 -3.2157862165969734E-03
  8.9752793883074042E-02 -5.8190953188789063E-01  1.0872946039060847E+00 -4.1349018292439206E-02  1.8497504143843249E-03 -2.1307035331831859E-02
  1.0385164203641261E-02 -6.1010154155410348E-02 -2.2712095436404386E-02  1.1234560869755462E-03 -5.1908022243679769E-02  4.0728063645473954E-02
  1.1855591835929644E-02 -1.8940336368138244E-02 -6.6115371423697544E-01  9.1009637283047395E-02 -1.6334379187531001E-01  1.9922026758077003E-02
  3.8880241192124143E-01 -1.0320878342837334E+00 -5.1192315243872577E-01 -4.0994343730122923E-01 -3.3856839375258616E-03 -6.7907095005835549E-01
  5.8798063698957570E-01  1.3261126529024527E-02  7.9052316069388261E-05  3.3901384025543192E-02 -1.4514465195528684E-01 -7.8034018128086247E-02
 -6.0895934370031851E-02 -5.8072001601658469E-03  8.9939235057774569E-02 -3.3855322856072334E-01  2.4204211435036849E-01 -1.1979442798088620E-01
  3.5710403657362093E-03 -5.8546516155926964E-01  2.3814176780883867E-01
ORDER     2 BLOCK     3
 -1.8367754420530837E+00 -4.4850594845649203E+00  4.0354502377268708E-01  1.9484852817176421E+00  7.2978499640673017E-02 -6.3456049440453577E-01
 -4.4675396354476407E+00 -5.8752106434446487E+00  6.8234438909478681E-02  6.5092637874449455E-01  5.4757750914960148E+00 -4.1366484209030185E-01
  2.6204371213288637E+00  5.1196624887217794E+00  4.1312122931723074E+00  1.8219522321328681E+00 -3.7766230410481945E+00  6.9754345866672240E-01
 -1.9628110498557070E+00  4.4656929009189614E+00 -1.4396954979286741E-01  7.1982852819460541E-02  4.6536278414449663E+00 -1.8921571858704471E+00
  2.6335494763581275E+00 -1.2009729780900436E+01  5.3536776626045040E+00  6.5564646926246519E+00 -4.9878514168469179E+00 -5.4200994592104834E+00
 -7.0242424812817350E-01  2.6603074848323877E-01  1.2401055722837100E+00 -5.4143450597267211E-02 -2.2253012134083296E+00  1.6836132924297798E+00
  1.8914505329452531E+00  4.1247453120388927E-01 -8.4348599004085012E-01  1.8908156436838272E-01  3.4929684723244545E+00 -2.9711774869881435E+00
 -2.2939474526314187E+00 -9.9334937039714888E-01  9.8240217466281543E-01 -5.6123525367915528E-01  6.9033564211961485E-01  1.0396530201490859E+00
  5.9144750816948655E-01  1.6626776534204584E+00 -1.3287354187495033E+00 -1.0620756956791763E-01 -1.6183438297593708E-01 -8.2701429692344963E-01
 -8.2756588506690021E-01 -2.5850752460228024E+00  1.7412219400794660E+00  7.9810749540238340E-02  1.8408174406169744E-01  1.3857021119126649E+00
  3.2327952843812668E-01 -1.5770739690721161E-01 -2.8416065379068101E-01  8.5960341262431461E-02 -2.4768046942870957E-02  9.7307903994933387E-01
  4.7836952200242342E-03  1.6163984335654122E-01 -1.8563410160675681E-01 -1.3012613058631948E+00  1.4362411797742797E-01 -2.8386565238898270E-01
  1.0201877311092349E+00  1.4472623576628385E-01  2.3395268854461052E-01  1.1372876237039105E+00 -1.4312825915103163E-02 -1.9800053946395213E+00
  1.5030363644123856E+00 -2.1386656568466664E-01  8.7072548829758623E-02  3.8039424144327649E-01  5.0346238744610965E-02 -4.3012221644680299E-01
 -4.1211855976042697E-02  1.3744618268851087E-02  8.9932724563589778E-02  1.5238013394895589E+00  4.1859455092343545E+00  2.7391872504643295E+00
  1.6649039031505411E-01  3.5868685964231617E-01  2.0914108975995183E-01 -1.7873742009765954E+00 -4.0289838440620729E+00 -2.7128565624771368E+00
 -5.3554208898078426E-01 -1.6336255260174797E+00 -1.2733078481743181E+00  9.9826781117589380E-01 -1.3847863741419906E+00  2.3231639150728390E-02
 -7.7175260674250496E-03  1.6495254396180596E-03  5.3235189312075371E-01 -5.7379044444080363E-01 -9.8297046484135941E-01  6.5518172371096500E-02
  1.6714052756307001E+00 -2.7334326887232158E-01  1.3327793332052876E-01 -5.9837142823930967E-01 -2.5865752636463256E-02  2.6301395074455298E+00
 -3.0292336282803514E+00 -7.1796996020113446E-01  1.2393592004768232E+00 -6.2349374155182891E-01 -1.5045472880917274E-01 -1.3551623139722537E+00
  5.8338724949277259E+00  1.1075058296491203E+00 -2.1394583661793938E+00  6.5382344879573995E-01  1.2825343520269403E-01  2.1896033308066611E+00
  6.4448164989431067E-02 -4.2386653138537878E-01 -1.6478829844281731E-01  1.4698587246794026E-01 -1.9725720299591246E-01 -1.6863516570556161E-01
  1.8268913215788468E-01  7.4752631698693106E-01 -7.5109821420867551E-01  2.3408852554047971E-01  1.2110126226469535E-02  9.3922985234606804E-01
 -4.1058990682135199E-01  3.2476689665169309E+00  2.0662549989599512E-02 -2.3919967760317913E-02  6.0507082959915665E-02 -1.3008309363973893E+00
  5.9555142677728623E-01 -8.7046431612795434E+00 -1.5173257811882175E-02  9.8426763470968848E-02  1.3166136899384220E-03  1.0765414093612494E-01
 -1.0297690322260045E-01 -8.0613174521670466E-02  5.5221896276589202E-02 -1.4649119745619013E-02 -1.3377069427147767E-01  1.3677199088138588E-02
  3.6851364481723436E-02 -5.7255267606652296E-02 -1.6888055187262021E-02  1.6959283674935346E-01 -7.6495322795550746E-01 -1.1149994906120912E-01
  1.1211763170677604E+00  1.5174867525889799E-01  4.6524479750353405E-02  7.1500044562771398E-02  3.3461879100696729E-02 -1.0404768950763209E-01
 -1.3359252915532371E-01  1.1961537049395310E-02 -3.2099704420542158E-01 -1.1739912878623635E+00  6.2113068318713516E-01  1.9900878591103370E+00
 -2.3433401941749304E-01  2.2941255350919995E-01  2.9362935945319173E-02  4.1438604018787895E-01  2.9636508277160750E-01  3.6794410296544580E-02
 -1.9819442227328006E+00  4.1643145623479377E-01 -9.3735896935576668E-01  1.4990155656365343E+00  2.0078612767841730E-02  3.6332144290590720E+00
 -2.1749197718750759E+00 -5.1333744964728445E-01  1.3035865882219855E+00 -2.4366820430418299E+00 -8.7835443669220151E-02 -6.0636677503506853E+00
  2.1236959734892169E-01  8.7422548847977760E-02 -1.7939778092631309E-01 -1.0993665203738136E-01 -4.9160590022192939E-02 -6.1746572332443711E-02
 -2.4755025412726420E-01 -2.2190121071423570E+00  2.9661265423412847E-01 -3.4834876587128749E-01 -3.5821217790819571E-01  3.6076761000144192E-01
  3.0336788948004345E-01 -1.9622249027594817E-02  6.0034605786333750E-01  4.6809796262359572E-03 -3.5102456204492416E-01 -4.2958732629357560E-01
  4.8124042373054637E-01  1.6676933795702209E-01  6.0637700064389358E-02  8.1345262538829594E-03  2.4459719352152340E-01 -1.5951062403297132E+00
 -8.9953990579816012E-02 -9.4046824972862150E-03  3.4585131442345152E-01 -1.8308327083452455E-01  1.0066411159497635E-01 -3.8107434245276778E-01
  3.0821964309215105E-01 -1.6496779038274831E-02  5.2764224569678615E-02  2.6011235302813568E-01 -9.9032359805152209E-02  5.6001590388585465E-01
 -7.8861339158195487E-01  5.3253066450537363E-03 -7.2886992618503607E-02 -6.1694858715323424E-02 -4.0601782991176116E-02 -5.5766956012939406E-02
 -1.0118660070475589E-04 -1.2722546236662649E-02  1.4322846629895249E-02  2.4281396370757866E-02 -8.3247017288632947E-03  1.1398226436914374E-02
 -3.2493126406907519E-02  4.0282015703433267E-03  7.3939075256297462E-02 -1.9717588186278541E+00 -9.9399267039910200E-03 -6.0701638547343154E-03
  2.8950589899197715E-02 -3.9373683016030996E-02 -4.7632831710085387E-02 -5.4203846155500678E-03 -3.6670667934559070E-01  1.4609215832847240E+00
  5.0977989578910621E-01  4.2316193807850309E-02 -2.9727457330199009E-01 -3.7470765509617532E-01  5.2536125426346347E-01 -3.6957708484238179E+00
 -7.4960924305479038E-01 -4.3679956444561956E-02  3.1018417866334419E-01  4.8491430195818669E-01 -2.4021194810802132E-01  1.4662883866621848E-01
  2.2486112784985531E-02  1.3279681233124901E-01 -1.7713316879419286E-01  1.2832561002626114E-01 -3.5744705424496974E-02 -1.6855100459804262E-01
  6.7893153259636763E-01  3.8868577231382810E-02 -9.8507373628018230E-02  8.1315309518891876E-02  4.0296153186501864E-02 -3.6824024848264435E-02
  8.0271562939602664E-02  3.5886640677609348E-02  1.7343291256134621E-01 -1.5034463618083041E-01 -3.0418729003501691E-02  1.2845472716280823E-02
  2.4741544181280089E-03  2.8870186995664249E-01 -8.7296921364531252E-02 -4.1453470686508237E-01  2.1057502022872626E-02 -2.5980763119293612E-03
 -5.7713736618275134E-02 -4.3666344602267586E-02 -1.3234135820224519E-01  1.2687566794901162E-01 -2.6965958081204094E-02  1.0153825133683455E-02
  1.4376086346150310E-02  2.8247373283344281E-02
ORDER     2 BLOCK     4
 -1.1265921637267022E+00 -5.1381220176883469E-01 -3.6820236007288304E-01  8.3775666313398234E-01  6.8076857383871606E-02 -6.5387177529574347E-01
  1.6943009458391103E+00  7.9846438645618398E-02  1.1957393525362892E+00 -1.9221155715688258E+00  1.4095509310015419E+00 -7.2365079227916207E-01
 -4.3689501371760625E-01  7.0181055707745088E-01  4.7782639420056777E-01  2.2684865863800621E+00 -1.3571988527634913E+00  9.8559955774064334E-01
  2.8100641072730221E+00  5.8227071661578633E-01 -5.6200095791743687E-01 -2.2361848183618864E+00 -1.9638989883887843E+00 -2.9167725821469879E+00
 -9.9986772635463617E-01  7.8428241968625445E-01 -1.9099786921939450E+00 -1.1584169506805511E-02 -6.1650101599057394E-01 -2.1063890722650605E-01
  2.0016371368399839E+00 -1.1772973170628267E+00  2.8405582980432249E+00  1.2430301106530404E+00 -1.7915600808463445E+00  4.2772260326151146E-01
 -4.1459537238410965E-01 -1.0524245431732353E+00  2.5083411354890695E+00  3.2690040275234888E-01 -5.7750024233114439E-01  1.4857213166053587E+00
 -7.5510873989871330E-01  1.0204430943411393E+00  5.2231137807510175E-01 -2.5078178094989068E+00  6.6632114000251874E-01 -1.4746865541464189E+00
  2.7247385807620411E-01 -8.0512670099102812E-01  5.8831333351918458E-01  4.5991012817711785E-01  3.3477452967646669E-02  1.4255873228139571E+00
  3.9870425265295339E-01  1.5030073578205350E+00 -7.3535667774588587E-01 -4.8279241524082833E-01  7.5240322173370955E-01 -1.5658749967472823E+00
 -2.9584280569505955E-01  1.5627414328320618E-01  1.2792363706259364E+00  2.9122233739393732E-01  1.7028904064076777E+00  1.4626689913173180E-01
 -2.8768012143314248E-01  3.0162098347789190E-01  4.6465212874613514E-03 -1.2789729827962079E-01 -9.3047471153342637E-02 -7.9439645205394205E-02
  5.2666381111281590E-01 -4.5883437676183075E-01  2.5394897799153437E-02  1.8018726922564032E-01  6.2628522342175766E-02  2.6045594375781927E-01
 -5.0831078205058744E-01  4.4080268920924331E-01  6.0977688203825806E-02  1.3044038215914378E-01  3.3755168613367859E-01 -2.1279749638081935E-02
 -5.7650033610514728E-01 -6.4143911053391275E-02 -3.5602330449384900E-01 -2.2847653934754064E-01 -9.1539083058387871E-02 -8.1009477331040903E-03
  4.9120580368384906E-04 -6.2771645539524257E-01  1.9579769884525158E-02 -8.1872154356904892E-01  6.1603600576611384E-01  2.0712335812010834E-03
  1.4168845600181232E+00  3.7461890047814093E+00  4.5141189238381854E+00  9.1796147135875330E+00 -2.9089907161549817E+00  2.8687611257987478E-01
  9.6513089948134800E-01 -1.2922293484430117E+01  2.0401022687889738E+00 -3.1189064945098871E-01 -1.1749658204143572E+00  1.2277050925313617E+00
 -2.5774167259191780E+00 -9.8825940944191434E-02 -1.8140624183883577E-01 -5.1444154393728847E-03 -4.1400628821678485E+00 -1.4824986301802179E+00
 -1.4445882444625509E+00  3.9225497110466845E-01 -4.0063673746311002E-01  3.5571117216131787E-01  5.7444732726441403E+00  2.3836538354854051E+00
  1.6522763694743585E+00 -4.6406256826185627E-01  7.9747983665447197E-01  1.1546676402682505E+00  5.3071558443502209E-01  2.2696551147761312E-01
 -3.9297180360297018E-01  7.4533616161873067E-02  1.8559754470820292E-01 -4.7685396608233888E-01  1.5013872911414836E-01 -8.1392726805675253E-01
  1.1613112963490770E+00 -3.9918256284185188E-01  7.0589975935153082E-01  4.8388861510026016E-01 -1.6069824226801050E+00 -1.2227683856513449E-01
 -6.1079250542457308E-01 -5.5140525701354881E-01  4.2499365943797240E-01 -4.2909164150424770E-02  9.2790479482404833E-02 -2.2554782283189527E+00
  1.7277576748404413E-01 -5.5563242848514816E-01 -6.4611217235725948E-01  8.3594795848616385E-02 -2.2196764551929954E-01 -1.2523245288151177E-01
 -5.4778624137785270E-01  1.3173259769836569E+00  9.7814845565336439E-01 -2.3377118601796068E-01 -1.5998510790607354E-01  1.5571656691205263E-01
  7.6339442359481968E-01 -4.2537513262695892E-02 -3.5386615009909417E-01 -5.2882724739721507E-03  2.8844157544865362E-01 -1.0353112585819982E-01
  1.2089460816903806E-01  2.1014427935200088E+00  1.9223363550026559E-01 -8.8238459456650520E-01  1.1840315498143096E-01 -9.6787016303659407E-02
  2.6760371535830585E-01 -6.1153650929874868E-02  6.1631687964506354E-01 -6.6951688165715713E-03  3.6258237954650968E-02  1.6940699205159163E-01
 -3.7717378327853068E-01  9.1021435107325466E-02 -1.9686939277266180E+00  1.0604099758509125E-03 -4.6024358987472279E-02  3.0519469871147054E-02
 -5.8578749012913808E-02 -1.8402172889132337E-03  1.9101576621547340E-02 -2.3654541729267568E-02 -4.7937133946337300E-03 -7.4944702122190079E-02
 -8.4029293014563411E-02 -2.6526441572358592E-02  1.3080712628245322E-02 -4.4174262552893811E-03  8.3876111836672693E-02 -1.4590416632527342E-01
  8.3892778621209463E-01  1.3196317969530066E-01 -2.3568293630246984E-01  2.0985427687149302E-01 -1.1158528372145256E+00 -1.5978512388395677E-01
  7.2695079082371772E-01  1.3545818921975383E-01  1.0223980503346355E-01  3.4824810008235819E-02 -9.0934582607945361E-02 -1.1369518459918987E-01
  2.0378327309401828E-01 -2.3555727696618092E-02  1.0536531651276710E-02  8.2827573989755454E-01  3.8662889986034910E-01  1.0087017039439866E-01
 -5.2392860831631127E-01 -1.0315641480084632E+00  1.7766333168670523E-01 -2.8369003439754936E-01  2.7594742999676836E-01  2.2774142312666698E-01
  2.3063746265491805E+00 -1.1331391466992533E-01 -7.2473560514744695E-01 -4.6104886995181682E-01 -1.0913536579399131E-02  2.4078604607961915E-01
  1.1691485378747117E-01  6.5134990327478229E-02  9.4262915211578119E-02 -1.9809925326271853E+00  4.4346944184614900E-01 -4.2933227232176158E-01
  1.1497886764328000E+00 -1.9253479896722818E-02 -3.0193895262141468E-01  2.7412165827821044E+00 -6.0526911325082067E-01  7.1768564211600838E-01
 -2.1082030415450599E+00  1.2443347127488260E-02  5.9332434630435860E-01 -1.3369236312862622E+00 -3.2750576542500832E-02 -1.0642442325146378E-01
  1.3889195265258830E-01  1.0891364855739449E-02 -1.5398330601710050E-01  3.9417978197221987E-01 -6.6139329258134572E-01  1.5734551625769000E-01
  8.3844641635771197E-02 -4.5022321453605746E-01 -2.5530528997151059E-01  2.6578442877592274E-03  2.9657351659835751E-01 -2.3647134876935899E-02
  4.7820026248159647E-01 -1.0358253271630791E+00  3.0466389952632265E-02 -2.8896997107417541E+00 -8.0335639629792566E-01  1.4483479798013814E+00
  9.0949565356271106E-02 -1.3795472445530885E+00 -4.2023463664623839E-01 -2.8196684687421247E-01 -1.6185281116700864E-01 -5.4447254165329473E-01
 -1.3859147084107180E+00 -5.1397081439639378E-02 -4.5626896786155030E-02 -4.3568307472480458E-02 -1.8341069493621232E-01 -8.3937571892617191E-02
 -2.4057815613378414E-01  3.0939792754376644E-01 -1.0592708993726742E-01 -1.1627332501651463E-01 -3.5621447677994955E-01 -8.2611760188469482E-02
  2.7211582283652037E-02 -4.5916956652329910E-01  1.9309959473713709E-01  1.5701649709995172E-01  2.0505063617030932E+00  7.9715754453878754E-02
 -2.7446908407220003E-02  1.2899430260195032E-02  1.0696353276940691E-02 -2.5315986317152855E-02  1.6579401770692729E-02 -4.1450004283947297E-03
 -5.6244111482821471E-03 -1.6141061675449847E-02 -1.4467301835851579E-02  2.8150832475707967E-02 -3.7578720343646184E-02  2.9070233499727673E-02
  7.5563105201029070E-03 -1.5652064572858086E+00 -8.6680602730947187E-03  1.7404869781767186E-02  1.2934574125519133E-01  2.0766414307267853E-01
 -1.7289845214595137E-01  2.5689659702395427E-02 -6.5951406485254258E-02  3.4713813246783496E+00 -2.0458417178377278E-01  3.5535492953825260E-01
 -1.6105673193383796E-01  3.0516272582093631E-02 -9.5576432932856538E-03 -9.7623071489859505E+00  2.6317414114667148E-01 -5.2688149724676836E-01
  2.1307156065188684E-01 -3.4358339938724412E-02  9.7274844320427239E-02 -5.6251012510620937E-02 -1.5583387481829963E-01  7.5398943673259458E-02
 -2.2603970433759713E-02  1.0824736268882067E-02  3.4309645090524969E-02 -3.6797798370288121E-01 -5.0492527652828030E-02 -1.0602141170181630E-02
 -3.4588589812207457E-02  1.3521974714636011E+00  2.8599488596175358E-02 -3.6606231948108962E-02 -6.4145710625376537E-02  5.7199096499651214E-02
  1.1033132031628919E-01 -5.8396823102622772E-02  6.1774192278209510E-02  4.0073156505584665E-03  2.4085126419722519E-02 -1.8895921930349788E-01
 -6.4435500415374722E+00 -1.5480563567463922E-02 -3.4089823759002290E-02  3.8161139758695223E-01  1.7672331076956798E+01  4.7588045008572638E-02
  3.1794424818345879E-02  1.3186926259707960E-01 -6.2959453529934747E-02  7.8593239065117351E-03 -1.8676398693185528E-01  1.1874151449552477E-01
 -2.9722850653620236E+00  1.5346242829991487E-02 -2.0348405207521521E-02  2.2642197402147433E-02  1.2021427463624829E-03 -7.2514878963288038E-02
 -9.5125933244307626E-02 -9.5107126357533295E-03  3.6697419469468463E-03
ORDER     2 BLOCK     5
  2.5886630874137773E-01 -9.5798126834936506E-03  6.8001192256606191E-01 -2.1042723876716245E+00 -1.8226283011655480E+00 -1.2434273287958990E+00
 -1.2245266979737475E+00  1.1563102066363447E-01 -7.1712297809284953E-01 -4.6411040974871687E-01  1.7525087826314656E+00 -3.7268023336814715E-01
 -1.1453791365345595E-01  4.9796612072023662E-02  1.1376912684324418E-01 -1.6008162166505286E+00  3.7137817067047791E+00  1.7197245507636532E+00
  1.2653895657488341E+00 -8.8573203897020947E-01  1.0660092886565755E+00  1.9184216238556246E+00 -2.2622866130978951E+00  2.4237444838244713E+00
  2.8785143468885575E+00  1.0687331550702770E+00  2.4280794152493530E+00 -1.4211689398570581E-02  3.2309709061256980E-01  7.1630734099321758E-01
 -6.3503436648581735E+00 -1.4807148905338188E+00 -4.2177716737691613E+00  1.9117941717147089E+00 -1.8547091999440719E+00  4.2917685469191863E-01
 -1.4955656486061375E-01 -4.6879121511053423E+00  2.4011833106030283E+00 -5.3857823872918287E-01 -3.4221183265170936E+00 -1.0897481941522200E+00
  6.7779729542803022E-02  8.8136038034133923E-01  4.8739282751693995E+00  1.2904521645726406E+00 -9.5581829360738085E-02 -1.4762078579560225E+00
 -1.1162415063793953E+00  6.9244327681920947E-01 -1.3352884690443563E+00  8.0972575933206592E-01  1.7590928867660087E+00  2.8693397248526048E-01
  6.6575077432277419E-02 -1.6119382895404191E+00  2.3150248148901751E+00 -1.1789312812711599E+00 -2.4273663774997969E+00 -2.1830249678127248E-01
 -1.2255664001966630E-01  6.4488757798739427E-01 -9.9718978160411809E-01  2.8572298301692317E-01  1.2620347989208816E+00 -4.1593897888205084E-02
 -2.0202813556385341E-01 -5.0733702426614025E-01 -4.1535234411208981E-02  3.5200533407158764E-02  1.2729635591365066E-01  2.1691770303249058E-01
  2.0196368006187790E-01  6.6693076484945557E-01  2.8556934940841047E-02 -4.5605460337488531E-02 -9.2908139965798137E-02 -3.7116415082398452E-01
  4.1213555366291121E-01 -2.0267981265474352E-01  3.8204012306816068E-02  4.7021824441333147E-02 -2.9910749940893039E-01  1.2764809894169266E-01
  3.1833645538242017E-01 -1.1325739363092686E-01 -1.8979128687738656E-01  1.3345635242218226E-02 -2.6610992736739628E-02 -4.0839299747679357E-03
 -4.0851774529091222E-04 -1.0712639406074607E+00 -6.3011439285876585E-03 -2.5654597142526003E+00  1.8037219875828383E+00 -2.0216927538561254E-02
  1.6797380258360901E+00 -1.5843415929596243E+00 -1.1723222956845207E+00 -2.9618639318928506E+00  2.1064626165150289E+00  2.1146423814813411E-01
  9.8927766105264048E-02  3.5667472521206491E+00 -2.5254606418262395E+00 -3.4883383356602160E-01 -2.4100062732255847E-01 -3.8381699208407272E-01
 -2.9877825887311960E-01  2.3762024895161002E-01 -8.7351961575184811E-01 -6.7527108646193161E+00  3.3239623710482564E+00 -2.5545425318234933E+00
  9.7378646446540074E-01  4.1057235202682141E-01  9.6627205433738728E-01  8.2638310757683993E+00 -3.4726733214722749E+00  3.6791185035130547E+00
 -7.6497709632378885E-01 -4.1236129923237863E-01 -7.9254523786219055E-01  8.0055956951643403E-01 -1.5059565201160969E+00  1.0370071006606019E+00
 -1.1982727311786830E-01  1.9795137284025571E-01 -8.5780057509349181E-02 -7.2542422273738150E-01 -6.0040673792095042E-04 -3.0666474973008973E-01
  4.0055867634869013E-01 -1.5029309794415660E+00 -6.0316128150182979E-01  5.5830014348696233E-01 -5.3067261929978560E-01  3.6509804580713081E+00
  4.7658161718913600E-01 -5.6404556191384958E-01 -4.3097180477110397E-01  5.4398474508394268E-01 -1.5902746470043644E-01  1.0826354631227635E+00
 -3.9876820144679810E-02  7.4565251155933232E-01 -1.5934726950097050E-01 -4.7209875493703557E-01  1.0485708902165600E-01 -3.4956937556497919E-01
 -6.3239619607145595E-02  1.1812055589458685E+00  3.6605837016987436E-01  6.9270063082770184E-01 -5.6596931534113359E-01  3.1369305373086026E-01
 -5.4495776666418683E-01  1.2593565135965062E-01 -2.1755985919062207E-01 -5.0100359297619759E-02  1.7649110263037485E-01 -5.7690377140019858E-02
 -2.9174698018349882E-01 -1.4052598959989944E+00 -2.6086251890773444E+00  2.8656711747503665E+00  6.2299282721365347E-02  2.3256493698897163E-01
 -6.2806496183560234E-01  7.6972331511215866E-02 -1.4562064267614352E-01 -3.7812831194139168E-02 -2.5814631526793429E-02 -2.9050991397796855E-01
  7.8545336630104201E-01 -5.6906918814105638E-02  2.0885032911190118E-01  3.6555703788654005E-02  2.4321909973838138E-02  9.6506092847450362E-02
 -7.2951542028579730E-02 -4.8960905314204980E-02  2.5092567621245129E-03  8.4171092941311750E-03 -1.2467829306570347E-02  2.7919887262307121E-02
 -2.4959299076556817E-02  3.8803488183631801E-02  4.5324314335695774E-02  8.0543571934775626E-02 -2.5407540051587324E-01  4.0489152902776750E-02
 -5.0780828535911419E-02 -7.2574897594513488E-03 -6.8753149499080279E-01 -2.8062282679364146E-02  5.3834241218492854E-03  8.3283238692603932E-03
  2.3566423762320858E+00 -2.5925805420048829E-02  4.9850455300132858E-02  3.6440708113435090E-03 -9.3356715619953238E-03  1.9416786867432284E-02
 -5.9832458088427333E-02  1.8760405609890122E-02  1.4213031028497703E-02 -1.0522394061840621E+00 -3.5963666602927241E-01  3.0448785468008349E-01
  1.0090177391465764E+00  1.4530830497124578E+00 -9.5187674575874093E-01 -4.7069645577246455E-01 -2.0548324817842625E+00 -2.2917429446846518E-02
 -5.9368043163433015E-01 -1.1407614981271639E-04 -4.1941302937580011E-01 -1.1378235226853368E-01  6.2048476796402664E-02 -2.5216045470700971E-01
  1.2066806006598518E-01  2.6623921741666265E-02 -3.2794587664312141E-01 -3.5152900392121977E-01 -9.4030063564463015E-02 -2.3066573747084868E-01
  4.8540506868184791E-01  8.3947663175245144E-02 -4.1110783377277321E-01  4.7107532866026236E-01  1.2635241586599319E-01  3.7539219052291511E-01
 -1.2923343914552834E+00 -1.0058251613825965E-01 -2.9074212145270045E-01 -2.8171986583885045E-01  4.7279767975098946E-02  8.4292059125749559E-04
 -1.4348728694381701E-02 -1.2501610981776158E-02  2.4121503362417826E-01 -1.7329434609000011E-01 -2.2635851538961599E-01 -2.0052195857957787E-02
  1.2562925068505026E-01 -9.8140303751509936E-02 -5.0047537784412392E-02 -1.8010254876355974E-03 -9.7232675781178685E-03 -2.8347702696912189E-03
  1.5962189450603308E+00  1.0569200763705251E+00 -2.1402918824738262E-01 -7.9602075827826257E-01 -2.2732414751648227E+00 -1.3378695619394934E+00
  1.6549099620144339E-01 -9.5623912315086756E-01  1.4067869214934928E-01 -6.3710442740506656E-01  5.6098669055388788E-02 -1.5419194783221540E-01
  8.0540764708030976E-01  3.8465629463397372E-01  2.4148335350325506E-01 -2.5572089261418188E-02  5.3978510665831558E-01  3.7634642318572137E-02
  6.6173073204572691E-02  1.5634939760461253E-01 -2.3853722568812261E-01  1.2908756594910184E-01  1.7766539928156924E+00 -1.7811658925766662E-02
 -2.0619779850755707E-02 -2.1245063046545631E-01  2.9655353866508233E-01 -1.9292466771166805E-01 -7.3764446857927179E+00  1.3728455014208503E-02
  2.1543678286218174E-02 -2.7045122589611684E-02  5.7003940920087190E-02 -1.9892764407667702E-02  9.5633322679418917E-03 -1.3295598926639179E-02
 -1.8239059513639978E-03  5.4799275755383896E-02 -5.8479785257292319E-02 -1.1506824044670865E-02  5.6689868451892042E-03  4.6470312227884232E-02
 -1.3720521962548610E-01 -4.1578788740067130E-01 -5.6118763391300522E-03 -1.9830534128404552E-03  7.4650153212056473E-04 -9.1628829568200839E-03
  4.2090843966924732E-03 -1.8787555691749357E-03 -3.4441139833429157E-01  8.7248837844750575E+00 -1.0911575279814258E-01  2.1328812694519780E-01
  4.7031644196017242E-02  1.3359359105378474E-01  4.7523270139611218E-01 -2.3825902128877605E+01  1.2136565021408978E-01 -2.9518703345395930E-01
 -5.8870512989831605E-02 -1.5662225686358064E-01 -1.8285249638538445E-01 -3.0853106510316358E-01  4.4926432282476764E-01  4.1857510723244784E-02
 -5.9388653109221340E-02 -1.7943187423132927E-02 -1.1930543512594273E-02 -5.8035621089015188E-01  1.6709828888492886E-01 -3.8552807163820021E-02
 -1.0384117466582103E-01  6.2042034335108660E+00  2.0560225898832159E-02  6.7715532381089029E-03  9.0728400058446290E-03  6.6311671037513099E-03
  3.4183707605770133E-03  6.7215595151333372E-03  5.0982727437563512E-02 -3.4345191279074616E-03 -5.6996103693341552E-03 -5.9743802913872535E-01
  2.6242807993027211E+00  1.6616169927683555E-01  2.1365727104129528E-01  8.4711747854643238E-01 -6.9443947980265559E+00 -1.9653520955606241E-01
 -3.7875673649543595E-01 -6.8505095943511049E-02  4.8770990021111854E-01 -2.8190651374271257E-02 -4.5275717852078207E-01 -1.7146582539251679E-01
  1.7630322978702337E+00 -7.5423626509034281E-02 -1.0689494277638214E-02  2.6224508928648018E-03  1.3331626712953066E-02  1.1126265755694954E-02
 -9.2636792149993860E-02  1.8803813767972459E-02  7.0357186334577149E-03
ORDER     2 BLOCK     6
 -1.0733922176671680E+00  6.8834727608708457E-01  1.7495991667031054E+00 -4.5541716515314079E-01  3.7469592211006414E-01  1.0983111575596519E-02
 -4.7773731952912940E-01 -4.6041668262705067E-03  1.3746407724705312E-02 -2.6499742057961122E-03 -2.2265443328970905E-02 -1.2769557522087620E-03
  4.6688757958245654E-03  2.3179607870460989E-03 -9.4535070601301570E+00 -6.1132780553305133E-01  1.2252935890186572E+01  1.3196480359831049E+00
  5.7919963286354059E-01 -7.4111756310915344E-01 -3.4472067240889637E-01  8.8330165525201352E+00  5.0740697739330365E+00 -4.1658688124145815E+00
  1.2773401976532892E+00  9.6281208873464141E-02 -1.5112986764620340E-01 -1.2252017345070843E+01 -7.5468621464872125E+00  7.2369356933988627E+00
 -2.8877592431723169E+00 -7.9583786042515836E-01  1.0496308235964591E-01 -6.4170340737195930E-01  3.4046246049728984E-01 -1.3574641659326749E+00
  3.4249788886741045E-01 -8.6875487189377143E-01  5.1096670925917798E-02  1.0019495902700046E+00  2.0079403739254378E+00 -1.0149834465509256E-02
 -1.4984169981322708E+00 -2.1735318362417144E-01 -1.3718607396067264E+00 -6.0017457156727949E-01 -7.1316327914282418E-01 -1.0504838328875644E-02
 -3.5255442227368690E+00  1.9248728797320778E+00  5.3932297320804468E-01  9.4144182634598849E-03  5.6445698281458109E-04 -2.4818898861542392E-02
 -4.5473352089297023E-02 -1.3959922061984004E-01 -1.8283366428575182E-01 -7.2953434081353366E-02  3.6115272267594428E-01  4.1715675152081966E-03
  2.0881401274461781E-01  3.3760850758962624E-01  1.6588839846632167E-01 -1.8161786651191747E-01 -2.5487745165973442E-02 -3.4248485218045174E-05
 -1.4401485672747433E-01  1.6710097759583327E-02 -1.1107576987058675E-01 -3.2870765325519047E-01  3.3256443642141077E-04 -1.4754154841630673E-02
  3.9132022759405333E-01  7.6394349401894568E-01 -1.4431168243358794E-01
ORDER     2 BLOCK     7
 -3.0732695239480576E+00  5.9788065686762835E+00  2.8509595910674257E-02  1.2960903859640440E+00  4.2183896810431492E+00 -8.4690342242068652E+00
 -3.1470091668125910E-01 -1.8686177870923122E+00  3.2414561970453526E-01 -3.8304098155751615E-01 -4.7707156206932749E-01  5.4047997191219062E-03
  1.0201354422771883E-02 -1.2184694180814078E-02  1.1419912687324644E-02  8.3344119245389158E-03 -1.2466825601955766E-02  2.4438113509645625E-02
 -2.2099501672147876E-02 -2.4556149004541481E-02  2.6844908775082641E-02  5.2538739612579544E-03 -5.1612355277837030E-01  2.4596021076986063E+00
  7.9671041284218436E-01 -2.3948201200825463E+00  2.7078586489230561E-01 -3.5061407042787844E+00 -1.6933695938377471E+00  3.5450396248063627E+00
 -5.4842455899475617E-01  2.7757375899372780E+00 -2.6785360437663924E-01 -1.2113273136364577E+00 -4.1403420511165852E+00  5.5618840060687154E+00
 -1.2046226995934883E+00  1.4979798227304522E-01  7.3580949421830777E-01  1.8116366334105964E+00  5.9049560656542761E+00 -6.9276354338967829E+00
  2.3854118291590254E+00  7.1054598838329847E-02 -1.9279405429384138E+00  8.9154138469527744E-01 -2.0041638125706487E+00 -1.1168857241302443E+00
 -4.3980771813612249E-02  4.4978630716332529E-01 -1.5832368898190397E-01 -2.1832244504687113E+00  2.4781953933813279E-02 -8.9562844279075376E-02
  4.1613099084495658E-01  1.0870030847428940E+00  9.7633487045888714E-03  3.2026820505492498E-01  8.7847063540146231E-01 -4.8467305137671918E-01
  1.2870126535910624E+00  1.1936811655047182E-02  7.8085740871369902E-01  1.2712148526465845E+00 -7.2506510446140848E-01  8.1704385138438290E-03
 -3.9291763118921008E-01 -8.6207654170763648E-02  6.1711547720652737E-01 -4.7217098095244374E-02  3.4867410617625829E-05 -2.3836654897969704E-02
  8.6882920188160184E-02  8.7544900048143887E-02  6.0494946917993064E-02  1.2138506650126624E-03 -7.4401755655185128E-02  1.3250566044861645E-01
  4.5804154629795937E-02  8.6331676547946254E-03 -1.2618156846542281E-01  1.3985502541156994E-01  2.3466933303881929E-01 -1.7623988025269530E-03
  1.1924114883407640E-01  3.1245901110871444E-01  4.2496857633277985E-02  4.1562458265665159E-01  8.0668786111900113E-03  8.0165701911244491E-01
 -3.4234563550067165E-01  2.9356701247927556E-02  3.8455672236958427E-04  4.3998093096079320E-02  9.2668268722697327E-03  2.0062198431877445E-03
 -1.8882963254683346E-01  1.4233758630289993E-03 -9.6825979004989821E-02  1.8523056983664590E-02 -1.5434479597903838E-02  2.1926315434276039E-01
 -2.6416556490156413E-03  1.8404628600220338E-01 -6.3676214686722049E-02
ORDER     2 BLOCK     8
 -2.8157739407741906E+00 -3.2356558441565203E-01 -5.5038926646022679E+00 -1.4741088786182608E+00  3.2451926340062115E-01  3.8929401756044610E+00
  3.8145122030322360E+00  1.5219903366870369E+00 -7.9948850567596277E-02  2.7365067798081228E+00 -7.2479476093551232E-01  2.0710634334888338E-02
  1.3689804624506463E-01  1.1389665270927805E+00  3.2741734558421542E-01  7.1734798261845460E+00 -1.4588544727455703E+00 -5.5959786372922915E+00
 -7.0413860317354189E+00  6.1214385866465193E+00  1.8678534157672017E-01 -5.0382394266187109E+00  9.3561815523448755E-01 -7.7102471864925564E+00
  1.3869157927307791E+00 -3.2026397072951225E+00 -9.0256958759509835E+00  2.5280546255307818E-01  1.9425625490011644E-01  3.9425720966938782E-01
  3.8841707408017789E-01  4.5861169352773805E+00  1.1533476598963293E+01 -4.3920144476731853E+00  9.5188503845037542E-01 -1.6075658137327606E-01
  3.5208945585650027E-02  1.0751688126254457E+01 -1.2536298581869119E+00 -1.9659315115784926E-01  6.0681083613087736E+00 -1.1192617071977280E+00
  5.9154146530510709E-01 -4.4506649405017945E-01 -8.4457889033714526E+00  1.9695544506702327E+00 -4.7204887550918251E-01  9.7175749925239185E-01
  6.5892548223625236E-01  1.1772374149414324E+00 -2.6975771593272593E+00 -1.1669790511506579E+00 -1.2057456058635057E+00 -7.1022073894008486E-01
  1.6883849820348878E-01 -8.6333016347569613E-01  3.3323257793583467E+00  1.4483588647332921E+00  3.6445628478102741E+00  7.5401962186094929E-01
 -1.6359266735751643E-01 -1.5087057265733303E-01  3.5562734576337585E-01 -4.0526531997826887E-01 -2.2974136499929014E+00 -2.1326874835124880E+00
  1.9673158668360458E+00  7.1369857580231888E-01 -1.5542047414157395E-01  1.0295482868927686E-01 -5.4825456264948398E-02  2.6377769367199431E+00
 -2.4995129057391847E+00 -9.8707799797338569E-01 -7.9796657148705499E-02 -9.3522707240723202E-02  2.1631265758558664E-02 -6.6976182637253719E-04
  2.4899231052433982E-01  1.4795010284348167E-01 -2.0414239260374453E-01  8.7370282530511739E-02 -1.2752804323701741E+00 -2.5507596215790995E-01
  2.0404598812818682E+00  1.6431726648619041E-01 -3.8772370639905303E-02  1.1048170072835338E-01  5.6352019544075420E-02 -3.1866441124661873E-02
 -3.6379310697747652E-05 -3.4593402289954561E-01 -1.6656855895930137E-02 -1.4207725331547496E+00 -4.5583470615843185E+00  8.5015813711676047E-03
 -4.6480800869172639E-01 -1.2956346736581903E+01 -5.9627341359159685E+00 -5.3086163450646165E-02 -4.5634762220467859E+00  2.6485316507396522E-01
 -9.2593856212491643E-01  6.0251990889205898E-01  6.5991943972358893E+00 -1.9863526096181588E-01  9.6373851261578780E-01 -8.7812598285448851E-01
  1.5679230624831126E+00 -2.1057529319058971E-01  2.4516301688532124E-01  1.4640476729638975E+01 -7.2280565541387016E+00 -3.5968023422016611E+00
  5.8814632711907533E-01 -7.8501338271599341E-01  7.1804665398110798E-02 -1.9420717686489219E+01  9.0080231661109558E+00  5.2372161798767873E+00
 -1.0840264129959869E+00  4.0142118950328498E-01  9.2624901330071244E-02 -5.1379593081185637E-01  4.0564554120979884E-01 -1.1625651477469938E+00
 -1.9567340500672417E-01 -5.4345172917597127E-02 -7.1536961718789904E-03 -6.3630719251314166E-02 -1.8931253095367029E-01  7.2759447617577666E-01
 -1.9123368892918242E+00 -2.6730493214792594E+00  1.1318690992327087E+00 -2.6476502315509032E-01  2.3240546125840091E+00  6.4151832297662903E+00
 -2.4961920688069639E+00  3.0039073397672261E-01 -1.3930522251312247E-01 -5.5398488149598979E-01  9.1490757337069087E-02 -7.3515960022781068E-01
 -6.5460213822789504E-01 -2.8724507449330074E+00  5.7547700665232981E-01 -5.5468911099717777E-01 -1.2252195429607204E+00  7.1030720184678053E-01
 -1.7541400953597246E+00  7.2673259389900906E+00 -9.4861583655874382E-01  4.4950264418634778E-01  2.9080109761928492E+00 -6.7738226364633580E-01
  2.1932777509719146E+00  4.8185480030841149E-01  6.7038995110264021E-01 -6.9193369497255963E-01 -8.0297452241437384E-01  5.7873418162186285E-01
  4.4693145006255847E-02  1.6777363741382383E+00  4.2317369602360051E+00 -2.9500693228976238E+00 -3.8326564247547240E-01 -1.0631667797921980E+00
  8.9612753586951110E-01 -8.8729381531726481E-01 -2.4700956161566395E-02  5.6984435992842933E-02 -3.9134972078807027E-02  1.5523012526850171E+00
 -1.1651431889174717E+00  1.2435538299541791E+00  4.3392737425197780E-01 -1.0791864199706211E-01  3.6487131517628252E-02  2.3403078255322108E-02
  1.0208738012679756E-01 -5.7456703474152764E-02 -3.7539678783000227E-02  6.7466358259544265E-02  2.2722334274085803E-02 -1.7020947386267173E-02
  2.1858423646473502E-02 -1.3714460949047128E-01 -1.5692799183788053E-01 -2.0224623740366790E-01  2.5720170331345987E-01  8.7069654262904403E-02
  1.2245433157853683E-02  1.6660130448595196E-03  1.8525891368787062E+00 -3.7166459245707273E-01 -1.4356664733340463E-02 -5.9085845488087360E-02
 -4.8140325115961007E+00  1.8658068612553539E-02 -1.4023073738181527E-01  4.3097099903105292E-02  6.4930745314439858E-03 -5.1562126987231609E-02
  3.8395341398468605E-02 -1.2581642342564195E-01 -2.5965650819537573E-02  1.2840491982893050E+00  8.3150053355808284E-01 -7.1820057643449328E-02
 -1.0958872901814543E-02 -1.7482799319138693E+00 -4.2666870320124572E-01  4.1329837645949670E-02 -1.5039095533086058E-01  4.9807861434548545E-02
 -3.0141104628622700E-01 -3.3573872776605646E-02  5.7239178189899076E-01 -5.3118724082508340E-01 -4.3996131950808459E-01  2.7860412111746713E-01
  2.9981189109172069E-02  2.6375021944763103E-02 -2.8496664330576593E-01  1.5145770871533561E+00 -1.0195233957738548E+00  2.0307403933071944E-01
 -6.9236108066340385E-01 -1.1955443213216280E-01 -8.3817979943152299E-01 -2.1262189485857492E+00  1.3854314858554564E+00 -1.3412612618966865E-01
  1.4346731882498895E+00  1.2724335435468723E-01  1.7514917577688074E-01 -7.6965096653751494E-02  6.4982428785129484E-02 -1.2572636024106382E-01
  1.1815259690147739E-01 -2.2313612069712625E-03 -7.5427867621820535E-02  1.0271031127740831E+00 -7.0865571087048007E-01 -2.8185571702661621E-01
 -2.9550503558767216E-01  4.1920414176534121E-01  1.7718536073738947E-01 -8.4894605943239554E-02  1.9986643805910459E-01  5.2072337295301619E-04
 -1.9792077320166666E+00 -1.6493982210011984E-02  5.2105283647513823E-02 -5.1735594578872612E-01  2.3892866729580482E+00  2.6845533403374977E-02
 -5.2584588972130281E-02  2.1034704215887454E+00  4.0349787940402326E-01  3.6321727288733480E-02  2.1998024809423691E-01 -1.2988940688468700E-01
 -8.2783028747112231E-01 -3.0690035518717412E-01 -6.4963385643260063E-01  9.2068684661553171E-02 -3.7779040961354160E-01  1.6393160208910026E-01
 -4.0104644315165222E-01 -2.6730044103606626E-01  4.7533435668693630E-01  9.6209730856284204E-02 -1.8142745027998322E+00  1.3871230461143824E-01
 -2.1093071259314283E-02  3.1049427672625818E-01 -5.9256845897074861E-01 -1.6223863960637647E-01  6.7938798554695294E+00 -1.1766059755422817E-01
  2.2303128200828661E-02  1.5076970780482984E-02  8.9254595251676797E-02  4.3784075910956982E-02 -4.0781970024890479E-02  9.0333618405384290E-03
 -9.6715803720147497E-03 -3.5121026885606543E-01  2.5211095512153414E-01  1.7869124005772807E-01 -9.8619395590256089E-03 -1.1440926188437717E-01
  1.5559059597101996E-01  8.8614210607495081E-01 -1.8734163882905886E-03 -1.3004542475249792E-02 -6.4807406028712752E-02 -4.6478843418003943E-02
  3.9518412127855604E-02 -1.8808317377393451E-02  3.2773426972105896E-01  1.8073065092890161E+00  6.5566617929851689E-03  5.5023770643513037E-01
  2.4365370157893618E-01 -1.5174155502544789E-01 -4.0454290316800373E-01 -5.2471649718506796E+00 -7.8139396405642152E-03 -9.4318785310143771E-01
 -2.8207610769108360E-01  1.6509270093905307E-01  1.0557622712519366E+00 -7.0629025972657952E-02 -7.9245001429933321E-02  5.5613825107778105E-02
  2.4627303303651302E-02 -2.3460661059635624E-02 -2.9181969153983006E-01 -1.5467258301157652E-02  7.8569887794808835E-02 -3.5591984336424722E-02
  1.2722955322158050E-01  4.9459269314217744E+00  4.7022518270948423E-02 -4.4581428767103588E-02  7.3543894842486121E-02 -5.4376940694819659E-02
  6.7591806257390604E-03 -9.2546440504160023E-03 -2.9774417450729374E-01 -2.7528850606053003E-03 -1.8834648527839146E-02  2.2952630113699862E-01
  4.7064940274771150E+00 -3.5903561961445085E-01  1.0009114391787170E-01 -4.9488392178296919E-01 -1.2684897970058200E+01  5.0974720046299382E-01
 -8.0334845178472156E-02 -3.1807595256505483E-01  3.4951122262533496E-02 -7.5090710515380743E-02  9.4249009553699116E-03 -2.3960196242732829E-01
  3.7937800101010746E+00  4.6697296447627691E-02 -1.1493231545250694E-01 -1.4263155162911845E-02 -8.6722839712158328E-02  1.0390385441554106E-01
  7.2413679877934192E-02 -8.8576218794892605E-03 -4.0012090203866382E-02
ORDER     2 BLOCK     9
 -5.5630361614675539E-01  6.3465127565449704E+00  5.8872368685195131E-01  2.1360313786264351E+00  2.3357489116506009E+00  4.8276322573238994E-01
  2.1253993404202522E+00 -2.3145469695180378E+00  7.7803898174008235E-01 -2.0554591215946516E+00 -7.6434650323777102E+00 -2.3552191867175987E+00
  3.0387338939410755E+00 -4.1240933277391294E+00 -5.0961160831185408E+00 -5.1751319931424957E+00  6.1621169654253034E+00  1.6233344958118179E-01
 -1.2867851390677132E+00 -5.1463922775865430E-02  8.4055305603284419E-02 -3.6885003923337246E-02  2.9495226498169216E+00  3.2919867734142932E-01
  1.8863220029558778E+00 -7.5864785559378300E-01 -5.0874663647822338E+00  4.8718301528140486E+00  9.8239548430642110E+00 -4.5988153501935658E+00
 -1.7774503232318812E+00  3.5694003573165589E-01  2.2808614969524954E+00 -5.6371764537961744E-01  3.0854966162700457E+00  1.6734303205827490E+00
 -3.2729983999998122E+00  7.9212827400970034E-02  2.6058472027472213E-01 -7.5497631417089750E-01 -4.2200265134260544E+00 -2.3379093048695831E+00
  4.7600450677001627E+00  5.0320774871884777E-01 -5.2972198656625580E-01  4.1391808077891812E-01  1.1715698421569443E-01 -2.1219183092621047E-01
  7.9505050380155207E-01  3.0689592076072736E-01 -2.1236931410708064E+00  1.7196759680621010E-01 -1.5896766229935921E-01 -3.3077453485078562E-01
 -8.5989136316489234E-01 -3.1135725238647866E-01  3.5932256546849062E+00 -2.0639389726305502E-01  1.8330857963792946E-01  8.4048099461888903E-01
 -3.1437438283121351E-02 -2.9009149783774468E-01 -7.2588330896401779E-02  3.3144262343540405E-02  5.7364911165635146E-01 -3.5814310661888737E+00
  1.8887767920414547E-01  1.1335414067887817E-01 -9.1558279868775605E-01  4.8405565960249222E+00 -2.1190030831321321E-01 -2.1101547900052325E-01
 -2.9489709865577579E-01 -2.2668119239130197E-01  1.0255569664102482E-01  6.9003717784063412E-01  5.2226850401965019E-03 -5.9914857486982975E-01
  9.4066404901658862E-01  3.1856502906472057E+00  7.4869199956205434E-01 -4.0157273776579974E+00 -1.0962010339701371E+00  3.1575156781143879E-02
  6.1144347993199330E-02 -3.5661311646988098E-01 -2.1905669960096361E+00 -2.4203741401722119E+00  1.3154058064639349E+00 -1.1498100812551559E-01
 -1.0508924474188464E+00 -5.3605258101756881E-01  2.9796703708486327E+00  3.3169931988024319E+00 -1.2544621551971991E+00 -3.5828465573292806E-01
  9.3531088080220715E-01 -5.5955741803042724E-01 -4.0785552258605390E-01  1.7750795525834856E-01 -1.4597030905194852E+00  3.4199711713236902E-01
  3.3459385168316619E-01 -2.6104812220500723E-02  3.7128655012194761E-01 -1.0268658686415877E+00  4.5602623777566960E+00 -1.4096737533819317E+00
 -6.1543514779366078E+00  1.2949856941913269E+00 -1.0222518799593123E+00 -1.2402530691040362E-01 -1.3126929443698760E+00  3.4056817104737942E-03
 -1.6381006399994198E+00 -2.1480867711501084E+00  2.3975043984519377E+00 -1.3118361299649188E+00 -3.9127277411567740E-01  4.0723437575633281E-01
  2.2155526873578060E+00  3.0694544645583419E+00 -2.6542546443576915E+00  1.3810877934483745E+00  1.7525873116721613E-01 -1.1555391803139747E+00
 -5.1568715346995631E-01  4.9696182679656631E-01 -4.0309176190107782E-01  4.8038843769605832E-01 -8.8867152159216312E-02 -6.3731756354264771E-02
  1.4959913801515612E+00 -6.7029219348780089E-01  8.8192344887684126E-02  9.3876732525049333E-01  8.0970017336339339E-01  7.4703439293775853E-01
 -2.6901956594975723E-01  3.4438170844637345E-01  4.3679588337859843E-02 -2.3607908698793331E-01 -1.0650161353884859E+00 -9.8835955826256527E-01
  2.8668717702478269E-01 -1.3885824596832057E+00 -3.6234024410377950E-02  3.1945425696502533E-01  7.5492710073318592E-02 -2.8230255639176735E-02
 -1.5119197948632222E-02 -1.8439260104049338E-02 -2.4550153938642568E-02 -4.6024256725423901E-02  1.6983632492025322E-02 -2.1364978504244979E-02
  1.1302356025064614E-01 -1.3105924760655097E-01  2.0792640214731881E-01  2.5870212679191773E-01 -2.7877504467691094E-01 -5.0483628593150358E-02
  2.0309251328552788E-01  3.2847039294766449E-02 -6.7067073533776403E-02 -3.5120231670069196E-02 -3.8538870235293364E-02  1.5369702389845916E-01
 -2.2930564954181754E-01  3.2973663212014738E-03 -3.3724196994308375E-01  1.4032782757496107E-01  4.4368392381637689E-01 -2.5309068831943266E-01
  1.3872851346399013E+00 -9.9483211840849434E-02 -2.6426374592016189E-02  2.7769493166343528E-01 -1.4449834762116992E-01  1.3763837165184364E-02
  1.9969647316953527E+00 -8.3886442492616442E-01  1.1417259842306051E+00 -7.1195630430481910E-02  6.0184745371429593E-01  2.8227108533107641E+00
  1.4684097518879957E-01  1.1823261886155128E+00 -1.5715631615668133E+00  1.5339558100573131E-01 -1.4358051722104139E+00 -4.5951599976877944E+00
  2.6223889370960657E-01 -7.3830220864047369E-01  6.3581156324498830E-02  1.3254059752074038E-01 -3.9090661514019021E-02  6.6253991654817837E-02
  5.7872612957930436E-01 -1.2289049531670648E+00 -1.0838199445995955E-01  2.3759595715744875E-01 -1.9626600078944642E-01 -1.9930143579715751E-01
 -2.0375230940215569E-01 -9.2660650890364193E-03  4.3597387305157570E-01  5.3455781753876950E-03 -3.1350562296725010E-01 -2.0610344407339759E-01
 -3.2161961523418672E-02  3.0027032289794259E-01  1.5490546805104149E-01 -5.5845928481063400E-02 -1.1640620109697544E-01  2.3113752967256537E-01
 -4.4060969534973704E-01  1.5166180298535181E-02  2.4598180963521182E-01  7.8762080356879283E-01 -9.7745705772164362E-02  2.8446539896111478E-01
 -5.7305348212679345E-02  2.6241581444910608E-02 -6.6702597342869735E-02 -1.1209354481643146E+00  9.6051924692496987E-02 -2.9004034040044530E-01
 -1.3353793880445934E+00 -2.8379330929299475E-02  6.0756842266424672E-02 -1.4770169973871490E-02  9.3373886559871486E-02 -4.7467751769725348E-02
 -8.4441657855273185E-03  3.0444598365586043E-03  2.4481464902671418E-02  1.7448744984729984E-02  7.6348024741272794E-02  1.3259181595380495E-01
  1.4152631930543566E-01  1.5063628286626446E-01 -8.8973307160965839E-02 -1.2873407774799266E+00  1.8089364743110521E-02 -3.2166803375865138E-02
  2.9093082111964055E-02  1.8942146979884247E-01 -1.8243005566411206E-02 -3.0903913809074365E-02 -9.7345399417529427E-02  2.0501521799812563E+00
  9.8986518582575689E-01 -2.0724037796321754E-01  9.1514099518544820E-02  8.1671488539314524E-02  9.7607522532509775E-02 -6.1905671057766236E+00
 -1.4595879635210400E+00  3.0047233609910801E-01 -9.7537578377039982E-02 -2.3362051017513541E-01  3.2960078170294382E-01  6.7218050919679861E-02
 -7.8828012314638451E-01  2.0937863512353223E-02  6.9702813993359508E-02 -8.3811269391255439E-03  2.6026725332411932E-01 -9.0360121554067779E-02
 -9.8896144122620086E-02  8.3157192200465677E-02 -8.6531404727417868E-02  2.4966986454489151E+00  4.3743201700435228E-03 -2.8710402201526326E-02
 -1.6219477273238456E-02  1.8098016784835358E-02  2.5375303411278419E-02  1.1401611910559457E-01  1.5350043096630505E-02 -8.5837253791307463E-03
 -7.0293714564566318E-02  7.7251488347498698E-01  2.1090237381240193E-01 -9.9214475418633685E-01 -2.4291969720117743E-01 -7.1268582696474514E-02
  1.5892285752818015E-02 -5.5787848733640961E-03  2.1295750758412291E-01  2.5641213338417662E-01 -3.5851853779818818E-03 -3.2209796707058261E-03
 -1.1744200961200702E-02  6.1784928518851838E-03
ORDER     2 BLOCK    10
  5.9406032909460171E-01 -1.4220720925834265E+00  3.4040859705685289E-01  3.7522595211960097E-01  3.4935942134474938E+00  8.5084768603327332E-01
 -2.5080535425257167E+00 -1.2850465896735259E+00 -5.3906787316921123E-01  1.4763941847098632E+00  1.7984432138603113E+00  1.2266814053243429E+00
  6.0907276131310406E-01 -9.6353843353012072E-02  1.4026238457403184E+00  2.3721269084040002E+00 -7.1780621265808140E+00 -1.0398802839406489E+00
 -1.7956404673360322E+00  8.6893851143294087E-01 -2.0508672418413074E-01  2.0809972140448352E+00 -2.5188507691881630E+00 -6.0559243365767701E+00
 -5.7656726467467774E+00 -1.7914395319873362E+00  3.4779294972343791E+00 -3.1863881993712156E-01  2.9656784806603281E-01 -1.5669916844920229E+00
  1.1351606935746974E+01  2.3294981622942692E+00 -1.2742834199382733E+00 -3.1115815314761091E+00 -2.6088568378614259E+00 -1.5538050580459815E+00
  9.5812837072350082E-02  4.3893868185049936E+00  3.6571113208688284E+00  2.0429975763603521E+00 -1.7855282297607635E+00  2.3033047717669469E-01
 -5.3470364227631051E-01 -1.2369446063254192E+00  2.6443266297150623E+00 -8.2373669607985078E-01  8.3541872614288981E-01  2.6350221841777421E+00
  2.9991052889971070E-01 -1.7179973250085590E+00 -6.2206230346706348E-01  1.3844319637730798E+00 -6.8488938215457185E-01  2.8116694072577503E-01
  1.6883833018839262E-01  2.4566527674973049E+00  1.3171502215601909E+00 -1.7267948312090839E+00 -8.3087674100300501E-01 -5.9749552738298095E-01
 -2.0782091070942268E-02 -1.5548864737927029E-02  5.1431576624645592E-01  7.6615730629168266E-01  7.8046969669643784E-01  1.1198855722023018E+00
 -7.9448995083238683E-01 -6.0537211226506758E-02 -1.3626032110655667E-01 -1.9233792288198953E-01 -5.6762656046882375E-02 -1.3434024346037559E+00
  8.8588283853337979E-01 -1.8838454012499922E-01  3.3050679270227840E-01  1.8690271029307734E-01  7.3465996753337023E-02  1.1582178737193935E-01
 -1.1718213289833169E-03  9.6015388229648432E-02  1.1470002776231066E-01  2.2238474248593234E-02  7.9605063715066315E-01 -2.2947054440966747E-02
 -1.2533783172383115E+00  9.6775504332200876E-02  5.0916090844389965E-02 -1.8667429386918205E-01  1.9806282394085155E-02  2.3847070943475174E-02
  3.8254903094136800E-04  1.0382123521520803E+00  1.5926562406119428E-02  8.7668368522664708E-01  1.7973330928841016E+00  4.6010470824718831E-03
  1.0216443183198827E+00  6.0105743375171956E+00  3.6569001203750768E+00 -7.7764715885643410E-01  1.0284068874451318E+00 -1.0246569981817246E+00
 -9.0146274948869828E-02  6.7690284619888641E-01 -2.0134576123652299E+00  1.4799270384221455E+00  7.3375674982190364E-01  6.3411567845895611E-01
 -8.5290645718871638E-01  2.4337818866161098E-01  7.2357448445281691E-01 -5.6932133815673351E+00  1.8244487531831691E-01  3.8507969458360956E+00
  4.0292678707837798E-01 -3.6965191364213212E-01  1.7558505590967349E-01  8.1332166377618087E+00  4.9219482166669742E-01 -4.8223206677636794E+00
 -3.6145676668811416E-01  6.9510427696918742E-01 -4.0363453280309172E-02  1.0070731857191795E-01 -9.3574973016592067E-01 -1.4333113364824174E-02
  1.9605485996375402E-01  1.3230237791788865E-01  2.1289675736757696E-01  6.2317244498498148E-01  1.1231032098921534E+00 -9.0228386929370219E-01
  1.8629535844117691E+00 -7.4595665542964140E-01 -1.7492827793446755E+00  4.2806715117595362E-01 -2.5149229488783797E+00  2.5189260408466199E+00
  2.7804108612059504E+00 -5.9596250541672235E-01 -2.7218952614705338E-01  5.5252228080513932E-01 -2.1706966595900914E-01 -8.9193629798958862E-01
  2.0357749356842412E+00  2.4212060886223433E-01 -1.0065617766556252E+00  5.2035537609617089E-01 -1.3335013640433455E-01  4.0705586031131230E-01
  2.4661070041892730E-01  8.2839942672370437E-01  1.3245918415821543E+00 -6.7007530363374090E-01 -7.5710976422356679E-01 -6.2675391792307356E-01
 -3.0583944932328272E-01 -6.4976284112057178E-02 -2.4189272261716366E-01 -4.1751790556298718E-01  3.5585956985931400E-01 -1.6917311282546785E-01
 -8.1629699682943785E-02 -6.4748228328922053E-01 -6.8742790438863932E-01  3.5842153839748753E-01  2.4538492826438971E-01 -8.5437127189248646E-02
 -1.7320825141804386E-01  2.7716625604557521E-01 -2.1197790958840806E-01 -3.8174868659926020E-03  6.3772603700361780E-02  7.9736496041307753E-02
  2.1162757536798424E-01 -4.6487835144168826E-01  3.7922204471225179E-01  3.7345423483722717E-02 -5.2880887993556558E-02 -3.5423234096334855E-02
 -1.6740271821410437E-02  4.5883333654518195E-02  5.5124622739297136E-02 -2.6022721284569030E-02  2.0269058517342564E-02  3.5618025254372764E-02
 -1.0729824609779873E-01 -1.6328568634701832E-01  3.6400730030537937E-04 -3.0214222193059942E-02 -8.2325548957776648E-02  4.1903138124046682E-02
  1.7422550104409709E-01  5.1044516150299132E-02 -1.2128733707534742E+00  2.3837881238981382E-02 -2.3960637462327863E-01 -2.4165946381764752E-02
  3.6588789971517710E+00  3.8954719653105256E-02  4.9056417320045211E-02 -3.5565185981526241E-02  4.0551540555736919E-02  1.1815998535941361E-01
  3.9441868019349256E-02  8.0740078380894517E-02  6.3469140046357739E-03  2.2652121153005786E-01 -4.8272458062359780E-01 -5.4933747040825757E-02
  6.1142737188120848E-02 -3.8152244202622471E-01 -3.6694354132554674E-01  1.9593073276537165E-01 -2.1221668497825258E-01 -1.4123073316634788E-01
  1.0298118116278590E+00  1.1259093108832482E-01  3.8897401564330758E-01 -4.4630071093433565E-01  1.4313788811617589E-01  5.1234676360969664E-02
 -8.5047286427475402E-02  4.2759577057915783E-03 -2.3581656123517042E-01 -1.3976963560834561E+00  1.2649691333089861E+00 -9.9092942044590168E-02
 -3.9119666102423414E-02  1.1161639512984624E-01  4.6212455609085873E-01  1.9447049714495779E+00 -1.7147361185174455E+00 -2.8554573765386684E-02
  5.0824729177341132E-01 -1.3026617759907602E-01 -9.6272362033735615E-01 -7.2578489416313907E-01 -1.5804145713454584E-01  1.2761289779543233E-01
 -9.0122269279383702E-02  2.8356819932433122E-02 -7.1339882222689177E-01 -2.0852822018403103E-01  1.8635379977975033E+00  3.7284821290738496E-01
  1.5444468206448969E-01 -4.3707699190823257E-01 -1.4769048668457338E-01  7.4531095608317569E-02 -1.9808118397688093E-01  1.0009499119141081E-02
 -1.5830028599387549E-01 -2.4216013366989839E-01  2.1390496235182323E-02  2.3881742169283784E-01  6.7646226292287379E-02  4.8547457927925086E-01
 -1.0919507996059552E-01 -5.8615198169458138E-01 -2.8546385953272158E-01 -3.1953587541489448E-01 -6.4481477767168643E-02  3.4507173829674570E-01
  9.1859451451573471E-01  1.1931512219424306E-01 -4.8584734191654121E-02  5.2489937323395002E-03  9.7645976056366868E-01 -1.1352791159034195E-01
  3.4421099143638878E-01  5.5043083043232255E-01 -2.8540676804170345E-01  1.7085879709845597E-01  5.2416179480872305E-01  2.5127361364198123E-03
  2.2421451770787786E-02 -7.5749205208997050E-01  2.2009827131961557E-01 -3.1107019234968236E-01 -2.2812807755584963E+00 -1.9465072300349627E-02
 -2.3786261519984035E-02 -9.0598422804322176E-02 -1.1460267192627618E-02 -5.2345175321305892E-02  1.2775456068777150E-02 -1.7278928578828782E-03
  3.5380779530508619E-03  1.0470620245609402E-01 -7.6220633232010573E-02 -1.4250790898106552E-01 -3.8790215929659311E-02  1.1341254161541434E-01
 -2.0939252919224413E-01 -6.1545944448763401E-01  7.4928899187638349E-03  1.1559715008298648E-02  9.0376408211318496E-03 -4.4751334595665212E-03
  2.2314104183949322E-02 -1.9785568975015148E-02 -8.6772137663122612E-02 -4.4344958166992239E+00  8.4210849659627829E-01 -3.9278073004515253E-02
 -9.3608952354736943E-02 -1.2868797699400965E-02  5.1612742268833597E-02  1.2023509237881180E+01 -1.1940341658621443E+00  1.0469056401054609E-01
  1.3642604376643377E-01  3.1374258658509943E-02 -3.1015126091418549E-01 -1.1179750694305744E-01 -1.5558608420404260E-01 -3.0485097709547843E-02
  6.8404763002550453E-02 -9.5173507966088255E-02 -4.3051350000184674E-01  6.5569429122633260E-01 -1.8843789426272642E-01  2.3902106685479860E-01
 -8.8822092350630780E-02  2.0366002449802139E+00  5.6163141347324317E-03 -3.6892770195850161E-02 -6.5789132750273441E-02  2.3281775235066499E-02
  3.4309663201359683E-02  3.3645792961396123E-02  5.8284845062216560E-02  5.1389604969576336E-03  1.2907998726214773E-02 -6.3762850199595322E-02
 -2.2544107450800515E+00 -5.4431116511558263E-02  1.4397175776848437E-01  2.5595614926477894E-01  5.8219757853250913E+00 -2.8985699761793587E-02
 -3.0868835855254678E-01  1.6757212837453586E-01 -1.1839694267571008E-01  6.2492753095150864E-02  6.9361355183906881E-01 -1.4875824169665403E-01
  1.1890398474929746E+00  3.5830918608300635E-02  2.7683955884193298E-02  2.8348750906382236E-03  6.4327718968167941E-02 -5.9841276004705880E-02
  6.2577813404179047E-02 -7.5190907642386975E-03  2.1327888139827625E-02
