SURFGEN.GLOBAL Hd COEFFICIENTS FILE V:2.8.8
high order tester                                                                                                                                                                                                                                              
ORDER
    2
COEFFICIENTS
ORDER     0 BLOCK     1
  1.3248798690775637E-01
ORDER     0 BLOCK     4
  2.3022196842616433E-01
ORDER     0 BLOCK     5
  8.2892478797830821E-02
ORDER     0 BLOCK     8
 -4.7148373156712825E-01
ORDER     0 BLOCK    10
 -5.9588583327868511E-03
ORDER     1 BLOCK     1
 -7.4283037975126609E-01 -8.7925044136554464E-01  8.3244034866072070E-01 -3.1508369650635148E+00  2.2251427911474035E+00  1.5555667885778148E+00
 -3.4125950444991404E+00  7.4819116117244482E+00  5.6964981115568469E-01  7.8438403331308526E-01 -7.6715593906618418E-02 -9.0733376288981815E-01
 -1.3267246924765405E-01 -1.9831166221202376E-01  1.5562456011480172E-01 -1.3694991406126500E-01  3.5754681393658561E-02  1.6311687248233142E-01
  2.2406332973046939E-02 -6.1095831832196457E-01 -4.6609840300519284E-01  9.0023698486438020E-01 -3.3300644088874214E+00
ORDER     1 BLOCK     2
  1.5788517040512870E-01  7.2419771183225368E-03  3.2752433913095153E-01  9.4804775602959424E-01
ORDER     1 BLOCK     3
 -2.8563162360937548E+00  8.7010628605931506E-01  4.9289248554413092E+00 -2.1486913801206322E+00 -1.6891966346247497E-01 -6.4075519923209923E-02
 -8.0417046823852534E-02 -2.8130862521010247E+00  3.1862027737655396E-01 -1.7452305099217089E-01 -3.9402741886415626E-01  1.3897757693938599E+00
  1.5527351245228982E-01
ORDER     1 BLOCK     4
 -2.5257414460333838E-01  3.1346027320597780E-01  1.0695792508245252E+00 -4.0543833834298013E+00  1.0793221155631290E+00 -1.7244163003914750E+00
 -2.8584531099082167E+00  3.5674143487302890E+00  8.8217963540107169E-01 -9.2030288946115646E-02 -1.3751352621708912E-01 -1.0120741367596653E+00
 -4.4096472710938150E-01 -2.5879621567397815E-01  1.2499134532641842E-01 -1.3817009436934971E-01  2.0719737268496727E-01 -2.7542938021170665E-01
  2.7337648337458531E-01 -5.9022171502804577E-01  1.1570192635619325E+00 -1.0380935657812642E+00  1.4599282930513049E+00
ORDER     1 BLOCK     5
  7.2662158110294217E-01 -9.8708042895768422E-01  6.7330332637454204E-01 -1.2289754290419499E+00 -2.1204669436206633E+00  2.8212443809302834E+00
 -1.2994746343898465E+00  1.1864970078042569E+00  1.6942537017935184E+00 -7.4480512070419147E-01  9.0549816564879565E-02  5.7357850204902272E-01
  4.9294961563087425E-01  9.6798533604240122E-02 -3.0003568609714421E-01  1.1567846406961076E-01  1.6264844642596415E-01  2.1319827235265021E-01
 -5.3240729309996411E-03 -9.6674753214595111E-01  3.8582529914939762E-01 -3.0501638120079608E+00 -2.2659003674545797E-01
ORDER     1 BLOCK     6
 -1.3440385707681686E+00
ORDER     1 BLOCK     7
  6.1706177314254637E-02 -9.3444151042908902E-03 -2.8032409193199426E-01  2.7298886965289598E-01
ORDER     1 BLOCK     8
 -2.1847128845500139E+00 -9.1616879860705169E-01  1.6619629195117577E-01  2.2284214321547262E+00  7.4507118119394367E+00  5.5790968358458652E+00
 -3.7538540611798137E+00 -3.4771654231428117E+00 -1.1627070247985856E+00 -7.9005514445902225E-01 -4.4574258702638002E-02  4.1452838520298718E-01
 -3.7437374711426019E-01  8.2108269196266315E-01  4.5896647067741592E-01  4.5065355455269146E-01  4.7021181283871526E-02 -1.1846875785978515E-01
  1.5960406718246997E-01  1.2045751791497030E+00 -4.5660192536617539E-01 -2.1277890113370139E+00 -1.7250947894025975E-01
ORDER     1 BLOCK     9
 -1.4136617408454855E+00  8.1669794626522341E-01  3.4884208567400945E+00 -2.1402718704397183E+00 -8.7598076660731528E-01 -9.7083027351677106E-02
  7.9253780724073231E-01  6.8389154953424924E-01  1.5952277539660806E-01 -4.1466223995488322E-01 -3.6471978367428171E-01  7.8552230498924747E-01
 -1.3197730649362667E+00
ORDER     1 BLOCK    10
 -4.9834172360340445E-01 -2.2884077419570268E+00 -9.7418663926397076E-01 -1.8092253465470329E-01  4.6610580516982181E-01  4.0564582075227280E+00
  4.3802852141951334E+00 -7.2312879287602813E-02 -1.6010982973295376E+00  1.2642166905466752E+00  9.9525470255514434E-02  5.4087636289238850E-02
  7.6482131252877561E-01 -3.0770808812623601E-01 -1.6370275841798382E-01 -5.4413992829367847E-02  7.1534774166265053E-02 -9.3731102224376805E-02
 -6.9198318436201084E-02 -1.8932910528830035E-01  4.5575375831740228E-01  1.9398450806166936E-01 -6.3316158912726006E-01
ORDER     2 BLOCK     1
 -2.0608629062830075E+00  1.3956431959838456E+00 -1.0953539521981259E+00  1.3289516844395395E+00  1.8366927098333199E-01 -1.9877012008166666E+00
  1.2902397061193296E-01  1.5998558203438200E+00 -6.5038821384015483E-02 -1.4433667779114012E+00  3.8653915254020360E-01  5.7385952592254585E-01
 -2.4746693930160983E+00  1.2026731054085271E+00 -1.5914199345324247E+00 -2.1728647802473011E-01  1.8432306497047597E+00  2.7858771431872795E+00
  2.8489097781793222E+00  1.8793898153501909E+00 -7.5023552366126767E-01  9.7802593096136925E-02 -8.4283322144052530E-01  1.4874886507435914E-01
 -1.2475832726789116E-01  2.3335949065930799E+00  1.2801780844532287E+00  6.5008127357981416E-01  2.6099762567831175E-01 -1.6551136078784821E+00
 -3.4269118224789126E+00 -3.2345612037258364E+00 -2.8576608329220030E+00  2.4670195837126707E+00 -6.9383423992919280E-01 -5.3330512570778454E-01
 -1.0085738438990910E+00 -4.4977522593280508E+00  1.2638846607040324E+00  1.7029511338099625E+00 -1.8374043367978152E+00 -2.3824876618402230E-01
 -6.0645086676666904E-02  2.6561876671029860E-01  2.3979603840654788E+00  7.1604233085887048E-01 -1.0888116145949184E-01 -6.8947987057856308E-01
  3.8552548887048443E-01  4.9489447623213051E-01  2.0224600889366665E-01  1.6828368878067662E-01  1.3918228654460943E-01  3.6876519623005310E-01
 -2.4590038449526389E-01 -8.4712717511816171E-01 -9.3141073766500743E-02  1.9125739902962294E-02  3.6668677761596796E-01 -2.7266781583351241E-01
  2.1714350183987777E-01 -3.2760622091658859E-01  6.9061393958684736E-01 -3.6735941323929838E-01  8.5846465928091018E-03  7.5406238941814874E-01
 -8.8600076898261637E-01  3.1495541876069444E-01  7.2599009542257564E-02 -6.1287556536928051E-02  1.5943428098347842E-01 -1.1724060566256767E+00
  1.2955984537606107E+00 -2.1669078158971367E-01 -7.6256140153259211E-02  7.8888431594883360E-02 -2.2512568846521336E-01  5.6883105201563866E-02
 -3.4414429785966516E-01 -1.0806687522630060E-01  1.2588395025011329E-01 -8.5436590493991466E-02  1.4947739013432666E+00  4.2010706094291008E-04
 -2.2557745667060791E+00 -5.7320481192679726E-02 -1.2262595488839439E-02  9.2385028136691694E-02 -2.8151089711148523E-02  4.0872921531696759E-03
 -9.1626683642913282E-05 -1.3010736076014082E+00  3.7573734952500444E-02  2.4380889707163078E+00  1.3513877018958154E+00 -2.4891175817266020E-02
 -1.8336615388907778E+00  1.3243681116633534E+00  3.5020978042302274E-02  4.6247468667723490E+00 -1.4309632636831859E+00 -1.3094969453326052E-01
  3.8944125231787940E-01 -5.9031248813513431E+00  1.5011133592008263E+00  2.9224802085934448E-01 -8.2150158689958552E-01  4.8331407575234692E-01
 -8.0976811083415423E-01 -1.5284482542078698E-01  6.2509392015437226E-01 -6.2484974552214634E-01  1.0895831597397183E+00  1.5594826212492074E+00
 -7.5426192776965995E-01  1.0787458783164690E+00 -1.3959642870887683E+00  1.6410078930552170E+00 -2.7717228864888144E+00 -3.2348881371963443E+00
  1.3590584151389002E+00 -8.6674536957195469E-01  1.3021513525849382E+00 -2.8127156173816631E-01  7.4565565882762397E-01 -1.9469155390932477E-01
 -2.1776854655576824E-01  1.1785009885422054E-01  3.9241478191986999E-02  1.4258520406592215E-01  4.1452597784767325E-01  1.3151117914800645E-01
 -6.1343553949645790E-01  4.0111660768311835E-01  5.0317666385114690E-01 -1.7308137223184808E-01  1.0222219971824371E+00  1.8830698030118511E+00
 -6.5560474743509023E-01  4.0520602803004499E-02  3.7553097268139202E-01  3.8468130386773096E-02  2.4924796366412522E-01 -5.3896404641549756E-01
 -1.0227489751272012E+00 -1.2418637188059163E+00  5.1810360267307864E-01 -3.2428937431890470E-01  9.7249881332343568E-01 -2.5336006125265259E-01
  3.8754156861148747E-01  1.5048075304260702E+00 -8.3523529583398370E-01  5.4597345027496291E-01 -1.6701637601312260E+00  2.9549026937688155E-01
 -4.9252901182145226E-01 -3.3120448373835132E-01  7.8456669379597041E-02  2.6195186737240411E-01  9.4428504531917770E-02 -3.2466493943555524E-01
  2.9920151193518119E-01  1.1244640424768209E+00  6.4793909946280981E-01 -5.6063405610706318E-01  4.6789519247145590E-02  5.5861447761014338E-01
 -2.8483479259580380E-01  2.1769969813705514E-01 -1.5404945483884775E+00  7.1541062929202814E-02 -1.8889170188346464E-02 -7.7269829248767941E-01
  4.1470218479506421E-01 -3.0265032753346738E-01  3.8848249924040799E+00 -7.1830619311983521E-02 -8.0050317447116215E-03 -7.9965993000264107E-02
  5.0168707058592787E-03  4.3950077103208661E-02 -1.8772412429710499E-02 -7.6151881652395476E-02 -4.9030195535573681E-02 -9.2615198778963070E-02
  1.1077354148868910E-02  2.2056070423310820E-01  4.5058829380346846E-02  1.1006734669611863E-01 -2.2841867631196319E-02 -8.3929891239762369E-02
 -1.4383540411512061E-01 -5.2045324927374910E-02  2.8619339029857366E-01  1.4513343362181302E-01  2.3035461197369825E-01  5.2869134942968798E-02
 -1.9489756435764376E-02  2.1410068610975122E-02  3.0788787173282112E-02  8.2466462075605259E-03 -8.9662375114967670E-03 -2.2945354980984701E-02
 -1.8979800060058095E-02 -1.3038889018871505E-03  5.5409304324447479E-03 -7.1889746166097968E-01 -9.5214182534450631E-02 -2.3058542692190137E-01
 -1.4355149258870545E-01  1.0237636212097243E+00 -1.3788314878883123E-01  3.2402947247446456E-01  6.4318430421331485E-01 -2.8299454282309549E-02
  1.0696355223530178E+00 -3.6955740008363075E-02 -4.5497355137845674E-01  2.5204591919238889E-01  2.1350509430034759E-01 -1.6351046222049237E-01
 -2.1820959999543590E-01 -1.1489092549267336E-02  2.1795768448072594E-01  3.6876803725449658E-01 -4.9720937069156590E-01  1.2678358374508028E-01
  4.2794152869097346E-01 -2.2009961496649011E-01  2.8204626719820325E-01 -5.3014305541884643E-01  6.8223373594302250E-01 -1.7218512413290052E-01
 -6.8065354850107151E-01  3.1587716923897063E-01 -5.5313694635683364E-01  1.5412563582186587E+00 -1.2373152257317596E-01  4.8973389094298783E-02
 -5.5001225626224531E-02  6.8476690511592414E-02 -9.4896026446470313E-02 -2.8425855707200776E-01 -5.8468736877860650E-01 -9.9629987225087757E-02
 -2.0228053178602386E-02  7.8778193731693091E-02  3.5980801656399684E-02  3.3943072994215805E-02 -2.0313068228043477E-01 -1.4238135878243513E-02
  1.1552691941036017E+00 -5.2356620684464339E-01  7.1268641771696936E-02 -4.0933901214584589E-01 -1.3219473164918023E+00  2.9480224839019192E-01
 -7.0273982398288679E-02 -3.9260720535888498E+00 -1.4834635625869910E-02  2.5327701032174016E-01 -8.2457121454043381E-02 -2.4982518377531693E-01
  5.0389715148559888E-01 -4.1121920733801920E-01  3.6700643426790291E-01 -4.5745532806851757E-02  5.2790892401988332E-01 -1.3857225773799572E-01
  4.4107881795812369E-02 -6.6550645853883469E-02  1.2415610792024634E-01 -1.6347806184587535E-01  9.3655724787289973E-01  8.4383398980060718E-03
  6.2160294181361195E-02  6.1752556191169455E-02 -8.9196141701862922E-02  2.6827349936881001E-01 -3.0702543600247014E+00 -1.3452628161988807E-02
 -6.3430695632595180E-02  3.6838759550425357E-02 -5.1351770863120358E-02 -1.9684845325683445E-02  2.4014761723787931E-02 -1.3755932994750154E-02
  9.0909970411068037E-03  1.1943230592711726E-01 -1.9772508746926284E-01 -1.9154274211392108E-01 -2.8179265437944825E-02 -4.4023605371643945E-02
  7.3275434187845961E-02  7.3984127927249588E-01 -3.3081779054885191E-03 -5.1787529123519770E-03 -1.2763249220810108E-01 -1.1392056187084038E-01
  1.3578000152820682E-01  2.7837671030929701E-02  3.5487837717857595E-01 -3.7902077062352566E+00 -6.3425591674358628E-01 -1.4644419470762307E-01
 -1.4686654893251286E-01 -1.3616560942009989E-01 -3.8758576040669196E-01  1.0048109700113617E+01  9.1219517678112738E-01  2.7736868697322103E-01
  1.8357677572998121E-01  1.7783216585881975E-01 -5.5649918093457695E-01  9.1077424232781604E-02 -1.1942589437287046E-01 -8.0449707319654742E-02
  3.6148499495235867E-02 -6.0154636094165617E-02  1.7544909879425058E-01 -7.8241362467570630E-02 -6.8461226332408323E-02 -1.2264379071118259E-01
  1.9216494361878383E-01 -1.7105678698628204E+00 -2.0366296903757072E-02  3.0436232724488293E-02 -1.0552833193437080E-02 -2.5182398369435104E-03
 -1.0521747672885395E-02 -1.1971786967719840E-02 -1.3296455147380126E-02  6.9837997278818309E-03  5.8743818400630683E-03  4.9838886414039663E-01
  3.4829186308540430E+00  1.5215390297191861E-01 -1.9386163816459548E-01 -7.4649648313539230E-01 -9.5806904057107758E+00 -1.7349385833291406E-01
  2.1272771603307497E-01 -5.0389481334938415E-03 -4.5404183008667658E-02  1.8817226530720894E-02 -1.2590509131937552E-01  2.1870050986094877E-01
  6.3358394770655631E+00  4.3785535346474190E-02  4.0053359662875022E-02 -5.1146497349978748E-03  2.9450022985527236E-02 -5.1120016718013209E-02
 -2.3623895563078309E-02  1.2292972775496253E-02  7.2681207341684893E-03
ORDER     2 BLOCK     2
  1.7263341165284978E+00 -2.2954573437765458E+00 -2.0616446079394293E+00 -3.5541551410417704E-01 -3.2893929193929590E+00  4.2097176772725193E+00
  1.6564740878329138E+00  7.7579879442158578E-02  2.8969450110514672E-01  2.6899531516092273E-01  7.5668285843531580E-01 -5.2786603528689614E-02
  3.3838196071201539E-02 -3.3496335343891838E-03 -2.4905829337876974E-02  6.5220612856436613E-02 -4.1960373074933693E-02  1.3592735098661331E-03
  3.2636987623817150E-02  1.8195039855969396E-02 -1.6049245655778736E-03 -5.9844910611084436E-03 -6.2354969781422354E-02 -1.4145134859782589E+00
 -1.1808112463349589E+00 -2.7891903168156551E+00 -2.2470526092034732E-01  1.5104383519584585E+00  1.4495321193173119E+00  3.2979348122038594E+00
 -9.3343542377404354E-01 -1.3427655279971149E+00 -9.3946063726198181E-02 -2.8154750668762647E+00 -2.6013604478824672E+00 -1.1850668854289206E+00
 -2.2013705576460979E-01 -4.4972957574612532E-01  5.5602108441461462E-01  2.9403919182623763E+00  2.9489120672863431E+00  3.1047421229085619E+00
  2.4131364749112691E-01  5.5952822242853542E-02 -4.8173547376930870E-01  1.1642085429813371E+00  1.7290206543678099E+00  8.1862291096321260E-04
  2.9151689667338382E-01 -1.5827047861087504E-01  1.1204619935073695E-01  2.4283425458515944E+00 -1.9372766737394104E-02  9.3771861184731675E-01
  6.4334694132607140E-01 -2.2792659005029066E+00  6.7935952219835241E-02  2.7633258135440633E+00 -2.1074659938881840E-01 -1.3731706979083618E+00
 -3.9235788112780828E-01  9.9934175203509352E-03 -8.0589699122650837E-01  1.0818896102390823E+00 -3.2675273791003689E-01 -2.1236094855277064E-03
  2.1464306467308847E-01 -8.0642059402475297E-01  1.3758677496336704E+00 -5.0068695059072361E-02  2.1997229949021289E-03 -2.5945695669358122E-02
  1.6521614311904461E-02 -7.6899069327913239E-02 -1.7248677993372756E-02  1.1648897422308943E-03 -1.3142994704266470E-02  1.6505356197761827E-02
 -3.3946738875383836E-01 -1.7009499900872818E-02 -7.6178054580214871E-01 -5.7350513874283693E-02 -8.8716509876840183E-02  2.1273382822032279E-02
  4.3653206855831472E-01 -1.0917907347534146E+00 -6.3347403365462318E-01 -4.1470980114207745E-01 -4.5490510720593881E-03 -6.7192236605591416E-01
  5.8711148287124748E-01  2.0159747477158787E-02  2.2924097547450168E-04  5.0261502106747097E-02 -1.3996208265083340E-01 -8.1344283039580453E-02
 -6.4354262239936108E-02 -6.7950561355009861E-03  1.4947556861769706E-01 -3.5924539268412337E-01  4.0678033107233719E-01 -2.0721539169668274E-01
  5.6422214186427171E-03 -6.8998281460460487E-01  2.8549377346198090E-01
ORDER     2 BLOCK     3
 -1.5425195326942576E+00 -3.4120947638640344E+00  7.6689232683774478E-01  2.0655350013008129E+00 -9.5919663780042894E-02 -9.4117640560100890E-01
 -4.9994071487042744E+00 -5.7480830006354102E+00 -6.0046298620127989E-02  1.3768784535506351E+00  3.0539313231248317E+00 -4.3890980510439997E-01
  2.7567445134448674E+00  5.4293097701940125E+00  1.9885544434563025E+00  2.0575943510089290E+00  7.7321795444660912E-01  3.5009358933359935E-01
 -2.2919069243504202E+00  4.6225972728777247E+00 -2.1480926910412110E-01  1.0249879121392087E-01  4.4420473492763719E+00 -2.1625815055309712E+00
  3.0566656021204284E+00 -1.2506139210146003E+01  6.4569110954298283E+00  6.5123516627032361E+00 -5.9558303844557754E+00 -5.2141058194726879E+00
 -9.1630966459539120E-01  2.3689802559916037E-01  1.6770508022805397E+00 -2.9710223453776517E-02 -2.4020007245758697E+00  1.9547917946714739E+00
  1.8550881720514267E+00  2.0890521722188321E-01 -9.0762608648433463E-01 -7.7076162822914920E-02  3.6961591765625559E+00 -3.4689675035603793E+00
 -2.2697864503899603E+00 -6.1458639321833552E-01  1.0483191807998125E+00 -4.2639423988701061E-02  7.0044089527631737E-01  9.4192971770505463E-01
  3.4309426124288256E-01  1.6280607309450430E+00 -9.4710695043313842E-01 -1.8331852618993658E-02 -1.0616637775827086E-01 -9.9405725655953470E-01
 -5.2657702806203111E-01 -2.5687042706543326E+00  1.2110435330667295E+00  1.1563342065790391E-02  1.3157599189506178E-01  1.5684260906339513E+00
  3.3276531616464289E-01 -2.1684782246989104E-01 -2.9592926102793221E-01  1.6112216363482967E-01 -3.7307621160553736E-02  1.1445106779913963E+00
  5.0283498837348384E-03  1.0238351001911444E-01 -2.2982877137351149E-01 -1.5422717167280107E+00  1.4640307070721698E-01 -1.9337192431706884E-01
  1.0048027801975623E+00  8.5334038694674846E-02  2.5407731076997214E-01  1.0782142511839456E+00 -1.6744166172655027E-02 -1.9460482633770657E+00
  1.0979916528079521E+00 -1.9356489726598072E+00 -1.4577793357488567E-01  2.6783325270331519E+00  2.9786010213554009E-01 -3.3442092114544403E-01
 -9.7659131764649326E-02 -6.7817283418694210E-02  9.0856393936242696E-01  5.7581702898499754E-01  5.4712737773227049E+00  2.8314626307569868E+00
  1.8657538046582520E-01  2.3700544169869353E-01 -8.7412402403376221E-01 -4.5337469984564660E-01 -5.6686165868336529E+00 -2.7560484246233821E+00
 -5.9587785624865475E-01 -1.4165720857131472E+00 -1.6254438353022063E+00  1.6099922096226591E+00 -1.7256807398931728E+00 -9.2747940259970019E-02
 -3.0247143259636299E-02  2.6817301320067433E-02  6.5846890431000837E-01 -7.4987694949334105E-01 -1.1416849880631901E+00 -9.4353464999260658E-02
  1.8863523278819356E+00 -1.5097277374579696E-01  1.4220459662856905E-01 -5.3124385612429537E-01 -3.3905621568319508E-03  3.1100719321554910E+00
 -2.9039826704228253E+00 -2.6688797272511955E-01  1.0135456364794959E+00 -5.0013357668844127E-01 -1.1817694509335391E-01 -1.6600918429762739E+00
  5.7370288017489672E+00  4.3148679854643074E-01 -1.7714918271578242E+00  4.9315788764350360E-01  1.1761122040509521E-01  2.6613168561491118E+00
  5.7268017663980472E-02 -4.0060209287276416E-01 -1.4944338386205713E-01  5.1260939869363080E-02 -1.9157370477556107E-01 -1.9664776610943940E-01
 -4.1385846361767153E-01  9.2906852968965581E-01 -4.7356321011235569E-01  2.1250195751408762E-01  1.7731492511475175E-01  9.3581666595199009E-01
 -5.9948406781087005E-01  4.0540228364208186E+00  2.4068811144352217E-02  5.8512882661255143E-02 -1.6484109505858316E-01 -1.2915370135646782E+00
  8.5265194437264047E-01 -1.1009468111211309E+01 -2.1883692093460277E-02 -1.5590205753154727E-02 -1.0347587987472330E-02  1.0353882624508134E-01
 -1.0949617978271889E-01 -7.6992250665369327E-02  5.3582147175776591E-02 -1.2131794317642131E-02 -1.5001560641646619E-01  4.0003159628847845E-02
  1.7981666176942149E-02 -8.7076008373423539E-02  9.7320794998466357E-03  1.6238872971469998E-01 -9.6168565902669900E-01 -6.5825712432524427E-02
  1.4015549552102844E+00  9.7368660593571951E-02  4.8973961866294199E-02  6.3229902351867637E-02  4.9616530403945425E-02 -5.8190446841520395E-02
 -1.7155300093410394E-01  1.1001774493518494E-02 -1.0396345431116036E+00 -1.5573839000825607E+00  1.5742694719780594E+00  2.5238453045926406E+00
  7.6039623724606986E-02  2.6565611545688200E-01  5.5402725624799302E-02  6.8380707373755512E-01  1.2874008037432805E-01  2.7994728060873067E-02
 -2.4754229184366112E+00  1.2246360244703871E-02 -8.7883641651469480E-01  2.0046815956935697E+00  1.0909627215668291E-01  4.8039178851026154E+00
 -2.3534092631820211E+00  1.5577701004704278E-02  1.1381360605994129E+00 -3.1616749232891483E+00 -1.1076205461087646E-01 -8.0784546211189046E+00
  7.7285923486396835E-01  4.8043712008767631E-01 -2.8712946496612135E-01 -9.5411218645954032E-02 -3.4217013111024146E-02 -5.5417590359344363E-02
 -2.5447082817847333E-01 -3.0056677180752605E+00  2.1087523128561136E-01 -3.6548542935565431E-01 -3.5718656126929327E-01  2.5790283052867163E-01
  4.1220697884024282E-01 -3.2950734359242687E-02  7.4518140823906243E-01  2.1958182803607308E-04 -7.7502064341533880E-02 -3.9881771829606455E-01
  1.1785574057398196E-01  1.6419858715407010E-01  1.3957427872981801E-01 -3.2769733223687814E-02  2.4786675155031096E-01 -1.4405565254384674E+00
 -1.4904908490687974E-02  1.1476590015062418E-02  4.4081709749731779E-01 -2.2817153348670299E-01  8.3128430899308187E-02 -4.9176873400817583E-01
  5.8939883503964852E-01 -1.8378076290753588E-02  8.1690797809588142E-02  3.2268184679014128E-01 -7.5848104526943849E-02  7.0585554290438168E-01
 -2.1786675042682533E+00  5.5637619182417226E-03 -1.0158612505047807E-01 -4.4688365590929667E-02 -4.4101946028678354E-02 -6.5816041886675808E-02
  1.3267872137645360E-02 -4.5933459446620539E-03  1.2963131038619362E-02  1.3076473042271319E-01  2.4945157891177291E-02  6.3674134341135261E-03
 -5.9428474574063798E-02  4.8472720832728555E-04  7.1060208585627629E-02 -2.7243324231043147E+00 -6.1647587232920228E-03 -2.1209207408676295E-03
  2.1573505036296948E-02 -4.9314221731729370E-02 -5.9163947185158293E-02 -1.0003297872748242E-03 -3.8739807434929141E-01  2.2659227796545101E-01
  5.0087001624272298E-01  8.2340006010422351E-02 -4.4713259418611823E-01 -5.5873439935503277E-01  5.7881793616247312E-01 -3.0870969690279160E-01
 -7.0336035286986043E-01 -9.7792106941355400E-02  5.1415678190283487E-01  7.3377978118992504E-01 -2.4574918583404873E-01  1.6044281362799598E-01
 -5.5667785113967224E-03  1.2987595758716486E-01 -1.9250440786953407E-01  1.3743094685717547E-01  4.4505010395338732E-02 -2.0635566710968817E-01
  7.9428372328050711E-01  5.3428431637247753E-02 -8.2129311486817319E-02 -8.9559371362430973E-02  5.4328825139805359E-02 -7.2020973318307868E-02
  9.1077376179991926E-02  5.2185195759775475E-02  2.3467998326605119E-01 -1.9560623764431329E-01 -6.2821716306252759E-02  1.4423687345111093E-02
  1.3334401907484621E-02  3.5081365591266289E-01 -1.6347464028567402E-01 -5.1972076537856182E-01  1.1088892188665744E-01 -1.2436315942031734E-02
 -5.6201111900694448E-02 -7.7434030379746943E-02 -2.6198527567983909E-02  1.2219513270968450E-01 -5.9454305598225600E-02  2.6777257907431806E-02
  2.1724622261373310E-04  4.3024484200722024E-02
ORDER     2 BLOCK     4
 -1.0605672818404115E+00 -3.5572514477879497E-01  3.2096396894143842E-01  1.7690632236943282E+00 -2.8529714092262959E-01 -1.2366589055985078E+00
  1.2942491350012435E+00  2.2286785889858188E-01  1.5215927179880797E+00 -2.0405133451954520E+00  1.3299141576105975E+00 -6.2095936420954423E-01
 -6.4924824681885307E-01  6.8430659519546155E-01  2.8601780692154022E-01  1.3015510387971141E+00 -1.0093137091829731E+00  1.8485020727045358E+00
  3.0083038134919424E+00 -6.1650420439286990E-01 -9.1985579276087426E-01 -1.7019652169355037E+00 -1.9647154589443918E+00 -1.0805384499512667E+00
 -5.8484942637378912E-01  1.7067316716626064E+00 -1.6712658270885630E+00  3.3993667182036676E-02 -7.9357213759320744E-01 -4.7857725673028817E-01
  1.7502371269224968E+00 -2.5254219524223429E+00  2.6082644871350933E+00  1.3465256679191915E+00 -1.8830094008438436E+00  1.7239485750221825E-01
 -6.3315692588024053E-01 -1.1719036822798523E+00  2.7606479515551294E+00  6.9436260373144310E-01 -2.6230339940539199E-01  1.8394188708639068E+00
 -8.5044261856344405E-01  1.2153095495356463E+00  4.6398164003163718E-02 -2.9956890133298746E+00  7.8304797046250874E-01 -1.7830110191283968E+00
  2.5835516600782021E-01 -1.0153705422420558E+00  7.6779943670184947E-01  6.7159565048910053E-01  2.8407748485968276E-01  1.6436921811677228E+00
  3.7004526829425088E-01  1.9323449116331644E+00 -1.0679092673429076E+00 -8.4248901013042898E-01  5.3249293790385255E-01 -1.8256395878882135E+00
 -2.7126418463929969E-01  2.1256017482123130E-01  1.4174764266405278E+00  3.2449352703971607E-01  1.7355683051286732E+00  1.5574044666579023E-01
 -3.4326724529052266E-01  3.4431811489981207E-01  7.7872084758325133E-02 -1.9159520994205087E-01 -8.0224010747573377E-02 -9.3946594382237417E-02
  5.3665240466205044E-01 -5.1656673073366133E-01 -5.4008666148627225E-02  2.4258033572321805E-01  3.0883156194423059E-02  2.4395440803587631E-01
 -5.3067849502083153E-01  4.1861624258925290E-01  8.6219637829444265E-02  1.2955140951078642E-01  4.0811858806856233E-01 -4.6824620054333306E-02
 -5.7217953244924380E-01 -4.7709411776861076E-02 -3.5141540729315374E-01 -2.1868742320234941E-01 -7.1419903584696562E-02 -9.1723629848888804E-03
  4.5014460273812187E-04 -8.9381087708393137E-01  2.0326042361752648E-02 -1.5181902394472193E+00  6.6918911020566985E-01 -6.0329914774094530E-04
  1.7848697559081428E+00  3.7705013511424457E+00  4.8224967654603450E+00  8.8830878831083488E+00 -3.1111940869741721E+00  4.1423994136893583E-01
  6.1263458395051329E-01 -1.2588758366037659E+01  1.9639176841620793E+00 -4.4514427469535872E-01 -7.7908139395295029E-01  1.4033143381223609E+00
 -2.5670132706851936E+00 -1.7088264418443747E-01 -1.2006566775518868E-01  7.3525492845867313E-01 -4.5343833655157191E+00 -1.6695137488786926E+00
 -1.8108891824716311E+00  6.9799030973848553E-01 -3.9490197241840963E-01 -5.8631246184176533E-01  6.3551898534625249E+00  2.9601854443980669E+00
  1.9203415878115200E+00 -7.7861237135996564E-01  9.3118176849271228E-01  1.1632201526933161E+00  7.3201938870941141E-01 -3.0386608424588707E-01
 -4.2481367791348967E-01  5.9278057713445617E-02  1.8699396901548129E-01 -5.1783643247515032E-01 -1.4182963224220175E-02 -1.2975458923513252E+00
  1.1806189225922692E+00  7.8629840687449071E-01  6.1527500612756336E-01  3.3903145163082876E-01 -1.5983405206457775E+00 -2.4669766924706238E+00
 -4.3907876025801751E-01 -4.2038956523136145E-01  5.3387486404357598E-01 -6.6004857638306644E-02  1.2259209379282859E-01 -2.6360867530521452E+00
  3.9179428088881418E-01 -6.8769212042536310E-01 -4.9170965202374284E-01 -1.3552550272020455E-02 -2.7399035966502777E-01 -2.4076716734729819E-01
 -4.6073510650617550E-01  1.9451649336706531E+00  7.1326037764822192E-01 -7.9620991954596557E-02 -2.7839426899992064E-02  3.3067871604157484E-01
  6.5823896617923827E-01 -3.0772000215635316E-02 -3.4955352536380035E-01 -4.4047505527385247E-02  3.1135102254428954E-01 -1.5006975116154797E-01
  2.3577329447041975E-01  2.0659568486485695E+00  3.9432537227048581E-01 -1.0011594970540945E+00  1.1714242685393213E-01 -2.1880400401587310E-01
  3.2815393359401229E-01 -1.8998025120696074E-01  7.0366583588659581E-01 -1.2344254430225325E-02  5.3896343381389357E-02  3.5856956436900889E-01
 -4.5679202768718141E-01  2.7227015972693164E-01 -2.3535550770725120E+00  5.0553207508582960E-03 -6.3987317354524287E-02  4.3817946968409016E-02
 -6.7588132909466442E-02 -1.9988335670031922E-02  2.7319085021742857E-02 -2.4080478461823127E-02  5.2922131825101535E-04 -7.0485780272298917E-02
 -7.1528088771659115E-02 -2.4786252444992551E-02 -7.4018895638472849E-04 -1.9129621431714611E-02  1.0026271916594674E-01 -3.6865490759875705E-02
  7.3077225983652205E-01  1.0057744661074197E-01 -1.0469959941313806E-01  5.6705225932588831E-02 -9.5549721783063335E-01 -1.2399910393533979E-01
  6.4993782321757831E-01  1.1251928148293151E-01  9.9242524910066507E-02  3.0627979429761667E-02 -7.6624857682039929E-02 -7.7032556793497575E-02
  1.8074904949501017E-01 -1.7904876626532048E-03  1.2517726363583529E-02  1.0445052666923187E+00  2.8140378270710920E-01 -1.3345612826380768E-01
 -4.9145289564829969E-01 -1.3531984203849912E+00  5.6502257628808239E-01  4.9825427255908931E-02  3.0932133918965454E-01  2.3131095281467878E-01
  2.0115577927649166E+00 -1.2473667576769788E-01 -1.4292127248180573E+00 -4.9341926352812909E-01  4.9498759826563557E-02  2.4210057588988287E-01
 -4.7837889457269918E-02  8.3124369508908613E-02  3.5422456540156072E-01 -2.3384056030033906E+00  5.4342202093324699E-01 -3.2615062481239043E-01
  9.8237060644329377E-01 -2.3798350025498429E-02 -5.6613793846682747E-01  3.2442785262329710E+00 -7.3860528391568736E-01  5.6565184596128104E-01
 -1.8738065563694166E+00  1.9834393256201371E-02  1.6688335408463815E+00 -1.8052869669209894E+00 -3.6859527219190078E-03 -1.7994881635713567E-01
  1.9613150491773837E-01 -2.0027191399171470E-02 -2.8949185366937685E-01  1.0932268060591936E+00 -1.0591376926840916E+00  1.8322149537935209E-01
  1.5543251111939663E-01 -5.1036681493697944E-01 -2.2850285958928035E-01 -1.8564112551860700E-02  4.3187452265727011E-01 -1.5919573859114158E-02
  3.3816380772125371E-01 -1.0728324247665728E+00  2.0282212193986338E-01 -4.3551531250173241E+00 -5.8580919949886001E-01  1.4443384088221296E+00
 -9.2008966406498832E-02 -2.0527645976138937E+00 -3.5205053599014818E-01 -3.2720270589098049E-01 -1.8073361493115045E-01 -6.9815748149192669E-01
 -1.5765783846709485E+00 -1.1738420051498616E-01 -1.7335777184545660E-02 -5.3337506607392803E-02  8.6827178006113379E-02 -1.3102996270880371E-01
 -3.0572161352154098E-01  3.1928977163148425E-01 -1.7700233902055448E-01 -1.5036514765571093E-01  3.5594054925420872E-02 -8.2110587137501079E-02
  2.5442159404548841E-02 -4.7894609979697939E-01  2.9518313827836301E-01  2.0384877342647961E-01  3.2480401840775103E-01  7.9145989057269078E-02
 -2.5244176702741143E-02  1.7578653679245059E-02  1.2893079954365541E-03 -1.9988143536428953E-02  2.4647682875825416E-02 -1.0940878517272316E-02
 -3.1234343048787937E-03  4.3808078578889437E-02 -2.4426924697777630E-02  1.4966618647049160E-02 -4.2218394887619935E-02  2.5642164592857414E-02
 -2.3761388903533335E-03 -2.0768210471312640E+00 -8.7651234048147838E-03  1.2679260489665565E-02  1.9465253761352097E-01  2.7850551547935143E-01
 -2.5077086835371692E-01  3.2639487959670622E-02 -3.3800226345321448E-02  3.4765571612645632E+00 -1.6791932016429817E-01  3.5937026725919946E-01
 -2.5316197644784683E-01  2.0254923027321143E-02 -7.6670389032706204E-02 -9.9346278802327443E+00  2.1883844460967194E-01 -5.2892945205740105E-01
  3.5845096965805950E-01 -2.1721897639225957E-02  1.0030708546523830E-01 -5.6320813017509894E-02 -1.7322977469693798E-01  9.8728294751949497E-02
 -6.0524014480804848E-02  3.9819924850047886E-02  4.1496752354184534E-02 -4.6804929954765245E-01  7.8840764144760905E-02  6.2074074608574345E-03
 -4.7106873630226670E-02  2.4176034347045277E+00  3.4719539579264463E-02 -4.3752861816804468E-02 -4.8519494223165482E-02  1.0259469843109111E-01
  1.2428075055560230E-01 -8.4130641261812647E-02  4.2906837526707410E-02 -2.4378339435731848E-03  2.7735390137165888E-02 -5.8952444912521280E-02
 -4.2699107828281155E+00 -3.5773772743119573E-03  6.1926257650594403E-02  2.0037545984752250E-01  1.1624736871422225E+01  1.7784939771177725E-02
 -9.4730981016939497E-02  1.5593610519669296E-01 -5.0751507232497543E-02  2.4690344312933150E-03 -1.8311425796214365E-01  1.0085552304002826E-01
 -3.1318749171210101E+00  2.9602170240290021E-02 -4.1258356830500310E-02  3.5200200083892880E-02 -1.8622534993691102E-03 -9.7427334012104280E-02
 -7.3381868458097826E-02 -7.4363055772727286E-03  1.1025634017436930E-02
ORDER     2 BLOCK     5
  5.7001318716622240E-01 -2.6598485009465368E-02  5.6208073030726058E-01 -2.7620073945959689E+00 -2.1080152374007515E+00 -1.0242535192304978E+00
 -1.1871835406877531E+00  2.3661478639196859E-01 -9.0566184003685912E-01 -7.8864057992339809E-02  2.2759750298830843E+00 -8.0452819033650802E-01
  2.8160802053161418E-02  1.4661794253215629E-01  1.4377757331497917E-01 -1.5279651529728475E+00  4.0518780618110579E+00  1.4063545719512915E+00
  5.1877385084266459E-01 -5.5775148385986273E-01  1.4588132208290507E+00  1.9550594424540484E+00 -2.9477160019682498E+00  2.0605987078113897E+00
  3.1192365094506092E+00  9.4457002186567507E-01  2.6174716667806104E+00  2.9254079805945771E-02  3.6427903797651701E-01  1.3853925266989742E+00
 -6.5723976941340148E+00 -1.2981956989212684E+00 -4.6457469417839370E+00  1.6743075712668782E+00 -2.4687612869716400E+00  8.7068436613168265E-01
 -8.9475360089009470E-02 -4.1970273090966348E+00  3.2063737961901917E+00 -1.1474343262303599E+00 -4.3675729593386237E+00 -1.1566096828510271E+00
  1.4152779674825999E-01  1.0369940361327328E+00  6.1734707098844641E+00  1.2808285002372080E+00 -2.0693301930958113E-01 -1.8199885925416524E+00
 -1.4890449635033283E+00  7.1545367087352929E-01 -1.2611706018694069E+00  7.2272465811993092E-01  1.9787869979736845E+00  2.5484220149139619E-01
  1.5569340194462863E-01 -1.7796397842287981E+00  2.1931770637706638E+00 -9.9520135891636718E-01 -2.7828483765737482E+00 -1.3321097185584693E-01
 -2.1507637414007544E-01  7.7162400106654971E-01 -1.2220124422273815E+00  4.3058186007279869E-01  1.4831656413030174E+00 -1.1059724607299742E-01
 -3.8398471981114557E-01 -5.8013454517552854E-01 -5.2629115653993461E-02  5.0848247350620719E-02  1.3732010258759120E-01  3.5011451927346443E-01
  4.3555241694429325E-01  7.4780140670018924E-01  4.5524885797497194E-02 -6.8066663842694497E-02 -9.5855380623599440E-02 -4.5383208173547174E-01
  4.6608626626652794E-01 -2.0350049169306053E-01  4.6141232106514954E-02  4.6749232669884670E-02 -4.4601782928190420E-01  1.2779469165887780E-01
  5.4530605834842982E-01 -1.0419485164924128E-01 -1.9826157716213766E-01  6.7667601529111223E-03 -3.8158500919507704E-02 -7.7393141909210999E-03
 -3.3018991977960761E-04 -1.1118484496265815E+00 -9.7791935550468161E-03 -2.9049960323598278E+00  1.6319915774087033E+00 -1.8517777762134657E-02
  1.8862835145883048E+00 -1.4581296421333914E+00 -6.7135733531934982E-01 -2.8604898342764029E+00  2.3120621196091458E+00  2.6766374133588444E-01
  1.7207331687839950E-01  3.2049083053569634E+00 -2.8259214787071079E+00 -5.0265846746580500E-01 -4.0575758588075489E-01 -3.1973907444823946E-01
 -3.1446788569739403E-01  2.3223786943400238E-01 -1.1470831694885715E+00 -8.2407603700520493E+00  4.2500646484964983E+00 -3.1025810350709722E+00
  1.5270711796835352E+00  6.3569824352643811E-01  1.4283980325365035E+00  9.9353090705735010E+00 -4.2517644471711202E+00  4.5307929645101499E+00
 -1.2849010924135269E+00 -6.1480140188419530E-01 -1.1310342856440101E+00  9.0243615491628526E-01 -1.4045958711949031E+00  1.0210610624673890E+00
 -2.3431317759482564E-01  3.0008930128177441E-01 -8.5213601116371315E-02 -9.6775025099907563E-01  2.2668512328165021E-02 -5.0735861447917707E-01
  6.0729006232267524E-01 -1.6754396615312972E+00 -5.7464283804780403E-01  7.1354596872850151E-01 -8.6050171806537468E-01  3.5851929773910118E+00
  4.1849318322738283E-01 -7.3471124876749594E-01 -4.5312928933604529E-01  6.2055922505407524E-01 -1.8270201812329193E-01  1.2021882827378718E+00
  5.0739900943631552E-02  1.6324219301176561E+00 -2.1420440049473460E-01 -5.7676412620490369E-01  4.0944261597913915E-02 -3.4581184281634542E-01
  5.4023585078020100E-03 -5.5132324999073756E-01  4.5734496710764866E-01  8.3486916441659420E-01 -5.0322629604781655E-01  3.3766604172286235E-01
 -6.9002739371247790E-01  7.5286604343276220E-02 -2.5513627508245401E-01 -7.7163897471669768E-02  2.0082111059393393E-01 -1.1912222865453673E-01
 -3.1795747331520480E-01 -1.6256268036247492E+00 -3.2852102196498323E+00  3.6274891344069888E+00  6.6410258087585355E-02  2.2323716397759058E-01
 -5.9105585345827827E-01  8.2688937750264424E-02  1.8435091941936703E-02 -3.2111071712153508E-02 -3.1383928625604546E-02 -2.7973284022038242E-01
  7.2261985973109144E-01 -3.5979162429530476E-02 -2.9482321267863093E-01  3.1155663792610751E-02  2.7131231359628263E-02  1.1402854596703221E-01
 -9.5686020966799026E-02 -5.3359242285149454E-02  3.4992051177395078E-03  5.6533139115339985E-03 -1.0176615893407855E-02  1.6189236574827289E-02
 -3.5626376833058186E-02  2.6153746865671700E-02  7.8455818625128154E-02  8.3775722410943429E-02 -2.5637373351028508E-01  5.9754659310529319E-02
  1.0014777886040003E-02 -1.9952307124204302E-02 -6.6418106572744429E-01 -4.4198079648751352E-02 -9.4090694982544312E-02  1.9449145537716664E-02
  2.2024787600443441E+00 -3.9397352142605979E-02  5.7003326648668008E-02  9.1254689039754200E-03 -1.1397317296592047E-02  5.5933639577833080E-03
 -5.6384462018165986E-02  4.3922048420799879E-02  1.2327388994405280E-02 -1.4726409366832474E+00 -4.4749811699678477E-01  4.3117825565935602E-01
  1.4027167269485290E+00  2.0438617742640202E+00 -1.1686257383589989E+00 -6.7569316057373174E-01 -2.8133689691107775E+00 -4.8735902363736521E-03
 -1.1017181115997599E+00  3.1843130354092131E-03 -6.1498778507474794E-01 -1.8438766752354224E-01  7.8500410754700295E-02 -3.3258226830391424E-01
  1.6913180505763759E-01  4.6619391651288471E-02 -4.4430964303773479E-01 -4.3839475568974906E-01  8.7718710044690701E-02 -3.2991116336967607E-01
  5.6043507972003714E-01  1.1265867240483780E-01 -2.7549370600407336E-01  5.7270284412220263E-01 -1.2470571547351968E-01  5.4207184984910106E-01
 -1.3498344584244040E+00 -1.3638633368724268E-01 -1.1428725709989944E-01 -4.2409302251530584E-01  4.3599548563354386E-02 -3.5732925812781852E-04
 -2.2521813786226978E-02 -1.2304481063743100E-02  3.1489626948954214E-01 -2.5929913871490162E-01 -2.9923229970245963E-01  2.7089039119332615E-02
  1.7720367158718484E-01 -1.4401190624361365E-01 -9.5169819013109488E-02  1.1855253865213725E-02 -3.4785294732098175E-02 -3.1659384427216736E-03
  2.3275455709014845E+00  1.1895072137198792E+00 -2.6370553351637377E-01 -9.1239426891774134E-01 -3.3620144496025088E+00 -1.5034698829403828E+00
  2.1450004125535474E-01 -6.8271164322999178E-01  4.4145283215550155E-02 -6.8006801832753061E-01  5.0766582352710199E-02 -1.5863958234560988E-01
  9.6252918847230784E-01  4.6004800074136626E-01  3.5854567240007768E-01 -4.2964100131035222E-02  4.3935387782578467E-01  4.2491263878828539E-02
  9.5276465611174407E-02  1.8673991161162282E-01 -3.1595349934942796E-01  1.1869781976536378E-01  2.0908836382957516E+00 -2.1535620831428397E-02
 -2.7401020103353046E-02 -2.5856055527984956E-01  3.9928289505402703E-01 -1.8217719713872141E-01 -8.6525778354398248E+00  1.7268039923471683E-02
  2.8527224349227512E-02 -1.6024932826022013E-02  3.7313694690797296E-02  8.3917678370621241E-03  1.4554433058937737E-02 -1.7062591010938377E-02
 -3.7664609904357392E-03  5.2602511401810069E-02 -8.6381805458849839E-02 -1.3162767620503247E-02  1.6757197318495855E-03  5.2297072041402284E-02
 -1.7476915994247952E-01 -7.1834897455663593E-01 -4.3683123572182004E-03 -3.0205258855668512E-03 -4.5517143623860345E-03 -1.2884728299209607E-02
  9.3672501032556702E-03 -3.3930863709584667E-03 -4.0523659593421785E-01  1.0275029132962707E+01 -5.4823074974358649E-02  2.9950571108813961E-01
  7.2443576385415556E-02  1.6660059740604505E-01  5.3031122508986517E-01 -2.8274850421855618E+01  3.6069036091535764E-02 -4.2105918235400591E-01
 -9.5806988035183699E-02 -1.9867328849313948E-01 -1.4730349776328233E-01 -3.3304595051454683E-01  4.6631197925380402E-01  5.4332346670731384E-02
 -7.7312208858871870E-02 -8.6053621803040027E-03 -2.3527407066097875E-03 -7.9733924047068472E-01  1.8253365137106695E-01 -2.3880457104450917E-02
 -1.3644474455461103E-01  6.1733672043505905E+00  2.6944284446074811E-02  8.2294118242354740E-04 -3.6424196906898109E-03  1.3869921616644626E-02
 -1.0092172152070296E-04  6.6852347446854183E-03  6.3980960484966848E-02  1.8426277056637730E-03 -8.3452800176062759E-03 -7.3049856920059431E-01
  2.5218908867920642E+00  1.8144103345604673E-01  3.4893210157816673E-01  1.0337677265764311E+00 -6.5865515453504733E+00 -2.1428739906736005E-01
 -6.0948978125845399E-01 -7.3224554089207319E-02  5.4581743097352464E-01 -2.5091248257250880E-02 -5.9036574285024168E-01 -2.2789127682998825E-01
  7.8366800071763631E-01 -1.0284861516888012E-01 -2.5074765732744975E-02  1.3608693132995424E-02  1.2564936218681665E-02  7.6771198481326410E-03
 -1.1519525906555200E-01  1.4742704067436843E-02  7.3200884621278653E-03
ORDER     2 BLOCK     6
  5.5620125321423242E-02  6.0432295907036571E-01  1.4951666671917030E-01 -3.3773047263306749E-01  2.3003464414702859E-01  1.1770489629388120E-02
 -5.2916729287496467E-01  6.0864888537827417E-03  1.3727830117251079E-02 -1.8261423579368552E-02 -1.5581778721481691E-02 -1.7542115870020150E-03
  4.4756292496592066E-03  1.6558683487471551E-03 -7.5476843680191692E+00 -2.9804575686396451E-01  9.6287622087247478E+00  1.0463012778211733E+00
  5.6041638616482470E-01 -6.8724846115667937E-01 -2.8952206463229391E-01  1.0543364598000267E+01  5.6643443930733417E+00 -4.8476484416748677E+00
  9.9261017958855324E-01 -6.5965441761732690E-02 -5.3600563609705154E-01 -1.4882076158344464E+01 -8.4805079979419595E+00  8.2293662289942695E+00
 -2.5064387261533851E+00 -5.9394196567119550E-01  5.8417687123678386E-01 -8.0078712431553400E-01  3.4362516552078570E-01 -9.0897212741566402E-01
  3.0690147481550351E-01 -8.7327446549045873E-01 -4.5685953128327954E-02  1.0294975122356671E+00  1.7773227007077437E+00 -1.8548361854936617E-02
 -1.3980297262563974E+00 -5.1484768231810962E-01 -1.2310637099591082E+00 -5.6107872168752704E-01 -4.9465950222754351E-01 -9.9814181183211000E-03
 -3.2007607936313698E+00  2.1701602887960290E+00  5.2772445852883054E-01  1.3485578670135305E-02  6.7660349718024317E-04 -9.0693672745195034E-02
 -2.8673282122055326E-02 -1.9919348905125839E-01 -1.9798142102533239E-01 -8.0199579917385272E-02  5.1948718318536080E-01  7.3230280475860094E-03
  3.5753890216158912E-01  5.0099603658561698E-01  2.6213267402399104E-01 -6.1903702871656696E-01 -2.0931691844334278E-02 -1.2956413840319817E-05
 -1.7860122461404482E-01 -9.7517601423460082E-03 -1.7127363959998393E-01 -5.0455058719477175E-01  2.5081181011607414E-04 -2.6022690850295738E-01
  4.1507371769892121E-01  7.9708836711034636E-01 -1.0115661558932953E-01
ORDER     2 BLOCK     7
 -2.9023433641691732E+00  5.6729553816660898E+00 -5.7688616413836324E-02  1.2756031410371704E+00  3.9825214856951550E+00 -7.9317428421622340E+00
 -2.1739842678088131E-01 -1.7529076435013287E+00  3.6026222205990405E-01 -3.9203491269050150E-01 -5.2722139857365680E-01 -2.6250716212712927E-03
  1.1207297449642410E-02 -1.1895214245034584E-02  1.3551866665013915E-02  1.7012692063723286E-02 -1.5047845603254690E-02  2.4361710791083169E-02
 -2.1910759577700931E-02 -2.8130537099597536E-02  2.7094369931723275E-02  5.2583848026445936E-03 -7.3537433186032319E-01  1.2647194969176518E+00
  8.3089403074269008E-01 -2.9498632862179144E+00  6.2268493718640050E-01 -1.7692824189434315E+00 -1.7771316720601791E+00  4.1490676634426205E+00
 -5.9263317195714360E-01  2.5970832508552526E+00 -3.2989715482064214E-01 -1.5347107404984837E+00 -4.2128110426059111E+00  6.1857327225719363E+00
 -1.2771804687495953E+00 -1.7147852087548879E-01  8.9292684826034929E-01  2.1915264186072410E+00  6.0251980787331387E+00 -7.6093300795827528E+00
  2.4341271272202905E+00  3.8697637491494891E-01 -2.1376029748493952E+00  8.7390028740822967E-01 -2.1739937577720090E+00 -1.0600049860531766E+00
 -9.6267774826289634E-02  4.8917315286759255E-01 -3.7597568017680882E-01 -2.1319051989045001E+00  2.7856471168375498E-02 -4.3796033094580661E-01
  8.7718391394835504E-01  9.6643536576807243E-01  1.5847271999746254E-02  9.2432455455221108E-01  1.0704651352983952E+00 -6.1355691753252506E-01
  1.3139920919137469E+00  1.2531029320208885E-02  6.3912025068911205E-01  1.4659964725556238E+00 -7.4059173481482476E-01  6.3327868365113064E-03
 -4.8317108583587026E-01 -1.4043125353464891E-01  7.1568459811080953E-01 -6.2422184681565004E-02  2.9859807931110962E-04 -2.3225662415281633E-02
  9.0843309904857353E-02  9.0343466880331846E-02  6.5952538780576914E-02  1.3847030620997190E-03 -6.7826193677188854E-02  1.2787606360483783E-01
 -2.9811646887772172E-03  9.4877144636845920E-03 -2.8143693829730942E-01  1.9337129863064442E-01  3.4660883478964566E-01 -5.5040524761116932E-03
  1.0117652096338126E-01  3.2021606735148167E-01 -5.7034978402595055E-02  3.3894256580040727E-01  7.9216245457761989E-03  7.9757246136500493E-01
 -3.7193941761325272E-01 -2.9804356982609734E-04  5.7830022789985135E-04  3.6750904549271213E-02 -2.7216638496119855E-02 -2.7734078509380273E-02
 -1.1680852714233167E-01  1.0330347164921433E-03 -1.0404246472931886E-01  8.4289548482179802E-02 -3.6743754224977415E-02  1.2458121264496122E-01
 -2.0678485465254349E-03  3.9713693298883856E-02 -6.8416095675203042E-02
ORDER     2 BLOCK     8
 -2.7453137395077323E+00 -2.2764529528839117E-01 -6.7449557867868704E+00 -2.1153952251452348E+00  1.4157763336714804E+00  3.4976674323417423E+00
  3.1475087675859408E+00  2.2443063864471533E+00 -1.8531764127210459E-01  2.7905727638430742E+00 -1.2228958799368568E+00 -2.4162660230600608E-01
  2.2201926831670243E-01  1.0257536698324052E+00  2.3861644361224102E-01  8.6587542780991189E+00 -2.2756079340208748E+00 -5.0801183000732770E+00
 -7.0566150878570753E+00  7.6207119597748720E+00  4.9367018268369922E-01 -4.1247759988684152E+00  1.6082085730263813E+00 -9.4887161573154977E+00
 -2.2144597014594899E-01 -2.1805528580539559E+00 -7.6671700763073742E+00  3.6647629978855584E-01  2.8891407011185327E-01  7.2459653760804499E-01
  1.6138988378262926E+00  3.1941117400024974E+00  9.5890178532415664E+00 -4.2797721362660148E+00  1.5791190195166449E+00  1.7712578063775844E-01
  7.5463365727120507E-02  1.0171244098213913E+01 -2.1010912630972385E+00 -6.5209804336840449E-01  7.1727075824107152E+00 -1.0709729426294161E+00
  6.5741840710187160E-01 -5.8012705232079043E-01 -9.9479321198374517E+00  2.0214558491514181E+00 -5.5509829363739338E-01  1.2897360440211816E+00
  7.6786823000303051E-01  1.4919635710919898E+00 -3.3572396160344677E+00 -1.1344529672122288E+00 -1.9958440368438322E+00 -7.1128963532217548E-01
  1.6206039426410118E-01 -1.2414824472443575E+00  4.2896489533448179E+00  1.3967013445507375E+00  4.9074582057031311E+00  8.1953553276775770E-01
 -1.7748287080412889E-01 -1.5406008770378152E-01  1.8681605370388416E-01 -4.3959028091333374E-01 -2.5811732508735248E+00 -2.2955433750269583E+00
  2.4955482084338585E+00  9.5924907024777728E-01 -1.9314764005269155E-01  6.3185242802674235E-02 -4.6612014376367569E-02  2.8349864927530617E+00
 -3.2304086620380605E+00 -1.3347796359687849E+00 -3.4702597388347946E-02 -3.9332641076640230E-02  1.4914017925011550E-02 -7.6682211711086343E-02
  4.5185305813055604E-01 -3.6537753261677627E-03 -3.0666273831113772E-01  1.1413499995295191E-01 -1.0032919162365188E+00 -3.1689217474850956E-01
  1.6300467754920700E+00  3.1226532243552330E-01 -7.5701744625350106E-02  1.5211088811671800E-01  6.8145964172695445E-02 -3.0717417368290246E-02
 -1.0758324966347580E-04 -3.2761006008743332E-01 -1.5482648375873435E-02 -1.4448293585729675E+00 -4.6507605037787627E+00  4.7527207272096529E-03
 -5.0108641479807514E-01 -1.5395344684901671E+01 -7.7023115898438910E+00 -6.8128384530061992E-01 -4.7289224388285058E+00  1.6087235718855189E-01
 -6.5231498611857686E-01  1.7518196373889077E+00  7.0868023775883193E+00  2.0896516862996244E-02  6.1097476277395713E-01 -1.2602478235831664E+00
  2.2916754984450964E+00 -3.0520182977785409E-01  3.4355960454993073E-01  1.6701051650259974E+01 -8.7334114658090645E+00 -3.3320172752408594E+00
  6.2993536755849744E-01 -7.6149879249615882E-01  8.0161973095297129E-02 -2.2034799570812567E+01  1.0518074173310913E+01  4.7989963819436268E+00
 -1.0803107452781131E+00  3.4743281162181233E-01  1.2248387939757588E-01 -2.3158445628583607E-01 -1.3861615139383096E-01 -1.5033741637087330E+00
  3.7308536768202394E-02 -1.6290049111826935E-01 -7.2606077623790247E-02  7.4326598496188293E-02 -2.1104234755516463E-01  1.0999082249049046E+00
 -2.5117077008988118E+00 -2.8029942989058165E+00  1.0359752417168884E+00 -4.0548928924724287E-01  3.1765820435480685E+00  5.3313185276312112E+00
 -2.3337369895660669E+00  4.7169524640342414E-01 -1.1213123743307844E-01 -6.0237511417677836E-01  1.4280901074284105E-01 -5.5889284251209059E-01
 -7.4971327749405658E-01 -2.9491233045440168E+00  6.0756004917995488E-01 -4.6357103785232540E-01 -8.5424828343761028E-01  6.0228697920097241E-01
 -1.7148171686701195E+00  7.1135261010047275E+00 -1.0046522982408634E+00  3.1502467101032666E-01  2.3593546626836202E+00 -4.6495278007669760E-01
  2.1173158862335408E+00  6.1931587966665358E-01  8.0098607403244293E-01 -7.7043336829396369E-01 -8.4140168205215582E-01  7.0810368121287437E-01
  1.4018941559781226E-01  1.8214835910262173E+00  4.7786053042430847E+00 -3.8227477446420983E+00 -4.1633869880496399E-01 -1.0579370426815442E+00
  8.8501155252343500E-01 -9.3061552470896269E-01 -2.6069096471474285E-01  3.8878158002230351E-02 -1.7616083146362774E-02  1.5575046654520206E+00
 -1.1523895320970443E+00  1.3097684659774325E+00  8.8532805232766731E-01 -8.3860189573733424E-02  1.7742209475823899E-02  1.0972345425833981E-02
  9.8187221991386117E-02 -4.8942697805667790E-02 -1.1163962133708844E-02  4.3336015913137384E-02  2.4650799803489637E-02  1.8535286863839154E-02
  7.8454296488304973E-02 -9.4610876463825794E-02 -1.6257395956872084E-01 -1.9949334505661448E-01  2.5283098968058371E-01  1.0604278054038146E-01
  1.1503179501678526E-02 -4.5755314068855135E-02  1.6411439012165041E+00 -4.2523902470369906E-01 -1.6234571275515003E-02 -1.8268175146875071E-03
 -4.4028703870522063E+00  1.2727550997139556E-02 -1.4240263461053992E-01  3.3654831440922128E-02  2.1121490491467883E-02 -1.3319526410225432E-02
  2.9428198081777320E-02 -1.3974001516369072E-01 -3.1013592039591170E-02  1.2993515723097924E+00  6.3964477656893637E-01 -3.3215459142114756E-01
 -3.8392068209590102E-01 -1.7081531504227747E+00 -2.1822421260270500E-01  4.0225766859829576E-01  6.0258937179022598E-01  1.1676317061119657E-01
 -1.8951972844842262E+00 -3.0566379271525675E-02  1.2797495173894045E+00 -2.2559279757761039E-01 -5.8851884911362140E-01  2.9826695915699952E-01
  1.8175768426882175E-01  4.2427542388891334E-02 -2.6886905612074924E-01  1.7608130677388774E+00 -1.4913635934783578E+00  3.5391459187343155E-01
 -1.0231928518827085E+00 -1.4731324604029558E-01 -7.6834715618355420E-01 -2.4750333555286335E+00  2.0313317217184377E+00 -3.5079348859163484E-01
  2.0531308344318995E+00  1.5687559885603383E-01  2.0063854035827853E+00 -1.0451007730209437E-01  9.3452793197059708E-02 -1.2570302686442886E-01
  1.1742518105205201E-01 -4.2826897684098912E-02 -4.8407890069948049E-02  9.5060338799788069E-01 -5.1181262641695702E-01 -4.2249280849504867E-01
 -3.1775137200484810E-01  4.9443121945112672E-01  2.8545189007011307E-01 -1.2099729321464614E-01  2.8988478814619101E-01  2.5603751708827345E-02
 -2.7603702650460229E+00 -2.1270647309724686E-01  2.1902663396153370E-02 -1.3611639970665271E-01  3.4622460988509616E+00  3.2975266057118441E-01
 -4.7695334281561759E-02  2.0381353738840660E+00  5.8765147860374467E-01 -6.0058999056973421E-02  3.0085496256034444E-01 -7.5454684046720941E-02
 -1.0496878954094004E+00 -3.5847526385475020E-01 -8.4939708088033106E-01  1.4940538116984087E-01 -4.5313227274085649E-01  2.8201171762719196E-01
 -4.9632055723345758E-01 -2.5673479965504231E-01  4.8268218833824833E-01  1.2698829281408205E-01 -1.9901300352899336E+00  1.5177652977654446E-01
 -1.9746735491825162E-02  3.0345891416559445E-01 -6.1589470365363630E-01 -2.0944941431824979E-01  7.3031796599792917E+00 -1.2934344550184490E-01
  1.9997964603135295E-02 -9.5274058034485534E-03  1.2886912664853348E-01 -5.7918539053721215E-03 -5.0817730578623647E-02  9.4055842004914722E-03
 -9.4125051027605083E-03 -3.5734144000148760E-01  2.9221312754474948E-01  1.9238866525122855E-01 -5.1817784745545143E-03 -1.0648571290680330E-01
  1.6835053050794765E-01  7.2860934460614124E-01 -1.1368017313594743E-02 -1.4073880779970233E-02 -9.5248382301573592E-02 -7.3658076415651655E-02
  6.3907210798856043E-02 -2.6092028814361422E-02  3.3898135595364359E-01 -2.1325478453063185E-01 -3.1300536501944737E-01  6.8777584249529300E-01
  2.0281464913461605E-01 -1.7297668818006434E-01 -3.9103956479237895E-01  5.2886621825364455E-01  4.3334027304616068E-01 -1.1343264808157587E+00
 -2.4691300848539621E-01  1.9019681736298386E-01  1.0764272239529877E+00 -5.4120073663106165E-02 -8.8379918746746430E-02  3.8409828638852166E-02
  3.4629843468860916E-02 -9.7959300638492206E-03 -3.6750446760003874E-01  9.0187658600128659E-02 -3.1477602613293903E-03 -1.2372783477355501E-01
  1.4373588371631527E-01  4.1705127519815566E+00  5.3273485930675643E-02 -5.0370142275790147E-02  7.4308017733462337E-02 -1.6889711300177974E-02
  8.7605050338247208E-03 -1.6626321821412604E-02 -3.2039636239093200E-01 -1.7697705832233172E-02 -1.0127110160886700E-02  4.2536037643968838E-01
  1.5477571230492924E+00 -4.3821068078987263E-01  5.3243142454239729E-02 -7.4407290328045761E-01 -4.1558147698639187E+00  6.5711879370980431E-01
 -1.4232946664324708E-02 -2.8639717923007679E-01 -2.3406907350590435E-03 -7.2957378253358740E-02  2.3412854260820340E-01 -3.5733315814046074E-01
  5.8608131493676618E-01  8.3265946516198411E-02 -1.1375521714609968E-01  1.4313945273323361E-03 -1.1918206908432828E-01  2.1059375762049992E-01
  7.7518901327545978E-02 -3.7636554348676680E-04 -3.8467773629425980E-02
ORDER     2 BLOCK     9
 -1.0325992173355742E+00  7.7187109384980435E+00 -1.4767496756733284E-01  2.4778542501041563E+00  2.8506676438579199E+00  4.4597619404884548E-01
  2.5426036110307977E+00 -2.8934356165093762E+00  1.0013253730435245E+00 -2.2896913920293338E+00 -9.7220687482920436E+00 -9.7736076425939067E-01
  3.5458183567125223E+00 -5.0899580677409864E+00 -6.5893111323078841E+00 -6.4351002805077195E+00  8.6968116477117903E+00  1.3265159181786139E+00
 -1.4341517159268999E+00 -4.5118148802963343E-01  5.0317498287382356E-02 -2.1858459528086704E-01  3.8975996627139304E+00 -2.1190558503949215E+00
  2.1343845657171006E+00  2.3421750153739285E-01 -5.8078567346092527E+00  6.0830271578062431E+00  1.1797760158403547E+01 -5.9567934938303813E+00
 -1.7176279716137843E+00  2.7610454746448015E-01  2.0743853337171405E+00 -4.4679269341241123E-01  3.3800766074773012E+00  1.6662141643150532E+00
 -3.5433878998486255E+00  5.1352579715057844E-01  1.5184979408841795E-01 -9.6462492573886838E-01 -4.6071462646605505E+00 -2.2739838798486676E+00
  5.1995215654477338E+00  9.9255964140605949E-03 -3.9430703940085249E-01  7.6450389962158183E-01  1.5346186070576742E-01 -3.2278810868422819E-01
  7.2423386367319165E-01  1.0478450793767161E-01 -2.1613905619788096E+00  1.6482133292426823E-01 -1.9076322304157256E-01 -4.6950036313897509E-01
 -7.2675916986686440E-01  1.0209712972185749E-01  3.6523069885996242E+00 -2.1577952756165392E-01  2.1598122054530464E-01  1.0288642658323175E+00
 -5.1112514296387905E-02 -2.9483521409470947E-01 -1.7990852191348181E-01  3.8966653603779530E-02  5.7052087435112486E-01 -3.7808499503742623E+00
  2.1910060198628023E-01  5.2336264212336739E-02 -8.3401913875724543E-01  5.0722996445862627E+00 -2.6492501822116860E-01 -1.3712573223793664E-01
 -3.8594560551622115E-01 -2.5673204505526009E-01  9.9669170503618273E-02  7.3774494870396512E-01  6.7953399396248329E-03  5.6407728673015738E-02
  4.5340538435829014E-01  3.1683870024090530E+00  8.0205420458780108E-01 -3.9326446982123593E+00 -1.2855943646283863E+00  2.9109154186449349E-01
  8.2772525456885307E-02 -3.8069821907661250E-01 -1.3162751636350107E+00 -2.8071109348414200E+00  9.6736075253748866E-01 -1.0013643420555243E-02
 -1.3173857677114298E+00 -8.3225013071464227E-01  1.4608339503136401E+00  3.9159776514273732E+00 -9.1644986567557385E-01 -6.7180442360614079E-01
  1.1061603975324805E+00 -3.9395180401509561E-01 -2.9370088172807457E-01  1.5183636272941117E-01 -1.0369842998425087E+00  3.6214953781887060E-01
  1.5597484325454680E-01  8.5044731534537205E-02  1.0491851827649547E-01 -1.4056866967105410E+00  5.0296445184772631E+00 -1.5234494445132993E+00
 -6.8181219645053037E+00  1.4636032963516645E+00 -1.1118897862440245E+00 -1.3902711195975020E-01 -1.4037439840387946E+00 -3.7908166439730973E-01
 -2.2892355980184349E+00 -2.3457964779571125E+00  2.7110468709716624E+00 -1.1566053291563128E+00 -4.5494091061014719E-01  5.2393542249329661E-01
  3.4119221552196004E+00  3.3345734922146613E+00 -3.0348826844680699E+00  1.0694071107293068E+00  1.9530835440617786E-01 -1.2912845473567953E+00
 -5.7033223584351678E-01  5.4792321794172250E-01 -4.1545798710612808E-01  5.0193915609456397E-01 -1.2910521001507211E-01 -1.9928431215667518E-02
  1.6191472465178720E+00 -8.2240382606088480E-01  9.5939698329350953E-02  1.0422432350181905E+00  9.6809502309791573E-01  7.7723866507571371E-01
 -3.5933202587803831E-01  6.2641941558305314E-01  2.8249507218479603E-02 -1.3903005994571202E-01 -1.2763332922599764E+00 -1.0265288195887723E+00
  4.0371902549533611E-01 -2.1719725441594164E+00 -2.1742736968044348E-02  1.8123633632031583E-01  6.5120874544892710E-02 -3.4244292171444334E-02
 -2.2292457354484579E-02 -2.1003303403833190E-02 -2.5781420394200675E-02 -2.8295988455871696E-02  9.9879826999442790E-03 -2.0304042194915189E-02
  7.6260946649059316E-02 -1.5063744383366279E-01  2.4939489330339359E-01  2.8604248920783498E-01 -1.9085505038161446E-01 -3.4430054032918350E-02
  7.1586120075030055E-02  1.7019328132487143E-02 -8.9134954424069629E-02 -3.2732360228395319E-02 -4.5942979110176529E-02  1.4216669798388654E-01
 -2.1210201960065977E-01  7.5655160438195578E-03 -1.6933787370012990E-01  2.0149095272527578E-01  2.2345413594446326E-01 -3.3461735543557969E-01
  9.2700456759874961E-01 -1.3007613691431219E-01 -2.2278811260077386E-02 -4.9939782687178566E-02 -1.0641226554126396E-01  4.0848210563544920E-03
  2.2162374106026954E+00 -1.2447166794043072E+00  1.6250730442971675E+00 -1.3189729387769059E-01  7.2458932957692701E-01  3.7429103428487216E+00
 -7.3053314277203629E-02  1.7602706014554719E+00 -2.2544038151094838E+00  2.3619890045851646E-01 -1.7279598275487569E+00 -6.0991202448786623E+00
  2.3789052798190616E-01 -2.0546143709899192E+00  6.7300469539395821E-02  1.9213990123158969E-01 -7.5886230670883043E-02  8.1355559084129378E-02
  7.4600700510101481E-01 -1.3985895000272102E+00 -1.2160656761314974E-01  3.3510075458669397E-01 -2.6270344722436706E-01 -2.8420064499382397E-01
 -2.8059413026465674E-01 -6.8788694416393979E-03  5.7593974961297423E-01  8.4951979650617158E-03 -1.7650172578977250E-01 -2.2040453930077375E-01
 -3.1467878576975600E-01  3.1822352889498556E-01  6.0204725365027120E-02 -5.8128041855336154E-02 -1.4017768905864447E-01  3.4713039317056005E-01
 -4.5862325777761859E-01  1.8873207539469000E-02  3.4950718729347047E-01  8.0095753393647784E-01 -1.7801620869958829E-01  2.7014613419195688E-01
  1.8819886311125725E-01  9.4707671348181911E-03 -6.8756238685216714E-02 -1.1399276316185145E+00  2.3014178520144382E-01 -2.6624133627960211E-01
 -2.2963018943363012E+00 -7.7617070962028006E-03  5.7787580029011416E-02 -1.2037557906187024E-02  4.6128381594857486E-02 -4.6847005820134381E-02
 -8.9217880791992148E-03  1.4166708336107225E-02  8.1078919031865801E-03 -3.7529001141733402E-02  2.0874050517222919E-02  1.9273792502055842E-01
  1.4302637975336854E-01  1.6014876500463918E-01 -7.9881212358205403E-02 -1.6756949762450304E+00  1.5480147514515655E-02 -2.5864849272819714E-02
  3.1388366358036254E-02  2.6671642102531079E-01 -1.9673026054784847E-02 -3.6767871855909934E-02 -2.2255032900002733E-01  1.9054410181524211E+00
  1.1051469273439538E+00 -1.7561268052867790E-01  7.6347137582634950E-02  1.3458852007336541E-01  2.4965375715721588E-01 -5.9973690449123138E+00
 -1.6108763338686454E+00  2.4772767103341489E-01 -8.1700526890591388E-02 -3.0946843369566890E-01  3.7077816771448124E-01  1.5750816149416050E-02
 -8.7783690679111037E-01  2.1285791670496854E-02  6.7973870101565942E-02 -2.1160547966138223E-02  3.1567903250635987E-01 -1.9850103681323539E-01
 -1.2383788252539660E-01  1.2339628489506060E-01 -1.3336587483263326E-01  2.5761425768547666E+00 -2.1699461826741712E-03 -5.7594560957752776E-02
 -1.1427424240564241E-02  1.5484140184600929E-02  1.4412300874403372E-03  1.3365957517827592E-01  1.3993606199290515E-02 -8.5448523982278486E-03
 -7.7948940151007104E-02  9.5532929122564481E-01  2.4939296226393776E-01 -1.2199995806326767E+00 -2.9494855354355604E-01 -3.3143291239990783E-02
  2.1338979639294875E-02  6.4653347128318817E-03  4.2633124618145107E-01  3.1661612730699251E-01 -1.8998383599913578E-02  1.5220152031394892E-03
 -1.4234566831931356E-02  8.2869286492983658E-03
ORDER     2 BLOCK    10
  3.0341220919109352E-01 -1.6589233879775542E+00 -2.0541083161154122E-01 -2.1007969415282157E-01  3.3820597591134844E+00  2.1925613953543608E+00
 -2.4678695101514023E+00 -1.4334521898269410E+00 -4.4862983154535135E-01  1.3294984060112387E+00  1.8842785623572136E+00  1.4184221464634410E+00
  1.2348453082384059E+00  1.0094267263065956E-01  1.5991665958006445E+00  3.8080417562846405E+00 -7.6930946152301170E+00 -2.8402845070985734E+00
 -1.6660969391575262E+00  1.8454446367429296E+00  1.4047530479050982E-04  2.3267213353160483E+00 -2.6365036703470159E+00 -8.3680874899836741E+00
 -5.1780841262919379E+00 -3.9169133047276157E+00  2.8963129652364157E+00 -2.8047365692669241E-01  2.8553361380343240E-01 -1.8975570983960226E+00
  1.1470328826328593E+01  5.2093745845024317E+00 -7.3776322699233221E-01 -3.4227453450202763E+00 -2.1940846743609166E+00 -1.8624794166513325E+00
  3.3383413575787529E-01  5.3224448302158551E+00  3.0537103963418866E+00  2.4948020480289257E+00 -1.8756392948688152E+00  1.1202181233629482E-01
 -6.2967582530250099E-01 -1.8406248411156785E+00  2.6964115590031290E+00 -7.7572916808737924E-01  9.5048455568891921E-01  3.4844145286528665E+00
  1.8291962036005446E-01 -1.7458282726520491E+00 -4.8080508307673209E-01  1.7291506113471227E+00 -3.3615474133501178E-01  3.0918601855682937E-01
  2.9034322558154337E-02  2.6802169581349622E+00  1.2344689342998540E+00 -2.1895527632466938E+00 -1.5462252282885725E+00 -6.8048815973066190E-01
  1.5752635043579954E-01  6.1469893959358902E-03  8.2115020032180397E-01  8.5600947445513353E-01  1.1402317675687998E+00  9.6104228939949365E-01
 -9.2641706404434665E-01 -1.7923707833391342E-01 -1.8336319364749279E-01 -1.6497524578022765E-01 -8.1151839818602980E-02 -1.1146935776132183E+00
  1.0286559062164966E+00 -2.6298844679701654E-02  3.6742698594649581E-01  1.4348193448815066E-01  1.0839120163697902E-01  1.3185644419566503E-01
 -1.1015798068100219E-01  2.4390168971013448E-01  1.5482929488815561E-01  1.8811554293502546E-02  5.4720309919699317E-01 -2.1308048791283792E-02
 -8.3970322882960524E-01  4.7716785404436746E-02  9.5580700460451723E-02 -2.5074888858283495E-01  8.5046300061865452E-03  2.4731611842382550E-02
  3.8236318901106828E-04  1.2716753450317866E+00  1.7477991447938952E-02  5.9488654468747004E-01  2.1412353130118627E+00  3.1750464259156200E-03
  1.7500670075752434E+00  6.8847168075003191E+00  4.6625587673123361E+00 -5.1746129714406419E-01  2.1064729773263768E+00 -9.4375174265500317E-01
 -4.1797380405808694E-02 -8.4654722682172709E-02 -4.1655325271885548E+00  1.3239897877718874E+00  7.7165008935889268E-01  9.6643231673911834E-01
 -1.6195651871944672E+00  2.6667471691446298E-01  7.0873259466118599E-01 -7.2578781836061284E+00  1.0377859614001670E+00  3.3753905441758469E+00
  5.2884017410970885E-01 -4.8839449335230711E-01  4.3976055893437414E-02  1.0279009901053453E+01 -4.9361415286777799E-01 -4.3702820508417224E+00
 -4.6135523852815058E-01  7.9311587122759963E-01  1.7793001416773657E-01  2.1162202664418789E-01 -8.5503194013582395E-01  1.7916006646922772E-01
  8.4125179736801628E-02  2.8602420714475424E-01  2.3656775334120531E-01  5.8593115530873918E-01  9.1109070341751874E-01 -1.3983345952920687E+00
  2.2437766343746399E+00 -1.4494153452721725E+00 -1.5119448553816219E+00  5.5240610937641377E-01 -2.9945093133474847E+00  3.8962204113027967E+00
  2.3699860131362365E+00 -6.7723903575517641E-01 -2.4132084647762375E-01  6.0027484032855438E-01 -2.3917317410733646E-01 -1.2445898226572969E+00
  1.7347146219970302E+00  6.0940777397504209E-01 -1.0373992831813765E+00  3.5189311367779602E-01 -3.1010117339496557E-01  7.8664180888410307E-01
 -1.0943312382500228E-02 -7.7918018539782175E-01  1.3900873644897778E+00 -4.0014622651356585E-01 -4.1061561510405692E-01 -1.1576738917823042E+00
  8.3332975246208418E-02 -2.6301530847638265E-02 -1.9395928260680459E-01 -3.9893766564414707E-01  2.9554933629371050E-01 -1.8563802378660019E-01
 -1.2520301648201873E-01 -1.0038216621387306E+00 -9.9311505140840250E-01  6.9295237419588074E-01  2.4832723897698822E-01 -7.1231320871263104E-02
 -1.3719013976835392E-01  2.7510931039543302E-01 -4.1902382264495142E-01  4.2157837362599287E-03  9.1019846764700374E-02  4.6346042181832907E-02
  1.7404448169790945E-01 -4.8592098964915337E-01  8.8498120413844938E-01  2.7055310506880127E-02 -7.8789188447464686E-02 -3.8906177802240594E-02
 -9.6529496858380782E-03  3.7609619910105162E-02  3.9972975262000117E-02 -4.9617635025135751E-03  1.9735209817868287E-02  2.4798102827268225E-02
 -1.3974064250123219E-01 -2.0080322235515921E-01 -1.3075559111404109E-02 -3.5337890012455693E-02 -5.0019590351821359E-02  9.4238944723698273E-02
  1.3929497958119400E-01  6.4698751465654944E-02 -1.5382323865718641E+00 -5.9109844253799497E-02 -1.8663089739316543E-01 -3.8930331675054441E-02
  4.3733714345014612E+00  3.1939364791239586E-02  6.5024193020143242E-02 -3.2537263339125141E-02  4.8420123352585338E-02  1.0635215386942216E-01
  3.4105598528683716E-02  9.0240231435982823E-02  1.1259200864719779E-02  6.1812982325520927E-01 -4.1878933629661974E-01  5.0268807580647473E-02
 -4.9549540782341261E-01 -9.7788640265734739E-01 -6.8696861729023762E-01  9.2047251005400815E-02  9.4918599492117295E-01 -1.7335137415182386E-01
  2.2360882741297696E+00  9.6273948231484080E-02  6.2047508517777261E-01 -7.6538243706558684E-01  1.0470307650699037E-01  1.0176057364279785E-01
 -1.7301887885199960E-01  9.9790104622649099E-04 -2.2387096550777411E-01 -1.3440721662588131E+00  1.3945954140069157E+00 -1.2785408226669739E-01
  2.2294604436452503E-01  1.0100930033789850E-01  9.3625350313885547E-01  1.8761381600700118E+00 -1.8861577343961893E+00 -2.4988502946050400E-02
 -5.1263340211106158E-02 -1.0551110341093964E-01 -3.1325783133073961E+00 -3.8206904334375474E-01 -1.7560353151913050E-01  1.3411616053362332E-01
 -1.1715351790402208E-01  6.9601557181521037E-03 -1.1380865634546697E+00 -1.2964950889490479E-01  2.1654894290697571E+00  4.3805516228689012E-01
  4.4875889490540166E-02 -4.3380700930530208E-01 -1.7942389839782361E-01  8.8120125469749802E-02 -3.2023421032437288E-01 -5.5607442856813244E-03
 -2.0883553925275863E-01 -8.2158585733073997E-02  1.5755127048263214E-02  1.0867565894971365E+00  1.2085649847685739E-01  1.8275179747154396E-01
 -7.8779373711558007E-02  1.4988605530837248E-01 -4.0379874818017586E-01 -3.6963928338909557E-01 -1.0642692369823541E-01  2.2343445585810287E-01
  9.8616609787317389E-01  1.1631177644481178E-01 -4.4401084349835800E-02 -2.1734563841703313E-02  8.8210726972664177E-01 -2.3753197402469953E-01
  4.4142550596541658E-01  4.6421663884944320E-01 -2.3159186262320003E-01  1.0824703718302332E-01  6.9250650914927525E-01 -9.8522382418449184E-03
  2.5611733817013992E-02 -6.5928012201465636E-01  1.5453518617829801E-01 -2.3557425711418364E-01 -2.5478554435855862E+00 -3.4988963656371855E-03
 -2.5094796208716720E-02 -8.5380199306148735E-02 -3.9603120807016744E-02 -2.8035872507078959E-02  8.8191765839932545E-03  4.0414842993836278E-03
  2.7567324761076034E-03  2.4859185345899804E-02 -1.2620997473165382E-01 -1.5211467209722765E-01 -6.0524164971220637E-02  7.4429932662090498E-02
 -1.8667807151896834E-01 -8.8677525859874651E-01  1.3310795261877421E-02  9.8663797840225897E-03  8.5678450315530303E-03 -1.6316615451054787E-02
  2.3180380576557552E-02 -1.2370060175753577E-02 -2.3613727039348772E-01 -5.8495591308287365E+00  8.6031510118662269E-01  7.6902156777038089E-04
 -1.0111769484600906E-01 -5.0825333754854797E-02  2.3801929988751178E-01  1.6013031441495631E+01 -1.1974684311761465E+00 -1.7703143416657473E-02
  1.6492992809422666E-01  8.5322367632759855E-02 -2.2729642522727342E-01 -1.5344748434059935E-01 -1.5220718011908452E-01 -4.4584317444594256E-02
  5.9591739959662833E-02 -1.0802057979764505E-01 -5.8051575292729307E-01  8.8277590385062410E-01 -3.6005086927830043E-01  2.9667297107458512E-01
 -1.3391022282917017E-01 -4.1667273252927711E-01 -1.6302658083552184E-02 -2.7751158137581677E-02 -6.9770496036191870E-02 -9.1556703542418020E-03
  5.1025612647337560E-03  5.4981960137123212E-02  4.7527496577563902E-02  5.1377851220697360E-03  6.0462008533486945E-03 -1.2869673722884700E-01
 -2.8385918690741505E+00 -1.4320463538882309E-02  1.3448422978511787E-01  3.4288337712188338E-01  7.6117426761968145E+00 -1.1598525163045394E-01
 -1.7737544459361151E-01  1.6198292491943195E-01 -1.2220819563729424E-01  8.6158729072670553E-02  7.7809017573562922E-01 -1.9842137067381724E-01
  1.0716941981394807E+00  1.8702712905393125E-02  3.0468977998545282E-02 -3.4468113302833082E-03  1.0383785057466803E-01 -1.4510570434813411E-01
  7.5793275112280886E-02 -1.0297370495047944E-02  1.5806189774186755E-02
