SURFGEN.GLOBAL Hd COEFFICIENTS FILE V:2.8.8
high order tester                                                                                                                                                                                                                                              
ORDER
    2
COEFFICIENTS
ORDER     0 BLOCK     1
  1.8557368463364340E-01
ORDER     0 BLOCK     4
  1.2038187343883527E-01
ORDER     0 BLOCK     5
  4.8495451424876206E-02
ORDER     0 BLOCK     8
 -3.5916774667797469E-01
ORDER     0 BLOCK    10
  1.4095755346088920E-01
ORDER     1 BLOCK     1
 -4.8725332002877786E-01 -1.1362874598564354E+00  4.6952144021522679E-01 -2.4470651861915491E+00  1.2406861771230568E+00  1.8840371356035577E+00
 -2.6425910077079129E+00  5.8407443155497463E+00  3.7528675785484050E-01  6.6984747578748383E-01 -8.0047039003579901E-02 -5.8919680946825792E-01
  1.8987395955577893E-01 -2.2543439100006468E-01  9.8476521847945267E-02 -1.1953639452399786E-01  3.7300752153085176E-02  9.6483215679088796E-02
  2.1278772855449546E-02 -4.6879179216029399E-01 -4.5436463808254735E-01  8.7963942611918533E-01 -3.1520074096154151E+00
ORDER     1 BLOCK     2
  1.0596028904427454E-01  5.2354097378923001E-03  1.9787276627398237E-01  6.2651023230426528E-01
ORDER     1 BLOCK     3
 -2.7036791486805676E+00  9.5438095468896655E-01  5.2910731038745960E+00 -2.2194235809387584E+00 -5.3176939642649323E-01 -5.8885389789902674E-02
 -9.0083754686068149E-02 -2.4152894311345450E+00  3.9493391012395784E-01 -1.8301406504060688E-01 -3.2114959056935655E-01  1.0375926194675800E+00
  4.2086281321410901E-02
ORDER     1 BLOCK     4
 -5.9837778266546723E-02 -5.7079012777734173E-01  8.3025277636878525E-01 -2.9548673696273466E+00  6.8684523136079534E-01  5.3835304472388423E-01
 -2.0924965283515231E+00  2.5612197605295424E+00  3.8505150113871772E-01  2.4894177346054003E-01 -1.4433941425259611E-01 -9.6579853622011802E-01
 -3.3923726333488818E-01 -1.9571165159633666E-01  1.6602321113121429E-01 -9.7919859677181656E-02  7.8781931559283008E-02 -2.6703558592275117E-01
  2.7070066575274165E-01 -3.4003633837807917E-01  8.8972185894100708E-01 -5.9486928417492002E-01  1.4869333288003739E+00
ORDER     1 BLOCK     5
  1.2927979727909503E-01 -1.1068753460303891E+00  4.8103249787122726E-01 -1.3484514693859273E+00 -3.6660424807338504E-01  3.0328534619154399E+00
 -7.3077160670270480E-01  1.6826670356237154E+00  1.3175713159427080E+00 -4.8307112758354037E-01  5.0353133587159850E-02  4.6916887176462041E-01
  5.6528049467553287E-01  5.9199016314425340E-02 -2.0965114825333528E-01  1.1878238756235564E-01  2.0440214430107737E-01  1.6326688249028157E-01
  2.5759587857540872E-02 -8.7766065760117795E-01  2.4072032196041807E-01 -3.0847051983668803E+00 -6.5728034522794798E-01
ORDER     1 BLOCK     6
 -1.2544067718903151E+00
ORDER     1 BLOCK     7
 -9.4399358978604034E-02 -8.5883818014235620E-03 -4.7884144020158209E-01  1.4699163187346753E-01
ORDER     1 BLOCK     8
 -2.1142873777353763E+00 -1.2123951874980143E+00 -7.8677611050669671E-02  2.1205211104663255E+00  7.3145774288366345E+00  6.0782043109080686E+00
 -2.5061965978101104E+00 -3.5702023287289988E+00 -1.9893925249372411E+00 -9.3779894827095464E-02  2.6897793030621328E-02  2.8912364561530829E-01
 -5.2336570520378711E-01  5.8524643228151851E-01  4.6589475312574197E-01  3.2431127772919949E-01 -1.8201779350749889E-02 -1.6061302860786469E-01
  1.0563645147502047E-01  9.7476419032513550E-01 -4.9590962326686377E-01 -2.4532910908068990E+00 -1.5640607612994186E+00
ORDER     1 BLOCK     9
 -1.0913336589324367E+00  9.1360076335088025E-01  2.5103662122501738E+00 -2.2204687452771865E+00 -1.4215088311105115E-01 -1.3305327686652724E-01
  7.5344108906385709E-01  5.9252014394453245E-01  1.0983829823129367E-01 -3.4266999845928475E-01 -3.0332708621674231E-01  5.9791035260361325E-01
 -1.3061067370445543E+00
ORDER     1 BLOCK    10
 -1.1417170459321013E+00 -1.8941274348322006E+00 -7.1201820161026952E-01 -9.6693376983252510E-01  1.5292963746520525E+00  2.9214537463178161E+00
  3.8736484795811257E+00  1.0655740163458074E+00 -3.0546409315411843E-01  6.8664110203528050E-01  4.5170148554585947E-02 -3.7691117825188226E-02
  4.8336308699578895E-01 -2.7997855161441981E-01 -2.6562150754947733E-01 -1.8210469947519493E-02  1.4977274412793382E-01 -7.0370584434986144E-02
 -7.8975972801717725E-02 -3.3069980922245551E-01  3.1579878772040210E-01 -8.7350774297003109E-01 -6.5439027167279917E-01
ORDER     2 BLOCK     1
 -1.3941129229718308E+00  1.2316692041339794E+00 -2.9661196602063618E-02  8.3185231013103134E-01  4.7627542451323279E-01 -1.2840337118258036E+00
 -3.3551876117703733E-01  1.3885621137743513E+00 -3.0364095195676909E-02 -1.3715727219994780E+00  1.5507728510610191E-01  3.1904958010356321E-01
 -1.7341808783816808E+00  9.2129669456642993E-01 -1.4171131189487942E+00 -1.5672935125837000E+00  1.3327231131820692E+00  1.8205434422264262E+00
  2.6992500877402881E+00  4.5687489960982031E-01 -4.2120065468660284E-01  1.0497452161867584E+00 -4.7515375050049868E-01  1.9397827599502506E+00
 -6.6506905163883046E-01  1.4006870957235509E+00  2.0409455036293367E+00  5.7348180320114317E-01  2.1078214158347156E-01 -1.2353608900216322E+00
 -2.4132922618525368E+00 -1.9577108180820633E+00 -4.3320300274232526E+00  2.3965937444872831E+00  5.1976280745036942E-02 -2.2807022347714523E-01
 -7.2313570898011392E-01 -4.2964006919161060E+00  1.5473459165261635E-01  1.2146348711757446E+00 -1.3637955235066581E+00  8.1631598743090571E-03
 -3.3806483854550297E-02  3.2740519584025185E-01  1.6916808470906410E+00  3.5291960369007214E-01 -1.5866975076375001E-01 -8.5434310002651426E-01
  3.4129467954547116E-01  4.7503746533264452E-01  3.0911689741016102E-01  3.1931694136027072E-01  3.7657568681445447E-01  4.5791215315209849E-01
 -2.3143784753090391E-01 -7.8624087152725941E-01 -2.3862929405169755E-01 -1.9850888873181671E-01  6.5331383901750265E-02 -3.2087012689811117E-01
  2.1807907382545560E-01 -2.7300167924580432E-01  6.9318310092481616E-01 -2.6995256024170811E-01 -3.5470350212800851E-02  6.5534224000467378E-01
 -7.5730414027365900E-01  2.9795421441980025E-01  2.6465177233478698E-02 -3.6750201932149319E-02  1.3963356609045624E-01 -1.0168697137251534E+00
  1.0863762635632568E+00 -2.1260794519534418E-01 -2.3450978527483197E-02  5.2207015444787917E-02 -1.9102428975636632E-01  2.8780131469989048E-02
 -3.1245783348751927E-01 -1.5211561857448630E-01  8.3008215385220380E-02 -4.9107590820509861E-02  1.3289131454732168E+00 -4.9954087154295834E-02
 -2.0146878409562303E+00  2.7362301980721277E-02 -3.8787285052585843E-02  4.7329267211737976E-02 -4.2368637979830155E-02  3.1414441357221672E-03
 -2.3940026894893913E-05 -1.3054156064635405E+00  3.3420496133957547E-02  2.0455369005787820E+00  1.1791142257786775E+00 -2.1948322367466494E-02
 -1.6622297204754695E+00  1.2493981100100706E+00  1.6188931351767619E-01  4.1594684168792400E+00 -1.0859037196676948E+00 -1.6697071510239037E-01
  4.3540287213833745E-01 -5.3556043971051039E+00  8.2626892665374108E-01  2.4996560505052126E-01 -9.4933229298515076E-01  4.3310063934315213E-01
 -8.8994548907569160E-01 -1.1073798013600622E-01  6.9064554009050749E-01 -4.2914150424569031E-01 -1.4593872192150439E-01  1.7867018997535837E+00
 -7.0130561994517715E-01  8.7790295617295977E-01 -1.2283198747607424E+00  1.1718138207915865E+00 -9.9852449121035347E-01 -3.5527526388214090E+00
  1.2418690954085025E+00 -7.3467837599122765E-01  1.1877651828072731E+00 -1.9621397326428744E-01  4.6925514730376522E-01 -2.4426077171540408E-01
 -1.3894812093562878E-01  1.4483184355054946E-01  3.4752533263305278E-04  1.5236274285533327E-01  2.1618327489100364E-01  1.6705322907283496E-01
 -2.8643494089137228E-01 -1.6962632198035454E-02  6.0701249170664007E-01 -1.4953628722213771E-01  5.5216263419562972E-01  2.4745942671300671E+00
 -7.7379768891115608E-01  8.0528420251834723E-02  4.0940520844772516E-01  3.6442899514999613E-02  2.3258253220365169E-01 -5.5717100196930480E-01
 -9.5652304175955472E-01 -7.1821450700392597E-01  3.5835829973328348E-01 -2.0100212295111433E-01  1.0057115861128070E+00 -1.5608285237926545E-01
  3.9730322155029418E-01  5.9204635688908347E-01 -5.6908066177567984E-01  4.0270960728323529E-01 -1.6637847147371170E+00  1.5854528392992481E-01
 -4.8278513089499092E-01 -2.6558198991509285E-01  8.0933540347129088E-02  2.9448447611272044E-01  8.8396116743301986E-02 -3.0424405061663268E-01
  2.7853406271008657E-01  9.6379660878933315E-01  5.1032857839639800E-01 -7.7611100150458967E-01  8.1580490578933906E-02  5.6233019155343789E-01
 -2.5022875577983772E-01  2.1362112582211962E-01 -1.4381238440681292E+00  5.4571028546821373E-02 -9.4631258827207049E-03 -7.8360686150210401E-01
  3.6684305502224435E-01 -2.9052244703952118E-01  3.6596920581506018E+00 -5.3821933500787317E-02 -1.7146270338804975E-02 -6.5168426314995531E-02
  1.0922872499666307E-02  4.0867095806617140E-02 -1.5744191376410279E-02 -6.5159200961058483E-02 -3.9860769641889678E-02 -8.1696381884757141E-02
  2.0769875949419019E-02  1.7510655855588453E-01  4.9279324998962974E-02  1.0899120204441044E-01 -1.2031691104486611E-02 -5.1895626043268944E-02
 -1.1829517301230777E-01 -6.8259957374688929E-02 -1.5235575877173313E-01  9.2906849038289649E-02  1.9257287970970233E-01  6.9086929719964690E-02
  8.9648473427566078E-01  1.6039233155159979E-02  3.0598524604262083E-02  8.9395563485998187E-03  7.5393926529925114E-03 -1.5522895196092647E-02
 -1.5020854771764089E-02  5.8505246475207264E-03  3.8840213183871644E-03 -4.7752388505079180E-01 -1.3178291442544271E-01 -2.1470786729944785E-01
 -3.7251042794814759E-01  6.8179187116168682E-01 -3.6390102935374719E-01  3.1564545969607283E-01  1.1106555682138544E+00 -8.1876165597737794E-03
  7.8057468778950445E-01 -6.0045417992335898E-02 -1.4946358362077783E-01  2.9576323857175052E-01  2.0697895144334585E-01 -1.3029569789349232E-01
 -1.8423351851118391E-01 -4.5565489158571242E-03  2.0204144121950385E-01  2.7288520800065608E-01 -6.1102624941421801E-01  1.6945424960035643E-01
  5.3804203660214578E-01 -1.8534388796531179E-01  4.2032128662722335E-01 -3.9385872571364056E-01  8.4804129984641796E-01 -2.4169941696695937E-01
 -9.5201468469316597E-01  2.7247126622943968E-01 -5.3620215530431303E-01  1.6947511277725784E+00 -1.2618976799159196E-01  6.2327693102339349E-02
 -5.3718979692798603E-02  5.2129431287500978E-02 -1.2154349750614980E-01 -3.7537595724759487E-01 -5.2305212588535177E-01 -1.0417184976926262E-01
  2.6741129246742511E-02  7.5829440699342818E-02  6.2032191885691423E-02  2.7220382545071427E-02 -1.8400427740003755E-01 -1.3125206880980624E-02
  1.0833012451451272E+00 -2.5665126803344884E-01  6.6522459956701507E-03 -1.1672770377330952E-01 -1.2835585163816494E+00 -7.2899146206548693E-02
 -1.6291072998769269E-02 -3.0539090846766759E+00  1.5997642221970115E-02  2.6062736645827828E-01 -5.7156428699699530E-02 -3.2694583861988069E-01
  3.9825471242845317E-01 -3.4710487747208024E-01  3.1469552470481460E-01 -5.2627212749977309E-02  3.8616258230245532E-01 -1.2048670120997312E-01
  5.0896547100576464E-02 -6.2137394147279063E-02  1.4051889867260337E-01 -1.3412293897163408E-01  9.9675421732163305E-01  9.9583519219193107E-03
  5.0494412280124377E-02  5.2743882316543457E-02 -1.2192186031951792E-01  2.2033554914524167E-01 -3.3326538782210351E+00 -1.3639950663486736E-02
 -5.0923281583522585E-02  4.5725333128673884E-02 -4.1316987299062906E-02 -1.7489357304717235E-02  1.9040999863419606E-02 -8.9830314393272558E-03
  3.9167219079016442E-03  9.4401173296316268E-02 -1.7621696735492137E-01 -1.8141838323386128E-01 -3.0439035981305599E-02 -4.6959545155671453E-02
  6.6958983242293296E-02  7.6799880062791281E-01 -3.9789426885400453E-04 -6.4861767014195160E-03 -7.5478654458189923E-02 -6.6417816665168564E-02
  8.8928836756821977E-02  2.6042693492244764E-02  1.6269513266962723E-01 -3.0871212705226236E+00 -6.6720258994078518E-01  1.1850320711941366E-02
 -1.0109127844277804E-01 -9.9644001009081856E-02 -1.5695167419336142E-01  8.1458554024443526E+00  9.5662259999416777E-01  4.1539441418424784E-02
  1.2419467851307490E-01  1.2965005904954177E-01 -4.5805048645845808E-01  4.3139711780704228E-02 -1.3739927338943378E-01 -7.8371187550396654E-02
  3.4895881681083089E-02 -6.2053948302251923E-02  1.2021441628636763E-01 -1.4684042221022867E-01 -1.0338379805556212E-01 -1.0414470077287989E-01
  1.3105532032161335E-01 -1.6000113338749962E+00 -2.4699322380445934E-02  3.0121625108108899E-02 -1.1512674963460865E-02  1.9977350717085003E-03
 -2.2285860595943112E-02 -6.2175222683712242E-03 -7.2788105099682405E-03  9.9779713164710754E-03  1.7475958999019011E-03  4.6792295786482208E-01
  4.1216765949536507E+00  1.4156851946351848E-01 -2.4590112261765373E-01 -6.7533787458654471E-01 -1.1299867079383613E+01 -1.5398638253347774E-01
  3.5848651583439883E-01  1.6354259638600384E-02 -3.2718439890092793E-02  2.6770183597264286E-02 -8.4111337834516048E-02  1.8459299930447334E-01
  5.9781448139976376E+00  4.7311509489694113E-02  3.3385015610858305E-02  3.3689985133024997E-03  2.1134750244097073E-02 -3.8731869785576058E-02
 -3.0873860583568429E-02  1.4351718915634708E-02 -6.0238137479385451E-04
ORDER     2 BLOCK     2
  2.0264439270653214E+00 -1.9325321185175077E+00 -1.7051719174795092E+00  1.1591817825468950E-01 -3.6773886511638145E+00  3.5613849278185645E+00
  1.6589730820648148E+00 -2.7190222737675940E-01  5.5957941817682072E-02  2.3204048055881274E-01  7.4021421280944011E-01 -5.3209296734953719E-02
  3.6058745554651883E-02 -1.7249220954543710E-03 -1.8832182858812007E-02  6.7896526569794238E-02 -4.4127610549924944E-02  5.4347083124864554E-04
  2.6696886113312130E-02  1.8017102875233400E-02 -1.4042384098978393E-03 -5.2271434438578299E-03 -5.5225656531410727E-01 -2.5036323364115576E-01
 -9.4626664712626629E-01 -2.4397105848285907E+00  6.0626732886150392E-01 -5.3805780444991291E-02  1.2802937132576699E+00  2.8004808905339256E+00
 -1.3242935289647648E+00 -1.0989070198800204E+00  1.3500196106175073E-02 -1.6493223781909594E+00 -1.8564939725606009E+00 -9.1024530667502113E-01
 -1.2420018163830665E-01 -3.2234816217595230E-01  7.4371863473278299E-01  1.3317192395398254E+00  2.1527127289056964E+00  2.7146363909116644E+00
  1.8283326484421070E-01 -1.2889433054402227E-01 -6.8384468653684549E-01  9.8258482279325698E-01  1.6452804326480770E+00 -2.5687436318338180E-01
  2.8247445732702298E-01 -2.2396792236812232E-01  9.7722016751208424E-02  1.8798848066241836E+00 -1.6518827524251045E-02  8.7185391963141834E-01
  3.8029852736053765E-01 -2.1868832843150812E+00  5.5089215220603401E-02  2.0829947268629643E+00 -4.2827558032972957E-01 -1.3713402240960901E+00
 -3.7560606509294536E-01  1.1389720321306220E-02 -4.3452734707894064E-01  9.5028265544249024E-01 -1.9252861566088622E-01 -3.1169942702484054E-03
  1.1355341636071974E-01 -6.1543103061352067E-01  1.1349849054386314E+00 -4.2679267702909612E-02  1.8958938889433144E-03 -2.2424065358157788E-02
  1.2242594079443709E-02 -6.2758476871010008E-02 -2.1640986059095927E-02  1.1326480501639747E-03 -4.5209718704418977E-02  3.6595199584960297E-02
 -3.8109829231469827E-02 -1.8842983366441607E-02 -6.8621242181025399E-01  7.5685063892222168E-02 -1.5300098912158319E-01  2.0201448932147092E-02
  4.0079161907439526E-01 -1.0481124937275270E+00 -5.2964894534304463E-01 -4.1063781351347695E-01 -3.4387631240983619E-03 -6.7246522675806331E-01
  5.8963400945669320E-01  1.4191743308608567E-02  1.1087636100495197E-04  3.7078941679955249E-02 -1.4379086888342479E-01 -7.7646886189785505E-02
 -6.0102697458596949E-02 -6.0041092172432751E-03  9.7523013534355774E-02 -3.4119464795292076E-01  2.6532422280697254E-01 -1.3602679085588892E-01
  3.8937942173397164E-03 -6.0261878096154187E-01  2.4447037780940126E-01
ORDER     2 BLOCK     3
 -1.8071868286638169E+00 -4.3585281667901912E+00  3.9698218034304805E-01  1.9538073875538284E+00  1.5923342703473214E-02 -6.7149944242098680E-01
 -4.5406406659158938E+00 -5.8901480348963080E+00  5.6456391962143596E-02  7.5890770193136603E-01  5.1809605339437104E+00 -3.3209332685945231E-01
  2.6239506218028792E+00  5.1443893503659801E+00  3.8387680282257888E+00  1.9203525105791976E+00 -3.1655243527336241E+00  7.2963527452125088E-01
 -1.9949450604834338E+00  4.5172921940724438E+00 -1.5137347869120313E-01  8.3505374753052752E-02  4.6377259461252436E+00 -2.0567534908262370E+00
  2.6732375658743757E+00 -1.2144480227282928E+01  5.4955203659706520E+00  6.5601582414617061E+00 -5.0776558154008820E+00 -5.3967987773768549E+00
 -7.4013273406835289E-01  2.6780145097764463E-01  1.3100870204141815E+00 -5.5303342370613844E-02 -2.2470244730850730E+00  1.7233699278932770E+00
  1.8909475864399559E+00  3.8170095037845553E-01 -8.4708080079679049E-01  1.4480974691246021E-01  3.5164785759824397E+00 -3.0481690189369743E+00
 -2.2983551680241989E+00 -9.3135843395660201E-01  9.8786948536594688E-01 -4.8327813230879013E-01  6.8999618358135362E-01  1.0274514411786797E+00
  5.6240585199937054E-01  1.6550666764951933E+00 -1.2728824327012120E+00 -8.9539430663670233E-02 -1.5572552880963383E-01 -8.5010447025176716E-01
 -7.9573510944404158E-01 -2.5779147334625367E+00  1.6598602420646704E+00  6.5009269216320914E-02  1.7815253506156548E-01  1.4100750099099439E+00
  3.2373034277223761E-01 -1.6744867597943039E-01 -2.8206415873616691E-01  9.6312418035064837E-02 -3.0810419647604878E-02  9.9882571381693608E-01
  3.3853313938582048E-03  1.5477929985783481E-01 -1.8625520172320553E-01 -1.3364845236754781E+00  1.4463502207712600E-01 -2.7334299006123308E-01
  1.0213516106286615E+00  1.3601826857484553E-01  2.3758595774324581E-01  1.1302247146231819E+00 -1.4803689102001426E-02 -1.9902406481797894E+00
  1.4464555774622101E+00 -3.9963167512163367E-01  6.1082873004257111E-02  6.2403541041963539E-01  8.1535790836418806E-02 -4.1554131179657910E-01
 -4.6689005156496918E-02  3.1810398197027316E-03  1.8299483090478522E-01  1.3592359600310715E+00  4.3888143252515261E+00  2.7749662373870878E+00
  1.8544284116700704E-01  3.6574600964043269E-01  9.6571618738823695E-02 -1.5696272492990866E+00 -4.2802806484097307E+00 -2.7319902808709711E+00
 -5.5944225128474645E-01 -1.6333007304502483E+00 -1.3262630107407327E+00  1.0934338924482288E+00 -1.4463437043494700E+00  7.7471798129923487E-03
 -8.2454340032413771E-03  5.5523786892129490E-03  5.6318904944046355E-01 -5.8288800922497153E-01 -1.0190827058339842E+00  4.6540002011711622E-02
  1.7218782922447182E+00 -2.6295430248517415E-01  1.3477284158127689E-01 -5.8907559173802770E-01 -2.2610642154542483E-02  2.7089244665322418E+00
 -3.0087292483882817E+00 -6.4975230483832747E-01  1.2195853758605610E+00 -6.1475403605204593E-01 -1.4261934911139107E-01 -1.4093301611467297E+00
  5.8079880998415234E+00  1.0053000400883818E+00 -2.1090509037838396E+00  6.4062518502541022E-01  1.2251883124888205E-01  2.2748597091987737E+00
  6.2687313121885857E-02 -4.2068508223972739E-01 -1.6156418926850660E-01  1.3315957375988099E-01 -1.9628751003452369E-01 -1.7442554207874517E-01
  1.0718571815695427E-01  7.7463514973121028E-01 -6.9075465817579318E-01  2.3085660254938767E-01  3.7411587918502770E-02  9.3757825263611749E-01
 -4.3759260985441806E-01  3.3653490456599173E+00  2.1975323770345976E-02 -1.4523880481892244E-02  2.5326709006199172E-02 -1.2981388890831147E+00
  6.3209870790060374E-01 -9.0378101557374784E+00 -1.7100747899228032E-02  8.6216033167084719E-02  3.6308759436747158E-04  1.0654784199745351E-01
 -1.0427608512536649E-01 -8.0026985575432724E-02  5.5097393473408210E-02 -1.4974146718156797E-02 -1.3591123906122540E-01  1.7031858937624784E-02
  3.4942490671644490E-02 -6.1648718580607595E-02 -1.3412454199493820E-02  1.6796549110841907E-01 -7.9842663227976329E-01 -1.0638173584702994E-01
  1.1690472322291070E+00  1.4532034031855875E-01  4.6619986274134238E-02  7.0076834762683324E-02  3.5824066285723974E-02 -9.6855299483205454E-02
 -1.3982626221327593E-01  1.1370395253124230E-02 -4.2816761579045581E-01 -1.2536281049880160E+00  7.6869703575587500E-01  2.1022577869203825E+00
 -2.0583445759137917E-01  2.3544785820702455E-01  3.1351776652735586E-02  4.8485141881120813E-01  2.7643787502882644E-01  3.1676056082264294E-02
 -2.0646807735672787E+00  3.7160690932774021E-01 -9.4316500477710008E-01  1.5865813749478210E+00 -5.8770072714428431E-03  3.8105378584234297E+00
 -2.2019758681948858E+00 -4.5370470026405763E-01  1.3009679134718681E+00 -2.5639342107912619E+00 -2.3736275806790611E-02 -6.3682702907678772E+00
  2.8054460237743128E-01  2.1450126903624003E-01 -1.9084334096123920E-01 -1.1054266688078922E-01 -4.9813912309790542E-02 -5.9749087988594130E-02
 -2.6345789499153616E-01 -2.3446168399138845E+00  3.0508609831767503E-01 -3.5362793220940897E-01 -3.5897147724510453E-01  3.5041951866926707E-01
  3.3037557998688172E-01 -2.1269622996583228E-02  6.2896505501057376E-01  4.7422240130930568E-03 -3.0546147487250536E-01 -4.3003201448530592E-01
  4.2111114350928625E-01  1.7054292898830309E-01  7.2604401737706062E-02  2.0873679680747850E-03  2.4621650400360223E-01 -1.5848258300638207E+00
 -7.6366901296763531E-02 -5.2760685839446314E-03  3.5937805111220034E-01 -1.8892705364318368E-01  9.8579864613870360E-02 -3.9184935807191718E-01
  3.5105948931308051E-01 -1.6892652351244347E-02  5.6398741420439977E-02  2.6745549192059948E-01 -9.6926487431369363E-02  5.7388532606934717E-01
 -1.0009185035536914E+00  5.3332606897018783E-03 -7.6268071649689212E-02 -6.0117106157591589E-02 -4.1525976230933008E-02 -5.8153562578051037E-02
  1.7614186841244885E-03 -1.0785757734026583E-02  1.3862569974434370E-02  3.9185102251900999E-02 -3.1808713504645272E-03  1.0714603114429747E-02
 -3.5404054463971144E-02  3.4875728459963407E-03  7.3188237592797536E-02 -2.0689839070925347E+00 -9.2202502904129551E-03 -5.7208886679933563E-03
  2.6663829899983577E-02 -4.5268325337812672E-02 -4.6844926764094151E-02 -5.2321861204355268E-03 -3.6905307236333212E-01  1.2630022314748881E+00
  5.1149918457893651E-01  5.0589354723588047E-02 -3.1066223772990331E-01 -4.0301934550583707E-01  5.3202889400633013E-01 -3.1509778439298639E+00
 -7.4713407355373640E-01 -5.3930859167807627E-02  3.2861060243687279E-01  5.2315573794129355E-01 -2.4062683839204904E-01  1.4760065925229918E-01
  1.6917155804248664E-02  1.3282482436982865E-01 -1.8099401305423501E-01  1.3051744484830538E-01 -3.0727459018264881E-02 -1.7350979239213540E-01
  6.9354285227019163E-01  4.0687902851465715E-02 -9.6212780975319906E-02  7.0335730302019783E-02  4.1824765175488617E-02 -4.1470261190220743E-02
  8.2046267674312445E-02  3.5684002550798372E-02  1.8390326699251913E-01 -1.5864660538218245E-01 -3.5469355008488274E-02  1.3474800468571579E-02
  4.0793576548122552E-03  2.9421131200696360E-01 -9.9423104560127207E-02 -4.2165125035284540E-01  3.5312578182960595E-02 -9.3952771656856393E-04
 -5.5558355036310882E-02 -4.6224411761804932E-02 -1.2518521797134663E-01  1.2914516077888094E-01 -3.1167745986374364E-02  1.2750621454762317E-02
  1.3249176928900989E-02  3.0208892690388525E-02
ORDER     2 BLOCK     4
 -1.1191048456943420E+00 -5.0103386455948429E-01 -2.2170667799560545E-01  9.5271268100481554E-01  5.2773086939098261E-02 -7.3823803901054508E-01
  1.6611542716910535E+00  9.5925955564035909E-02  1.2333912932424311E+00 -1.9631259277637814E+00  1.3925287544120812E+00 -7.2092330808253957E-01
 -4.5988386568048967E-01  6.9684413929685962E-01  4.5929279850129723E-01  2.0753157826667881E+00 -1.3670964130769288E+00  1.1099474366309152E+00
  2.8900136041279980E+00  3.4213786736588353E-01 -6.0272028826165458E-01 -2.1988893999699410E+00 -1.9562373199042089E+00 -2.5735285542380271E+00
 -9.8188063431725436E-01  9.1321646867100448E-01 -1.9081093052826443E+00 -6.8601530692270580E-03 -6.3786443134763426E-01 -2.3211932301086169E-01
  2.0311317612745481E+00 -1.3649968387158395E+00  2.8623680558702449E+00  1.2860763960324910E+00 -1.7914440954971296E+00  4.0368861737363149E-01
 -4.4082213687332134E-01 -1.1344213969310812E+00  2.5258293239263905E+00  3.6490004425139705E-01 -5.2546550755713128E-01  1.5376396646141575E+00
 -7.6522618865808678E-01  1.0396017024772788E+00  4.4052224305570087E-01 -2.5777478364155701E+00  6.7773046057409569E-01 -1.5038572733374387E+00
  2.6520162004216286E-01 -8.4505786395730809E-01  6.2069977193821768E-01  4.9750570895613411E-01  6.8741318707450899E-02  1.4565750444922032E+00
  3.9302678203553282E-01  1.5793858748843848E+00 -7.9359699976360742E-01 -5.4302399729035544E-01  7.2208886056878252E-01 -1.6015004344974684E+00
 -2.9019152074296534E-01  1.6424337156495578E-01  1.2989199691256257E+00  2.9907289930873021E-01  1.7126714433532622E+00  1.4724400821496467E-01
 -2.9329532606961017E-01  3.0822637899592992E-01  1.2890687973903818E-02 -1.3614325921038128E-01 -9.2495023488103664E-02 -7.9118364406685862E-02
  5.2442992100199992E-01 -4.6849820106064965E-01  1.6657992511913546E-02  1.8813934039194066E-01  6.0332237688949096E-02  2.5785512837621416E-01
 -5.1214663205942434E-01  4.3558292765889589E-01  6.3535239430142512E-02  1.3189955424251726E-01  3.4382791571151805E-01 -2.2563951633988170E-02
 -5.7047616141084023E-01 -6.5617631905696916E-02 -3.5691647959766298E-01 -2.2883291575683468E-01 -8.8843234093539697E-02 -8.3228909188290349E-03
  4.8530001385135965E-04 -6.6290686560714707E-01  1.9695048919263328E-02 -9.0874227818020048E-01  6.2108137514650630E-01  1.5858431623043082E-03
  1.4598082846317102E+00  3.7585565161366157E+00  4.5648277688815142E+00  9.1307913364005771E+00 -2.9742475542761353E+00  3.0850225763221589E-01
  9.2637936852672909E-01 -1.2863171058211927E+01  2.0815082714419129E+00 -3.3637534991169932E-01 -1.1316100916134333E+00  1.2549559269509745E+00
 -2.5775064871652207E+00 -1.0920783867987523E-01 -1.7791797137770726E-01  1.1539440955095273E-01 -4.2059568785425503E+00 -1.5162376657447534E+00
 -1.4747790836488146E+00  4.3379222727560501E-01 -3.9321885421128672E-01  1.9984781992776635E-01  5.8432978172178238E+00  2.4808728233326569E+00
  1.6719403385713594E+00 -5.0716431727636502E-01  8.1150254865261495E-01  1.1638152132263873E+00  5.6234826962904993E-01  1.4506721471587450E-01
 -4.0044310246693787E-01  7.8349989771230588E-02  1.8515427924121144E-01 -4.7759593116988658E-01  1.3690297021520045E-01 -8.7054878549289805E-01
  1.1769949443411487E+00 -2.5710818891173037E-01  6.9514198773543812E-01  4.6236212568033530E-01 -1.6222959088195912E+00 -4.2687453210255755E-01
 -5.8734575748095152E-01 -5.3057126402980204E-01  4.4011315045815658E-01 -4.4528388497021516E-02  9.6083627222291537E-02 -2.3111697179973580E+00
  2.0548345460501638E-01 -6.0036917957994895E-01 -6.2977062668216632E-01  8.1376177299292168E-02 -2.2952341062454834E-01 -1.4382419471660438E-01
 -5.3616238296095231E-01  1.4564226662216329E+00  9.4900429905728045E-01 -2.2794697547249390E-01 -1.4230613209891793E-01  1.8265196988373780E-01
  7.4806093557577114E-01 -3.7276434242843062E-02 -3.5463601644220716E-01 -9.6783547298569510E-03  2.9363442829099895E-01 -1.1078248403910923E-01
  1.3882635713575261E-01  2.0992088005734231E+00  2.2214773815263500E-01 -8.9853738903140401E-01  1.2085474624881916E-01 -1.1436032605551509E-01
  2.7620179274686524E-01 -8.0476923678354878E-02  6.2887848809080227E-01 -7.5831102027576576E-03  3.8813772399483221E-02  1.9549129545951119E-01
 -3.8867275760895320E-01  1.1877992466203768E-01 -2.0180139709303866E+00  1.3696389495181107E-03 -4.8504744146233576E-02  3.3397346234357736E-02
 -6.0041979730080478E-02 -4.3765401198924848E-03  2.0055719487759194E-02 -2.3359727960441196E-02 -4.1987329890765786E-03 -7.4596203954074042E-02
 -8.1748979512369049E-02 -2.5392428094658727E-02  1.1717140334752130E-02 -7.4309638434627559E-03  8.5866140799702034E-02 -1.2934599866554702E-01
  8.2293924651842165E-01  1.2744846313762104E-01 -2.2279792488174957E-01  1.8709946703525887E-01 -1.0923933033121294E+00 -1.5463826530518546E-01
  7.1969906335498490E-01  1.3235519048581501E-01  1.0106445279449909E-01  3.4430063905992542E-02 -8.8889451642091305E-02 -1.0914484077698448E-01
  2.0024169697861691E-01 -1.9791445477346625E-02  1.0800659196857895E-02  8.6652689594708654E-01  3.6934594995847647E-01  8.2705225561417448E-02
 -5.4055335354346268E-01 -1.0857259250060192E+00  2.3148082486127469E-01 -2.5941663555607991E-01  3.1718884825468985E-01  2.3265177784430691E-01
  2.2603011259949923E+00 -1.1450711069152278E-01 -7.9951014243226726E-01 -4.7022308243431321E-01 -5.7410365705265476E-03  2.4301927085622427E-01
  1.0644063492719467E-01  6.8908830068464225E-02  1.3921589344987545E-01 -2.0623022915797637E+00  4.6712575174799292E-01 -4.2464594530020738E-01
  1.1544615918510586E+00 -2.0729270185139870E-02 -3.4079973431870714E-01  2.8552399248197649E+00 -6.3797084367296741E-01  7.1330033594308107E-01
 -2.1227579562262573E+00  1.4092204906121000E-02  7.4257984930553356E-01 -1.4118018547470725E+00 -3.1702938129064703E-02 -1.1686224068946832E-01
  1.4714813574514560E-01  3.8214161541480461E-03 -1.7524185588154345E-01  4.5971512014648841E-01 -7.0093865087958351E-01  1.6247888663605947E-01
  9.4830471167211675E-02 -4.6347212403813887E-01 -2.5908351381414296E-01 -1.0710260246392190E-05  3.1871208049625160E-01 -2.3470554312736199E-02
  4.5424524909363051E-01 -1.0389587494868866E+00  5.2225788909546662E-02 -3.1135747913173200E+00 -7.6775949326363646E-01  1.4464339177552969E+00
  6.7926473937882148E-02 -1.4669444293843430E+00 -4.1275960109678855E-01 -2.8903213792308452E-01 -1.6386043678397644E-01 -5.6486328984782597E-01
 -1.4030594870079782E+00 -5.7747858792651728E-02 -4.3578901749218774E-02 -4.4649819198792566E-02 -1.5496703965924449E-01 -8.6861341964049904E-02
 -2.5252799720468400E-01  3.0633551805860765E-01 -1.1163695110936030E-01 -1.2217258166995516E-01 -3.1730778978627422E-01 -8.2238109422525796E-02
  2.6975128179087017E-02 -4.5593453336863332E-01  2.0136254540818327E-01  1.6533936127407300E-01  1.8749264912718315E+00  7.9287015762048912E-02
 -2.7174637175567111E-02  1.3240847697755796E-02  9.5181356320487489E-03 -2.5407652989752453E-02  1.7737032592337425E-02 -5.1932079442028965E-03
 -5.0755802077223468E-03 -8.8120539563120576E-03 -1.3893389602471428E-02  2.7076503769565340E-02 -3.8137523430056032E-02  2.7677178216621780E-02
  7.0959151632614048E-03 -1.6227140170917984E+00 -8.6231601616535650E-03  1.6613275737645494E-02  1.4092729783342334E-01  2.2001731200081565E-01
 -1.8622598804780199E-01  2.6944703713784924E-02 -6.3521619782537078E-02  3.4429185640123530E+00 -1.8845480129402689E-01  3.5398609277487597E-01
 -1.6945696403814625E-01  2.8664964601971692E-02 -1.6271425179896493E-02 -9.7024600931998428E+00  2.4067483398431991E-01 -5.2422704506911721E-01
  2.2728448017412792E-01 -3.2044250790564187E-02  9.9811547179490478E-02 -5.5137793609932075E-02 -1.6053569256495254E-01  7.8675309633343474E-02
 -2.7824548742667037E-02  1.5223987174563249E-02  3.5464370678189347E-02 -3.8948576458507683E-01 -2.8169951990035049E-02 -7.0088757575436133E-03
 -3.6398268627750335E-02  1.4991283332457119E+00  2.9665770877422289E-02 -3.7665617231333763E-02 -6.1737101226222446E-02  6.1150538007512863E-02
  1.1276223797526357E-01 -6.2385384898657435E-02  6.0005327960342920E-02  3.4239863807775384E-03  2.4324150126843552E-02 -1.7580892114365454E-01
 -6.1814076391499908E+00 -1.3811137116216293E-02 -2.2141160995596969E-02  3.6507627904186762E-01  1.6950253317171132E+01  4.3945824060986037E-02
  1.7210694708308889E-02  1.3702620410994915E-01 -5.9264995783457237E-02  7.2757597171726586E-03 -1.9180249268475044E-01  1.1478066844270746E-01
 -3.0541286278623554E+00  1.6700931406885569E-02 -2.3897355856932822E-02  2.4377364296035913E-02  8.8659390624296584E-04 -7.7014865689055884E-02
 -9.2574249613294246E-02 -9.1964014282272469E-03  4.6540857390071156E-03
ORDER     2 BLOCK     5
  3.2450948698291804E-01 -1.5576609406705196E-02  6.5014666952689215E-01 -2.2066291174660702E+00 -1.8556666439096601E+00 -1.2113821219343610E+00
 -1.2203211380896872E+00  1.3332465677412128E-01 -7.4293301756447250E-01 -4.1008049140190583E-01  1.8183540987989881E+00 -4.3900297494590107E-01
 -9.7011203546065919E-02  5.0285378893317786E-02  1.2170718622391725E-01 -1.5723701432287158E+00  3.7475467671277825E+00  1.6739165626048158E+00
  1.1662082097948114E+00 -8.1953120040991034E-01  1.1228094726666171E+00  1.9263596028369079E+00 -2.3473690037297956E+00  2.3475930430074303E+00
  2.9040833022708838E+00  1.0501585796470023E+00  2.4588932218812611E+00 -7.8829052431177125E-03  3.2918667776015759E-01  8.1585577165871759E-01
 -6.3653672143592583E+00 -1.4534469046936891E+00 -4.2862542293504990E+00  1.8808508347569783E+00 -1.9328398548710324E+00  4.9692198764084633E-01
 -1.4225932746375314E-01 -4.6301485492825938E+00  2.5023184901635602E+00 -6.3038478106502271E-01 -3.5669574229588608E+00 -1.1055656273414978E+00
  7.9580539419092405E-02  9.0064159671704069E-01  5.0738232649197359E+00  1.2999030090687240E+00 -1.1291320551756066E-01 -1.5224903616830245E+00
 -1.1724778023622513E+00  6.8650119056451842E-01 -1.3299747642126001E+00  7.9366825935073526E-01  1.7921164652054067E+00  2.8348155544583054E-01
  8.0344320456568474E-02 -1.6227432249199469E+00  2.3039281897423951E+00 -1.1459213084721134E+00 -2.4807942238325267E+00 -2.0722888063553987E-01
 -1.3677396893462387E-01  6.6082692758090977E-01 -1.0318366679428415E+00  3.0553147139927844E-01  1.2900721577167984E+00 -5.3267718994864835E-02
 -2.2944061151318434E-01 -5.1725522531316803E-01 -4.3405791282491737E-02  3.7328560479944053E-02  1.2836469510033910E-01  2.3862596210039580E-01
  2.3847102739339732E-01  6.7781399087568772E-01  3.1234528577351903E-02 -4.8700481222263628E-02 -9.2966917517416911E-02 -3.8277599578167798E-01
  4.1974097988325010E-01 -2.0359560161539653E-01  3.8946129224872242E-02  4.7522311139606241E-02 -3.2356446220400820E-01  1.2760457453615767E-01
  3.5556332791866041E-01 -1.1190820683518178E-01 -1.9103128257171548E-01  1.2274473763452412E-02 -2.8161005827032130E-02 -4.4971665551760253E-03
 -3.9560680435316053E-04 -1.0775386032878425E+00 -6.8364750019670757E-03 -2.6236660608013742E+00  1.7767914401658436E+00 -1.9837675673811412E-02
  1.7075464628914634E+00 -1.5623168040083766E+00 -1.1038159918885029E+00 -2.9425560888166093E+00  2.1465072138478773E+00  2.2499368964047101E-01
  1.1581956261616129E-01  3.5013423293586614E+00 -2.5783709181011627E+00 -3.7666071432886872E-01 -2.7000493457162206E-01 -3.7232424099969452E-01
 -3.0627913626109093E-01  2.3758779122388438E-01 -9.1958283306567212E-01 -6.9622885201974229E+00  3.4671263041455380E+00 -2.6209746857834082E+00
  1.0547946792721554E+00  4.4498663484047357E-01  1.0327586885201776E+00  8.4938921100986597E+00 -3.5909810985599231E+00  3.7761340408109492E+00
 -8.4098827287277500E-01 -4.4438558569992548E-01 -8.4232974286780915E-01  8.1497649214379164E-01 -1.4896385139681216E+00  1.0335290951638749E+00
 -1.3479274291914098E-01  2.1341967542476509E-01 -8.5550875755804806E-02 -7.6498003109279367E-01 -7.0968388596599815E-03 -3.3987536782636618E-01
  4.3005635557959515E-01 -1.5424386101265228E+00 -5.9857300901422472E-01  5.7899218446899015E-01 -5.7682904274172675E-01  3.6611788887362602E+00
  4.6763619806817225E-01 -5.8687444826617341E-01 -4.3461260382897743E-01  5.5533377808898643E-01 -1.6251958225591398E-01  1.1080495230438268E+00
 -3.4471642288248033E-02  8.7472035411003712E-01 -1.6646757692515787E-01 -4.8848850729602755E-01  9.5502711939451368E-02 -3.4922545652513309E-01
 -5.2863416332678367E-02  9.4927556360915133E-01  3.7840236705798724E-01  7.1660665071438068E-01 -5.5724948571821453E-01  3.1746849195619808E-01
 -5.6711478701163709E-01  1.1884399439050557E-01 -2.2421637221839599E-01 -5.4650153869099438E-02  1.7977054230651660E-01 -6.6127123937771898E-02
 -2.9630310760878142E-01 -1.4430851850340074E+00 -2.7090038421664637E+00  2.9876700417159365E+00  6.3351058150188058E-02  2.2950236241410066E-01
 -6.2183008745338375E-01  7.7659772238997477E-02 -1.2375617725441712E-01 -3.6898575169985758E-02 -2.6508614833902072E-02 -2.8642910522490844E-01
  7.7512490660081268E-01 -5.3298918991277269E-02  1.4208683841358152E-01  3.5747829504286448E-02  2.4670130543758908E-02  9.9349884961811241E-02
 -7.6450493756412052E-02 -4.9899781086719025E-02  2.6264970642036916E-03  8.2284601549011578E-03 -1.2138605660679319E-02  2.6236527836202356E-02
 -2.6669811994796701E-02  3.6657233491063285E-02  5.0499725214896575E-02  8.0853344325708898E-02 -2.5436769204778858E-01  4.2138784743750900E-02
 -4.1690927126818871E-02 -9.0993330141368404E-03 -6.8904208165271208E-01 -2.8204749832978895E-02 -9.2848318244629878E-03  9.9799089671935553E-03
  2.3485893986192914E+00 -2.8078552260609454E-02  5.0883580954583493E-02  4.5351434844605378E-03 -9.6729330607860289E-03  1.7154900336707100E-02
 -5.9317459771924250E-02  2.2649248931667060E-02  1.3995595863747153E-02 -1.1126500558389296E+00 -3.6808940190615380E-01  3.2158629847572534E-01
  1.0714038124220211E+00  1.5378190074743807E+00 -9.8326748031568378E-01 -4.9833048004231784E-01 -2.1764719778649080E+00 -1.9957537082140341E-02
 -6.7113084607646090E-01  7.2735171756564633E-05 -4.4859834506222762E-01 -1.2305545690278615E-01  6.3680861133088851E-02 -2.6402719489453952E-01
  1.2737127046185739E-01  2.9690264651082033E-02 -3.4034451876622696E-01 -3.6671260352999563E-01 -6.8584926281783684E-02 -2.4382942664294452E-01
  4.9948137495686140E-01  8.8188762557235109E-02 -3.9071861955321446E-01  4.8935410193181700E-01  9.1155020726773839E-02  3.9753088155518546E-01
 -1.3061176610796987E+00 -1.0593195298878938E-01 -2.5870812877849436E-01 -3.0140598498820959E-01  4.6744660203554889E-02  5.3101308361836212E-04
 -1.5441057674241546E-02 -1.2859421287142384E-02  2.5084247422206074E-01 -1.8768134070560957E-01 -2.3926068308894538E-01 -1.3576156282846672E-02
  1.3504820628436146E-01 -1.0552103362057670E-01 -5.6538199880598883E-02  3.8155904654807601E-04 -1.3068115357754921E-02 -2.8325159959379127E-03
  1.7028140289639795E+00  1.0735260919472938E+00 -2.2085366660802225E-01 -8.1373890821987038E-01 -2.4308531924735002E+00 -1.3587523178100593E+00
  1.7228051380389386E-01 -9.2143976441058839E-01  1.2659286079370349E-01 -6.4413753362805315E-01  5.5822031123953425E-02 -1.5501098503414437E-01
  8.2499949593395372E-01  3.9467359733214752E-01  2.5936760777564799E-01 -2.8133109357249574E-02  5.2626348318617211E-01  3.8872235795359561E-02
  6.9983427364103790E-02  1.6122977328515395E-01 -2.5042807576551296E-01  1.2757105271802935E-01  1.8226862915406690E+00 -1.8302040206529775E-02
 -2.1591075402860049E-02 -2.1973071660782614E-01  3.1277719379752561E-01 -1.9139431848681485E-01 -7.5627482110530346E+00  1.4197614451388799E-02
  2.2542227277509243E-02 -2.5420017413445833E-02  5.3864477296216032E-02 -1.5924242206882211E-02  1.0280374241354888E-02 -1.3808430735937608E-02
 -2.1025775465068268E-03  5.4343686456430666E-02 -6.2604346171754949E-02 -1.1590553196845209E-02  5.0515434995579344E-03  4.7514350790625041E-02
 -1.4261419880363943E-01 -4.5612933905321595E-01 -5.4222439360574280E-03 -2.1498904917424950E-03  1.9163159307643662E-04 -9.5390197241230160E-03
  4.7974270380701182E-03 -2.1808609307880067E-03 -3.5337358212305992E-01  8.9553860344885106E+00 -9.9921489026154275E-02  2.2723421553023737E-01
  5.0915010917644790E-02  1.3829907330035210E-01  4.8355676975291823E-01 -2.4486768532836841E+01  1.0716844035971428E-01 -3.1626619254325439E-01
 -6.4377292397262850E-02 -1.6272374132008749E-01 -1.7701170681050760E-01 -3.1192249539600048E-01  4.5013929648437828E-01  4.3676882233092296E-02
 -6.1980504627303451E-02 -1.6408609359699663E-02 -9.4403004183121805E-03 -6.1498090898721725E-01  1.6799104103958529E-01 -3.6328629321823576E-02
 -1.0869335517676847E-01  6.2452038858206915E+00  2.1673797161820794E-02  5.7191763215610446E-03  7.0198177097084051E-03  7.7604253892554990E-03
  2.9626839019305812E-03  6.4775385407823431E-03  5.2704016902971898E-02 -2.6363914708410559E-03 -6.0763156920747774E-03 -6.1574756758374793E-01
  2.5642888086547235E+00  1.6825675058849335E-01  2.3318742652482757E-01  8.7242793045982225E-01 -6.7651826827941921E+00 -1.9905841454056700E-01
 -4.1258080715423728E-01 -6.9540455919242905E-02  4.9641174020101081E-01 -2.7874004982948553E-02 -4.7539181608045367E-01 -1.7888003041144587E-01
  1.5962636357412783E+00 -7.9457201255349608E-02 -1.3104920386801396E-02  4.3333493114466508E-03  1.3014429336191877E-02  1.0671414331620893E-02
 -9.6091356743914488E-02  1.8227497497293278E-02  7.1004299168153711E-03
ORDER     2 BLOCK     6
 -8.8811473965298671E-01  6.7626250847513170E-01  1.4854635655119961E+00 -4.3086774536297034E-01  3.5319893042199091E-01  1.2617556871157593E-02
 -4.8554865215067744E-01 -3.1191900874426200E-03  1.3882991670539664E-02 -4.8173452182009614E-03 -2.1433232915270044E-02 -1.2008331418693011E-03
  4.6434981253222676E-03  2.2218560967526219E-03 -9.1902715015667056E+00 -5.7576331515976598E-01  1.1880914516426250E+01  1.2938664137271760E+00
  5.7336368341823840E-01 -7.3475123920397789E-01 -3.4145290859915506E-01  9.1439645936611775E+00  5.1799069374087674E+00 -4.2552375661455679E+00
  1.2582495104894604E+00  7.9197778820153331E-02 -2.1929289271604979E-01 -1.2714563169796278E+01 -7.7059494507223034E+00  7.3673423917454102E+00
 -2.8585107444235467E+00 -7.7232072712313693E-01  1.9121891912821631E-01 -6.6744977232921576E-01  3.5093818846540670E-01 -1.2939469092003522E+00
  3.3721087177408493E-01 -8.7574336617858528E-01  3.9595673519995933E-02  1.0044620335386190E+00  1.9850432796630750E+00 -1.1301378998950539E-02
 -1.5010812046181305E+00 -2.6283405445579183E-01 -1.3644866675158667E+00 -6.0150235325758405E-01 -6.8010879266599367E-01 -1.0446864605690135E-02
 -3.4826717016868471E+00  1.9738508599477971E+00  5.4599978685343420E-01  1.0110487953752148E-02  5.9346818572403250E-04 -3.2468722832569269E-02
 -4.4253401798283687E-02 -1.4866623216476352E-01 -1.8564836797589959E-01 -7.4432245983388864E-02  3.9067040855923207E-01  4.7487311134943510E-03
  2.2999606701222614E-01  3.6923980824825781E-01  1.7838059808578866E-01 -2.4169618333694254E-01 -2.4833654915283266E-02 -2.4761090865159244E-05
 -1.4721924552525312E-01  1.2345147495207542E-02 -1.1943722448637284E-01 -3.5753681976073004E-01  3.2560339712505099E-04 -5.0150464585073440E-02
  3.9474550560617760E-01  7.7332630244539968E-01 -1.3562729901429038E-01
ORDER     2 BLOCK     7
 -3.0521668500705732E+00  5.9578791601602354E+00  1.6670403911357157E-02  1.2992344424283022E+00  4.1911589774220221E+00 -8.4272441956113138E+00
 -3.0324222424778113E-01 -1.8553241501711581E+00  3.3001501111646364E-01 -3.8560468412000465E-01 -4.8591659995880959E-01  4.5381041256206504E-03
  9.8384657225213477E-03 -1.2101372322388632E-02  1.1823495895070939E-02  9.1579202706786947E-03 -1.2220997415441663E-02  2.4459170161041766E-02
 -2.2284408999924205E-02 -2.5071872287522081E-02  2.6828344955541539E-02  5.2944313238323295E-03 -5.3828811428353407E-01  2.2795152956303988E+00
  8.0746265990353305E-01 -2.4679247795918551E+00  3.0545998139240438E-01 -3.2506158370854088E+00 -1.7103120799206326E+00  3.6206919555556851E+00
 -5.4828804001675424E-01  2.7564345527830358E+00 -2.7503274426839019E-01 -1.2589049534078836E+00 -4.1412224077210462E+00  5.6874429799581545E+00
 -1.2297050595885286E+00  1.1642525799407152E-01  7.5646274701625416E-01  1.8665976156906003E+00  5.9109769127333269E+00 -7.0764743877975249E+00
  2.4092132077732979E+00  1.0221540277587367E-01 -1.9573262038370134E+00  8.8631484277330175E-01 -2.0355029764212671E+00 -1.1204154111886191E+00
 -5.2296739947761801E-02  4.5748472436774079E-01 -1.9263544910600233E-01 -2.1844894440901808E+00  2.5448677079001079E-02 -1.1839629735978660E-01
  4.7070968844798988E-01  1.0658354145203175E+00  1.0714676583618391E-02  3.9622657765791947E-01  8.9518774919013422E-01 -5.1243230574682896E-01
  1.2948765610136455E+00  1.1828590943386341E-02  7.5475211774095363E-01  1.3019660639664998E+00 -7.2692606751818312E-01  7.9899927459967986E-03
 -3.9912725475337374E-01 -9.6450834455078960E-02  6.2955357498724629E-01 -4.9548997029072853E-02  6.1342455150365283E-05 -2.3801475013164347E-02
  8.7679701709368757E-02  8.8581628879228991E-02  6.1417057482695693E-02  1.2510807087713839E-03 -7.1678196142338862E-02  1.3118205176332029E-01
  4.0927392595226486E-02  8.7851047852645428E-03 -1.4284489769360054E-01  1.4566040292676413E-01  2.4401753843299276E-01 -2.4153929278229267E-03
  1.1514139948621106E-01  3.1291897242065098E-01  3.3613769660714506E-02  4.0036700100901812E-01  8.1462941320868346E-03  7.9919416580341707E-01
 -3.4742713674567505E-01  2.4448877889682794E-02  4.1787017983885738E-04  4.2955021153167183E-02  3.6951193032822814E-03 -2.0736221991746132E-03
 -1.8032575393447467E-01  1.4029147018106900E-03 -9.7869272364132454E-02  2.7973727139217364E-02 -1.7276238400199539E-02  2.0887359143449716E-01
 -2.6043895840877928E-03  1.6503701372067150E-01 -6.2727971928478010E-02
ORDER     2 BLOCK     8
 -2.8909954068792834E+00 -3.0122408120590632E-01 -5.6779698202376245E+00 -1.5625384598175491E+00  4.3543385098764864E-01  3.8286829983134067E+00
  3.7618322333463290E+00  1.6320098371731961E+00 -9.9623918935979758E-02  2.7556516734403274E+00 -7.8713971535464011E-01 -1.9483695968962624E-02
  1.4929613191771376E-01  1.1719445782611646E+00  3.0661392544377980E-01  7.3655425823282430E+00 -1.4966493904618885E+00 -5.5090473766082289E+00
 -7.0804352921306331E+00  6.3236950848840934E+00  2.3305003784519110E-01 -4.9668086401510907E+00  1.0199226496699796E+00 -7.9281169265457656E+00
  1.2281453921501213E+00 -3.0261336413477480E+00 -8.8805414582138749E+00  2.7049728610731222E-01  2.1312486776091813E-01  4.4094877566684743E-01
  4.3819270882104611E-01  4.3414321383374981E+00  1.1315272752325106E+01 -4.3954264398763989E+00  1.0304141465705388E+00 -1.1256554694518328E-01
  4.0788181521248794E-02  1.0727104544877880E+01 -1.3596625631984427E+00 -2.5905993939827160E-01  6.2381671366087810E+00 -1.1008882975054608E+00
  5.9525388005784363E-01 -4.5940842899423617E-01 -8.6758524257106320E+00  1.9598379777746924E+00 -4.7468604197308684E-01  1.0110625465198515E+00
  6.7562013987131087E-01  1.2386024509643840E+00 -2.7942999628193967E+00 -1.1605204841604726E+00 -1.3217562212195522E+00 -7.0573129791852651E-01
  1.6742349316622882E-01 -9.4085024609577772E-01  3.4745571461054139E+00  1.4351112716929022E+00  3.8277024107846640E+00  7.5662477273616302E-01
 -1.6515092217073404E-01 -1.4517537920279067E-01  3.3239354475899008E-01 -4.1140909811456627E-01 -2.3333422993399195E+00 -2.1601124009890267E+00
  2.0471595249722916E+00  7.4918787669404152E-01 -1.5703789783214478E-01  9.6198600353227331E-02 -5.3224208713197253E-02  2.6718278473767820E+00
 -2.6137321803971405E+00 -1.0377195397968673E+00 -7.8222114756962960E-02 -8.4067314087804337E-02  2.0102711068417264E-02 -1.3465778629624538E-02
  2.7812299790623252E-01  1.2698542329459639E-01 -2.1732263593890339E-01  8.9323626077823542E-02 -1.2351776768858616E+00 -2.6172261481283721E-01
  1.9793274279063189E+00  1.8292400960751995E-01 -4.4395762491452884E-02  1.1731876157094566E-01  5.7655945228148604E-02 -3.1828330822595702E-02
 -4.5597868835165126E-05 -3.4436756907806737E-01 -1.6539246934560037E-02 -1.4330994860227928E+00 -4.5730033339185656E+00  7.9217714570726464E-03
 -4.6381783670669430E-01 -1.3347170897480600E+01 -6.2321196578450335E+00 -1.3034563331988869E-01 -4.6174026140849911E+00  2.6829559993345103E-01
 -8.8627177311891114E-01  7.4840258356671086E-01  6.7121335765698973E+00 -1.8595811838042101E-01  9.1364721691045614E-01 -9.3873938485359720E-01
  1.6784493135571912E+00 -2.2699237461079885E-01  2.3769695805190277E-01  1.4929390885856353E+01 -7.4324305735640204E+00 -3.5752057787281681E+00
  5.9034354664096755E-01 -7.6760965162639871E-01  7.8484669717289332E-02 -1.9792953978327944E+01  9.2084204446957845E+00  5.2107615005618353E+00
 -1.0779699295810190E+00  3.7836706479520571E-01  9.5679367535143972E-02 -4.8474784419390693E-01  3.3229438401556710E-01 -1.2221402597791311E+00
 -1.6866972557544244E-01 -6.7378060161330577E-02 -1.9335668974808498E-02 -6.7440233803051586E-02 -1.9730166148695844E-01  7.7180100741525604E-01
 -2.0082187439718209E+00 -2.6708347870421698E+00  1.1286697500243028E+00 -2.8249724504994855E-01  2.4577597051104676E+00  6.2250988419910600E+00
 -2.4937978464454544E+00  3.2223394954658657E-01 -1.3600886032168283E-01 -5.6351813839397891E-01  9.8731992093869805E-02 -7.1494944158768026E-01
 -6.6013314217393160E-01 -2.9038749689396508E+00  5.8388162672987998E-01 -5.4581898465733492E-01 -1.1762858786264052E+00  6.9676119486391497E-01
 -1.7521262137732341E+00  7.2233362086044224E+00 -9.6160593114350690E-01  4.3505844418164930E-01  2.8367057409890473E+00 -6.4589838743817829E-01
  2.1883412303072216E+00  5.0143134154887037E-01  6.9161517686454876E-01 -7.0167108832124703E-01 -8.0951313200187269E-01  5.9600033928262908E-01
  5.7596914677479599E-02  1.6984433358788569E+00  4.3049882639851598E+00 -3.0754524407409387E+00 -3.9031709144478066E-01 -1.0618536136659649E+00
  8.9554349327902016E-01 -8.9783213176966215E-01 -5.8862606650735630E-02  5.4078441303393399E-02 -3.6266311964662235E-02  1.5525126306303405E+00
 -1.1646362524206122E+00  1.2588565650438137E+00  4.9851081282831256E-01 -1.0460991743585082E-01  3.4052853288672663E-02  2.0906260878566823E-02
  1.0170155050992714E-01 -5.5761428099743181E-02 -3.3920156988712397E-02  6.3352834218432741E-02  2.2999031968244748E-02 -1.2839810737920431E-02
  3.0152746714269370E-02 -1.3051886753158273E-01 -1.5879536307308251E-01 -2.0164513998725339E-01  2.5682274868658900E-01  8.7786604808742230E-02
  1.0226603272322410E-02 -5.9090872074993393E-03  1.8204291595001163E+00 -3.7722758907977172E-01 -1.1769894876895871E-02 -5.0296588962432040E-02
 -4.7517369746995231E+00  1.7792785623738448E-02 -1.4083306001880871E-01  4.1781795396803691E-02  8.7813514334626752E-03 -4.5302409945466617E-02
  3.7246856105188436E-02 -1.2833163467778008E-01 -2.6861017630443799E-02  1.2983788557499203E+00  7.9995089433049971E-01 -9.8568961201644184E-02
 -5.3110342918686299E-02 -1.7616319631606590E+00 -3.9291253173238261E-01  7.3013065101398170E-02 -6.1528088858718757E-02  5.7158256712338082E-02
 -5.8955955167433771E-01 -3.1894707322259463E-02  6.5826148304933652E-01 -4.9368838526477288E-01 -4.6366821587438184E-01  2.8264297166597602E-01
  4.9450040531981265E-02  2.8497963173697072E-02 -2.9455922153532615E-01  1.5767662939395679E+00 -1.0853327408755054E+00  2.1894477644220639E-01
 -7.4163088913435471E-01 -1.2407033776682118E-01 -8.2951798985696434E-01 -2.2125585555406468E+00  1.4755001152308760E+00 -1.5128642163057679E-01
  1.5257298739765512E+00  1.3219744536899977E-01  4.5752143809101437E-01 -8.5630843553212627E-02  6.9721443247156900E-02 -1.2692126953457955E-01
  1.1919913266743513E-01 -7.2277673817784469E-03 -7.0198695119049040E-02  1.0345612939992963E+00 -6.9368485717539907E-01 -3.0156051033228232E-01
 -3.0842042571306677E-01  4.3718831741352249E-01  1.9216618635736901E-01 -9.0136718981747188E-02  2.1054727908286816E-01  4.1902517278118081E-03
 -2.0800088882916068E+00 -4.5202266579766295E-02  4.8052344444375929E-02 -4.8155083271209764E-01  2.5242705674405905E+00  7.3568228437386363E-02
 -5.2289586826464243E-02  2.0970187820783548E+00  4.3190295486283853E-01  2.4048811212450189E-02  2.3156386628125519E-01 -1.3209241056527951E-01
 -8.6339821198813915E-01 -3.1338671583228295E-01 -6.7812307105080349E-01  1.0103517082047266E-01 -3.8937831690456165E-01  1.8119470643930141E-01
 -4.1554845078939184E-01 -2.6633130876731581E-01  4.7719157668180223E-01  1.0367810828606713E-01 -1.8328064381158404E+00  1.4039387311929880E-01
 -2.0823796177097828E-02  3.1068384163305263E-01 -5.9853295461979672E-01 -1.7340116443021264E-01  6.8387814139944307E+00 -1.1925547795044458E-01
  2.1890034621803268E-02  1.1352834718688459E-02  9.5196929381139175E-02  3.6790244723361051E-02 -4.2068147223934454E-02  8.7561012251808797E-03
 -9.5117417280730365E-03 -3.5072881913879150E-01  2.5688031649463061E-01  1.7919524987132732E-01 -8.6941867388596623E-03 -1.1305134765851182E-01
  1.5662377023934712E-01  8.5721919137553182E-01 -3.4308388141238871E-03 -1.3211606985745659E-02 -6.8675422912616690E-02 -5.0594265979146465E-02
  4.3249864654381499E-02 -1.9760537857269111E-02  3.2920201750121497E-01  1.4694269076645665E+00 -3.9559091178655137E-02  5.7193878887381633E-01
  2.3618180164469862E-01 -1.5494919076923286E-01 -4.0088694179364820E-01 -4.2853058084367301E+00  5.5695633283973811E-02 -9.7361760831750976E-01
 -2.7569418286389463E-01  1.6903443725152931E-01  1.0604713092090625E+00 -6.8375912884569470E-02 -7.7908933758880347E-02  5.3630333522290026E-02
  2.5281571007209007E-02 -2.1526615473927709E-02 -3.0356254442214847E-01  4.8407172012999576E-04  6.6597096919826085E-02 -4.8258252819474934E-02
  1.3051395742497529E-01  4.6907323548823854E+00  4.8198250696556928E-02 -4.5855846544727193E-02  7.3463045997193124E-02 -4.7101009611622453E-02
  6.7066323781119581E-03 -1.0156075365604398E-02 -3.0110605692840769E-01 -4.8530747634724031E-03 -1.7656229294788817E-02  2.6047020060664555E-01
  4.2872484996550222E+00 -3.6676017248237675E-01  9.6728014759663611E-02 -5.3579302583274979E-01 -1.1568237245010874E+01  5.2652786733581436E-01
 -7.5575311689673005E-02 -3.1483435255524062E-01  2.9325047255602869E-02 -7.4892238182478726E-02  3.9369781376993165E-02 -2.5427392828179374E-01
  3.3635707166020685E+00  5.2023692323937012E-02 -1.1443826079887914E-01 -1.2305644138984084E-02 -9.2992895933992459E-02  1.1951004408656035E-01
  7.3746562670375507E-02 -7.2544290456625143E-03 -3.9288008178980184E-02
ORDER     2 BLOCK     9
 -6.3271659305691408E-01  6.5616812390217589E+00  4.9498632484649208E-01  2.1763114080137758E+00  2.4167413417221710E+00  4.8480374232150608E-01
  2.1665049625339590E+00 -2.4120936817932424E+00  8.1865590562069712E-01 -2.0942294594151192E+00 -7.9615925516056585E+00 -2.1817870405325777E+00
  3.0988909948425252E+00 -4.2529335138265010E+00 -5.3447724075996703E+00 -5.3679091084670709E+00  6.5637310755684855E+00  3.0655386624084069E-01
 -1.2921253469579670E+00 -1.1350166507379535E-01  8.0864290544491790E-02 -5.1230128183069150E-02  3.0827873017651375E+00  3.3035473645693592E-02
  1.8993651091483423E+00 -6.0777691047975124E-01 -5.1665721915628886E+00  5.0503737221348830E+00  1.0096709242782202E+01 -4.7839088354895658E+00
 -1.7840080767876405E+00  3.4184132684555818E-01  2.2751976331374015E+00 -5.4155558265815817E-01  3.1543808473149633E+00  1.6745715647172927E+00
 -3.3309353984012127E+00  1.3938180515101850E-01  2.4167879959560948E-01 -7.8509292518396745E-01 -4.3159684806836038E+00 -2.3290002062141864E+00
  4.8498186678388340E+00  4.3452378451655349E-01 -5.0671626130346015E-01  4.6384423238933187E-01  1.2337189023687857E-01 -2.2489211040734755E-01
  7.9114502670395170E-01  2.8135230606198275E-01 -2.1439679528971651E+00  1.7005016155579133E-01 -1.6252369784027046E-01 -3.4869417589715052E-01
 -8.4890242411424743E-01 -2.5716557340832247E-01  3.6263080266269538E+00 -2.0611460411848154E-01  1.8676290156128353E-01  8.6594237837503418E-01
 -3.4999839016213487E-02 -2.8991337291132835E-01 -8.7098833787921784E-02  3.3226530778530106E-02  5.8372799313521706E-01 -3.6116472506377066E+00
  1.9188892907843683E-01  1.0736021215235445E-01 -9.1805630799264826E-01  4.8771572118727020E+00 -2.1659681409340617E-01 -2.0429704722563846E-01
 -3.0662032576295201E-01 -2.2768157090492694E-01  1.0214604912440448E-01  6.9714937657690834E-01  5.6409240709082726E-03 -5.2559616093622497E-01
  8.9442500643716050E-01  3.1877114148820018E+00  7.5595991863041923E-01 -4.0054874868071462E+00 -1.1224252798091128E+00  6.6778120752195899E-02
  6.3511524906884470E-02 -3.6124764148134897E-01 -2.0770299352765398E+00 -2.4700465189533127E+00  1.2674250317070752E+00 -9.1536282774671643E-02
 -1.0877571932913788E+00 -5.5862824857841509E-01  2.7778596971545007E+00  3.3937405383850296E+00 -1.2083951646568349E+00 -4.0798324919641443E-01
  9.6271701566330159E-01 -5.6486412499746497E-01 -3.9067543748427508E-01  1.6941862672516336E-01 -1.4070744233738350E+00  3.4772138103582984E-01
  3.1324504592686914E-01 -1.0462017625766892E-02  3.4481440379649597E-01 -1.0774368200893676E+00  4.6300367471803705E+00 -1.4275312962710562E+00
 -6.2526030621761564E+00  1.3209394753998578E+00 -1.0374664727599070E+00 -1.2763587881512289E-01 -1.3265041044424104E+00 -5.7716920474557537E-02
 -1.7214543829530748E+00 -2.1794713679307072E+00  2.4461480811928471E+00 -1.2909864200103431E+00 -3.9928056248024690E-01  4.1079031905833002E-01
  2.3534219277350319E+00  3.1125234438648826E+00 -2.7164479055437094E+00  1.3445134854969991E+00  1.7616565453697691E-01 -1.1603542409889596E+00
 -5.2272777656197478E-01  5.0598008537247741E-01 -4.0703053522908861E-01  4.8576976911959902E-01 -9.5171360924531878E-02 -5.5628008392347467E-02
  1.5224322819176115E+00 -6.9327650368122928E-01  8.9342896271179001E-02  9.5365388605520374E-01  8.3385947815412320E-01  7.5511391483490320E-01
 -2.8432551646648541E-01  3.7985159619371539E-01  4.2502871940729214E-02 -2.2484885575483091E-01 -1.0971666368952544E+00 -9.9866736772117659E-01
  3.0614892831084889E-01 -1.4955053578722719E+00 -3.5118880586837077E-02  3.0406020363307112E-01  7.3842938078648321E-02 -2.9766763900971719E-02
 -1.6153195577224194E-02 -1.8746914289016047E-02 -2.5117923323053098E-02 -4.4041152241842095E-02  1.6520322242564122E-02 -2.1682980968355116E-02
  1.0901514007553149E-01 -1.3436262315379635E-01  2.1395902712752268E-01  2.6355692059994712E-01 -2.7005916024389792E-01 -4.8495432841712587E-02
  1.8869249251231326E-01  3.0701760935977145E-02 -7.0159784166621358E-02 -3.5280608452404716E-02 -3.9608675099315101E-02  1.5307618958028527E-01
 -2.2805529645774036E-01  3.7994563624802885E-03 -3.2394942371707536E-01  1.5065410811312102E-01  4.2749279913100052E-01 -2.6773410217696630E-01
  1.3269833889829497E+00 -1.0353730057212755E-01 -2.5743012206886271E-02  2.3614439079849650E-01 -1.4125275987446562E-01  1.3725440558245688E-02
  2.0321065865577941E+00 -9.0763255774535190E-01  1.2204925892689276E+00 -8.0199841552374432E-02  6.3986422098515083E-01  2.9792409634109789E+00
  1.2528755538885639E-01  1.2812258426925602E+00 -1.6846006563239604E+00  1.6655216284129792E-01 -1.5192433644741472E+00 -4.8508521714595041E+00
  2.6751488738837836E-01 -9.3231776258450105E-01  6.4545025219435628E-02  1.4140307883731054E-01 -4.3194622621280473E-02  6.9286017757781260E-02
  6.0538997149152174E-01 -1.2653087244456709E+00 -1.2836978261801979E-01  2.5162414278488776E-01 -2.0700683297798053E-01 -2.1206298706226098E-01
 -2.1906135031543975E-01 -8.6766943547492131E-03  4.5932970194142725E-01  5.5427998101542945E-03 -3.0957356104813749E-01 -2.1114274245923120E-01
 -5.2184029581258021E-02  3.0528846419424233E-01  1.4062542786209101E-01 -5.6703655750494783E-02 -1.1984187356028114E-01  2.4228008413214516E-01
 -4.4687525165877667E-01  1.5958715389836880E-02  2.6236361870558500E-01  7.8961889966811893E-01 -1.0926477419890142E-01  2.7968956273416423E-01
  6.5484343817641599E-03  2.4319310026427898E-02 -6.7233503641429201E-02 -1.1235936161899780E+00  1.1536551809138114E-01 -2.8250037760563446E-01
 -1.5862195589513943E+00 -2.5942799939824106E-02  6.0373151695552921E-02 -1.4823870158440366E-02  8.6924129040971715E-02 -4.7841765739526955E-02
 -8.6740318259470005E-03  4.7195999505512676E-03  2.2383833704659586E-02  8.6127522659792833E-03  6.7792496636880667E-02  1.4058555848149329E-01
  1.4156263504603012E-01  1.5223174721832519E-01 -8.7919020941066989E-02 -1.3611118678679359E+00  1.7901400676103983E-02 -3.1607426179884650E-02
  3.0048589039656185E-02  2.0271183436523349E-01 -1.9293956166014623E-02 -3.1340479169802822E-02 -1.1118502059373551E-01  2.0380596861327458E+00
  1.0108737936909147E+00 -2.0491156725044685E-01  8.8561551812876560E-02  9.1446290266676597E-02  1.1242779035144486E-01 -6.1925782637352116E+00
 -1.4870771475059092E+00  2.9564676349523278E-01 -9.3457579157320864E-02 -2.4848191914288301E-01  3.3898132901566647E-01  5.9817945838055823E-02
 -8.0361146698303343E-01  2.1470925140094889E-02  6.9864927590644915E-02 -1.0252927487839179E-02  2.6881670861599871E-01 -1.0393358860147987E-01
 -1.0472062643635457E-01  8.9954172326759799E-02 -9.3306406387829402E-02  2.5421244760995254E+00  3.5151287695897320E-03 -3.2578635215054060E-02
 -1.5511457945903192E-02  1.7617031056895639E-02  2.1440367662381381E-02  1.1770000654028599E-01  1.4870943022081164E-02 -8.5645631661544173E-03
 -7.1579553169417470E-02  7.9945517281393075E-01  2.1607496900365661E-01 -1.0255279668277344E+00 -2.4930851934526052E-01 -6.9353959234224813E-02
  1.6183441862511024E-02 -4.4932017170921301E-03  2.4313809334860445E-01  2.6528718281909236E-01 -5.6278031823640152E-03 -2.8054237518391292E-03
 -1.2320132182352096E-02  6.5639835016279803E-03
ORDER     2 BLOCK    10
  5.7022873762568171E-01 -1.4573005136450445E+00  3.1473210252793099E-01  3.0084830743046603E-01  3.4849717795203281E+00  1.0471438410131710E+00
 -2.5338058205824074E+00 -1.3182037130535669E+00 -5.3644158551670884E-01  1.4867029551844151E+00  1.8159390155893385E+00  1.2738698959621522E+00
  6.9232170084901623E-01 -7.4326954899107719E-02  1.4317797380092872E+00  2.5103192403700723E+00 -7.2714381589933899E+00 -1.3053492827535900E+00
 -1.8180629444836418E+00  9.3672737589662203E-01 -1.8215512197843892E-01  2.1649813574256829E+00 -2.5422033060295215E+00 -6.2960117699520790E+00
 -5.7045327147990132E+00 -2.1135195420257742E+00  3.4270709227313079E+00 -3.1595834954261476E-01  2.9974489958147282E-01 -1.6330130809971934E+00
  1.1421329012276601E+01  2.7687698854957445E+00 -1.2488109080677343E+00 -3.1999411525431074E+00 -2.5622237417737956E+00 -1.6171520282356244E+00
  1.2841863294827305E-01  4.5788537282182817E+00  3.5874831969143748E+00  2.1292896166453752E+00 -1.7970827137182541E+00  2.0903653784495807E-01
 -5.4257518688896778E-01 -1.3352078326416479E+00  2.6504163571764856E+00 -8.1357530716630377E-01  8.4397704329150491E-01  2.7769483241874560E+00
  2.8552317805922950E-01 -1.7318081766882851E+00 -6.0045905961293211E-01  1.4285142883343798E+00 -6.2705265967967594E-01  2.7764082584861066E-01
  1.5373826812143732E-01  2.4999585354954030E+00  1.3009345785383661E+00 -1.7873683822583448E+00 -9.4050978782516859E-01 -6.0123755866561479E-01
 -1.9285679217587203E-03 -1.1747706864671047E-02  5.5404128156982158E-01  7.8037033426209168E-01  8.3859649275566395E-01  1.0922056212855342E+00
 -8.1299118350766808E-01 -7.8470503235322647E-02 -1.4457393298834376E-01 -1.8759557857441439E-01 -6.1823676685161817E-02 -1.3038810594678891E+00
  9.0763383477182547E-01 -1.6480517812303189E-01  3.3743963079690026E-01  1.7956368114663787E-01  8.0756097463260304E-02  1.1791792639585970E-01
 -1.4034504794339941E-02  1.1861819129596099E-01  1.1951346452657616E-01  2.3001714586034640E-02  7.5911845640404341E-01 -2.2545887284880377E-02
 -1.1912249508989117E+00  8.8743668537788270E-02  5.8271207056308727E-02 -1.9772741133590083E-01  1.8064728510261242E-02  2.3831369208582399E-02
  3.8236392636958666E-04  1.0809553158739722E+00  1.5897995332136716E-02  8.5187823100120064E-01  1.8421668453445608E+00  4.4373310731543256E-03
  1.1149165284084741E+00  6.1611925156676950E+00  3.8116042492185160E+00 -7.7555019905952771E-01  1.2241322229797276E+00 -1.0344121904519263E+00
 -9.9898677064703081E-02  6.1763318906336073E-01 -2.3848481508775321E+00  1.4821173420678448E+00  7.6199451709174992E-01  6.8001005415414106E-01
 -9.6184908308740436E-01  2.4912947283352505E-01  7.4592776483751744E-01 -5.8734428834549508E+00  2.8955982469938102E-01  3.7617312147625270E+00
  4.3391590432873078E-01 -3.9707304046363717E-01  1.5708854049636153E-01  8.3890287984000835E+00  3.6938019993594545E-01 -4.7249270509127586E+00
 -3.8582971513441255E-01  7.2022929764422727E-01 -1.1757263739528016E-02  1.1487664758045944E-01 -9.2616110747631408E-01  2.8337878935290432E-02
  1.8311004091864419E-01  1.5149905874252664E-01  2.1663617686344241E-01  6.4784656402779017E-01  1.1084507845175566E+00 -9.5696306618540572E-01
  1.9300909218742353E+00 -8.5399835498986532E-01 -1.7171382011455671E+00  4.4854832290334756E-01 -2.6020268395946973E+00  2.7273321477100105E+00
  2.7254965521537695E+00 -6.1247703485751237E-01 -2.7014437951754189E-01  5.5944091647331617E-01 -2.2134163671580326E-01 -9.4135272354612665E-01
  1.9900741457855382E+00  2.9856458131075531E-01 -1.0131815236506185E+00  5.0360506049918152E-01 -1.5645701122794337E-01  4.6022454408015151E-01
  2.1319884400645969E-01  5.9104494851350498E-01  1.3368578085992950E+00 -6.4234591670463548E-01 -7.1197379507656122E-01 -7.0324160921678724E-01
 -2.5139617177421930E-01 -5.9577019145197210E-02 -2.3634303983360999E-01 -4.1607409035961473E-01  3.4470897693166336E-01 -1.6897484549772501E-01
 -8.8926695791195789E-02 -7.0259343549291753E-01 -7.0997310749820775E-01  3.9556613223502324E-01  2.4804036475429850E-01 -8.7587418673945761E-02
 -1.6773451667720346E-01  2.8109558982831651E-01 -2.4038269385684805E-01 -1.8128147968823692E-03  6.7892676732993554E-02  8.0863370228117917E-02
  2.0559405107661322E-01 -4.7420539320634419E-01  4.5139737629163346E-01  3.5168632887153897E-02 -5.6748596695190938E-02 -3.5749807133896444E-02
 -1.6168996403763423E-02  4.4427228464761798E-02  5.3208136230629893E-02 -2.2613904595750627E-02  1.9861882722538967E-02  3.5322048366595860E-02
 -1.1201786442077359E-01 -1.6889462711667683E-01 -8.4825405560452305E-04 -3.1641902686620635E-02 -7.7724266740921019E-02  5.5714884129835440E-02
  1.6828841939086508E-01  5.3453899497000287E-02 -1.2458067115855362E+00  2.8652343914218085E-03 -2.3100540908353503E-01 -2.6498857031986234E-02
  3.7228396071993446E+00  3.7601069490175359E-02  5.1753210668177278E-02 -3.5551306013155155E-02  4.1617260034272963E-02  1.1693624821916228E-01
  3.8228810185052517E-02  8.2968013040621097E-02  7.0994485653224906E-03  2.8045848682243918E-01 -4.7676690640766656E-01 -4.5008793135400432E-02
 -2.8736616727345534E-02 -4.6278489262364814E-01 -4.1524714803853613E-01  1.9203871407866641E-01 -2.9119554108966279E-02 -1.4409116144274425E-01
  1.2185445768995444E+00  1.0985046549291001E-01  4.3377201764870826E-01 -4.9763891012314448E-01  1.3944767012562007E-01  5.8430585841309134E-02
 -9.5437241236381948E-02  3.8697203472521915E-03 -2.3061838192914524E-01 -1.4149552425725171E+00  1.2936368199132957E+00 -1.0305177147585200E-01
 -5.6326426759963815E-03  1.1346856751648872E-01  5.3536710005581889E-01  1.9687174601827471E+00 -1.7537687047007384E+00 -3.2693143282479700E-02
  4.3874711563209390E-01 -1.3179923048227846E-01 -1.2938227129337474E+00 -6.7675013410465445E-01 -1.6141839833145374E-01  1.2896778758999153E-01
 -9.5257638736491762E-02  2.5135222976331879E-02 -7.8691293608450630E-01 -1.9336526408168042E-01  1.9288784504557024E+00  3.8369099624921688E-01
  1.4268197230408022E-01 -4.4283261819012426E-01 -1.5451973525590879E-01  7.6041071852048378E-02 -2.1211674546247439E-01  8.3887764439229493E-03
 -1.5535154652949346E-01 -2.1518478934447968E-01  2.0995568093333816E-02  3.7128295276177270E-01  6.1115373665973013E-02  4.3623893150788540E-01
 -1.0606040602484075E-01 -4.8591717806063617E-01 -3.0338832012535166E-01 -3.2880472675490985E-01 -7.1089393965840658E-02  3.3716641644650180E-01
  9.4150406123887442E-01  1.2001745551200850E-01 -4.6346586044474239E-02  9.1379426743897093E-04  9.6019271885741053E-01 -1.3156871231666573E-01
  3.5859095256586104E-01  5.3556518003600317E-01 -2.7722936271688453E-01  1.6077104193364791E-01  5.3084346790125470E-01  1.1161133017365660E-03
  2.2589966086709407E-02 -7.3989554347591457E-01  2.1091317971606763E-01 -2.9899918280071885E-01 -2.2487415763780163E+00 -1.7465214615319333E-02
 -2.3671523131754621E-02 -8.9853836410346333E-02 -1.5260647623076277E-02 -4.8963672551562316E-02  1.1971962872137601E-02 -6.1852219068483114E-04
  3.3318555196911680E-03  9.0783153562373486E-02 -8.2161288844833980E-02 -1.4221533054042523E-01 -4.2290584506458569E-02  1.0732434211965011E-01
 -2.0546840109778844E-01 -6.4451991019784383E-01  8.5207452940225178E-03  1.1280274893580917E-02  8.9008727620761407E-03 -6.5393463926022377E-03
  2.2220349154688370E-02 -1.8705947236893214E-02 -1.0874269689296430E-01 -4.6500904232048947E+00  8.5368629936108475E-01 -3.3240545822303610E-02
 -9.4486448554258307E-02 -1.6530778042334035E-02  7.7508913126238338E-02  1.2633418007489039E+01 -1.2074670360948838E+00  8.7178605068433251E-02
  1.4175491075551172E-01  3.6242414192517669E-02 -2.9797869653313891E-01 -1.1874836985100874E-01 -1.5575470311720374E-01 -3.3275747824521730E-02
  6.8075204482838256E-02 -9.8308207974960732E-02 -4.5749426717313924E-01  6.9448002912250839E-01 -2.1108127150838932E-01  2.4921110551834588E-01
 -9.6122318937469683E-02  1.6832737623531482E+00  2.5515809631559516E-03 -3.5878641043064402E-02 -6.5723480847228538E-02  1.7903488804356830E-02
  3.0316576371993722E-02  3.6951960865636478E-02  5.6652379546693790E-02  5.2891753346504602E-03  1.1542321802137420E-02 -7.2931094018149456E-02
 -2.3794332298157301E+00 -5.0791744135834149E-02  1.4064785998078078E-01  2.6899618017394444E-01  6.1952824589158846E+00 -3.9448455451449205E-02
 -2.8782273399442748E-01  1.6780776463225500E-01 -1.1969957687259046E-01  6.5803503056992743E-02  7.1171948498314763E-01 -1.5763372868303338E-01
  1.1582380331143109E+00  3.3446841204432080E-02  2.8231037349336421E-02  1.7676870841620861E-03  7.0815243993476218E-02 -7.2317512713501425E-02
  6.4871152604043275E-02 -8.2102615321638945E-03  2.0606589194134085E-02
