SURFGEN.GLOBAL Hd COEFFICIENTS FILE V:2.8.8
high order tester                                                                                                                                                                                                                                              
ORDER
    2
COEFFICIENTS
ORDER     0 BLOCK     1
  2.0638612584498783E-01
ORDER     0 BLOCK     4
  7.7563619304289913E-02
ORDER     0 BLOCK     5
  2.9710454054719754E-02
ORDER     0 BLOCK     8
 -2.8527761815515096E-01
ORDER     0 BLOCK    10
  1.8919611520344409E-01
ORDER     1 BLOCK     1
 -3.3217737091630567E-01 -1.2672083192066155E+00  2.9781253426301246E-01 -2.1925008014906648E+00  7.2018314486377411E-01  2.1243638946851604E+00
 -2.2594389961343602E+00  5.2008647724184707E+00  2.3876827701485456E-01  6.9421418244949740E-01 -7.7136658742344183E-02 -4.9452454331602053E-01
  3.1946256686621860E-01 -2.2838203313950248E-01  6.7694607779097332E-02 -1.1298696914493843E-01  3.8367486468736285E-02  7.0303819887566094E-02
  1.5952680984254161E-02 -4.2114561107552512E-01 -4.5955398774241146E-01  8.7847591361545052E-01 -3.0659332601564366E+00
ORDER     1 BLOCK     2
  7.6814578769350064E-02  4.2902964750150038E-03  1.4650975368145891E-01  4.9778200096225350E-01
ORDER     1 BLOCK     3
 -2.6713595752124042E+00  8.6425454014915826E-01  5.5297601723223160E+00 -2.0214845036875895E+00 -7.5088426581617107E-01 -5.0237426542202868E-02
 -9.6388054577898175E-02 -2.2460245497578688E+00  4.3254794845513089E-01 -1.9707766722345629E-01 -2.7687720275823247E-01  9.1970249454788799E-01
  4.3894968537214307E-02
ORDER     1 BLOCK     4
  9.3202021340977548E-02 -8.7017671228739712E-01  7.0310298077369060E-01 -2.4963439789661388E+00  3.5885727447502652E-01  1.3624683317807227E+00
 -1.7687277113405888E+00  2.2031429040822497E+00  1.7942407054597639E-01  4.2516168008279004E-01 -1.4547881133133964E-01 -9.9420891669848910E-01
 -2.5985835468368934E-01 -1.7229071622414899E-01  1.7569213809710735E-01 -9.2101281534366294E-02  2.7427990845517860E-02 -2.4481822269003692E-01
  2.5611413048910947E-01 -2.5216670581092199E-01  8.0068402860337784E-01 -4.1874202297070195E-01  1.4009030609371820E+00
ORDER     1 BLOCK     5
 -7.7225135454038446E-02 -1.1220041177586209E+00  3.9886251386326149E-01 -1.3920756099386995E+00  2.8379445479294074E-01  3.0192462382630967E+00
 -4.9186486420498987E-01  1.8647922395475711E+00  1.1378824111463424E+00 -3.6662431463581235E-01  3.3351482330832571E-02  4.3758121680886591E-01
  6.0549407917770293E-01  3.6775988108531013E-02 -1.6028726784052039E-01  1.1961316148474498E-01  2.1875402483515585E-01  1.4155196021477592E-01
  4.0839542530027390E-02 -8.3623633754288340E-01  1.8456473370598464E-01 -3.0206047900975928E+00 -8.7166975605533437E-01
ORDER     1 BLOCK     6
 -1.1707772020173253E+00
ORDER     1 BLOCK     7
 -1.4182488332233187E-01 -8.1919674049197311E-03 -5.4841801559058201E-01  1.1058430410751147E-01
ORDER     1 BLOCK     8
 -2.1708618012923391E+00 -1.3969921368469613E+00 -1.9914332031624055E-01  2.1078508421618651E+00  7.3379114124022378E+00  6.4213153699498875E+00
 -1.9044357903817510E+00 -3.5908827627971052E+00 -2.3828854652521709E+00  3.2044819505447475E-01  5.0543804202353923E-02  2.6560439903432614E-01
 -5.6851964106210284E-01  4.9181327027367527E-01  4.2995142593779773E-01  2.7340355678824790E-01 -4.5079257697887745E-02 -1.7189157934855448E-01
  8.3704563062195217E-02  8.9187382880070398E-01 -5.2211938780171296E-01 -2.8084469721008456E+00 -2.0969036357633608E+00
ORDER     1 BLOCK     9
 -1.0270423485358913E+00  9.5606355897596096E-01  2.2292029450554400E+00 -2.2234775083982643E+00  1.6325221019589520E-01 -1.4571118301956054E-01
  7.4313433668531981E-01  5.4679858884033528E-01  8.7377222798134258E-02 -3.0877240636737235E-01 -2.7332844452985133E-01  4.8956958645663373E-01
 -1.2289647908878480E+00
ORDER     1 BLOCK    10
 -1.3834450472234423E+00 -1.6953037363963990E+00 -5.5306358545323608E-01 -1.2865696424335247E+00  1.9742856750430415E+00  2.4244204265210483E+00
  3.4969412057580258E+00  1.5107789535476923E+00  2.7828437806220208E-01  3.8123411563469844E-01  2.0916939883229124E-02 -7.8451385773709872E-02
  3.5169685699307146E-01 -2.6463384327428457E-01 -2.9937425596145595E-01  7.3800933769805309E-04  1.8618510512295744E-01 -6.0099710897535075E-02
 -8.7159242291809089E-02 -3.8896790571656542E-01  2.7536476445501967E-01 -1.3246213340896738E+00 -7.0270923594875556E-01
ORDER     2 BLOCK     1
 -1.1131203420952303E+00  1.1617064802217862E+00  4.3007159259880801E-01  5.8588772635555908E-01  4.8237546753868388E-01 -9.8461982517727575E-01
 -4.7942211895303677E-01  1.2955213272985515E+00 -4.7425286834735701E-02 -1.2420766332040354E+00  4.6015619982693691E-02  2.5384639756732957E-01
 -1.4573411978906616E+00  8.1596644563574061E-01 -1.3428206796275297E+00 -2.1638009029981986E+00  1.2960853289425598E+00  1.4095167713752814E+00
  2.4912999496612214E+00 -1.7937726192715625E-01 -2.7944801674322195E-01  1.3932280317970822E+00 -2.9613702839427397E-01  2.7621331049281812E+00
 -7.3258092985338008E-01  1.0181549089391737E+00  2.3057278487670687E+00  5.4159667791268606E-01  2.0421247792341723E-01 -1.0886024962007161E+00
 -2.2424451562257603E+00 -1.4356835548452154E+00 -4.9165402355243195E+00  2.2192715664302343E+00  3.4127993483553820E-01 -1.3657544138391395E-01
 -6.1483739316222807E-01 -3.9896524149077077E+00 -2.8740566002405898E-01  1.0372618944301204E+00 -1.1539398132769696E+00  1.0128176734528326E-01
 -9.4600001365864762E-03  3.5833704556763518E-01  1.3914437370099821E+00  2.1219551734990613E-01 -1.9246353291866020E-01 -9.2291798070795439E-01
  3.2800353744787397E-01  4.6032468839967905E-01  3.4271176166556017E-01  3.4305817472623124E-01  4.8009979501357891E-01  4.8252997135420556E-01
 -2.0653113956698521E-01 -7.5397730360955528E-01 -2.9268298461583464E-01 -2.4270053771483882E-01 -6.4650643648476655E-02 -3.3135649918718313E-01
  1.9290144963961708E-01 -2.4280484613950784E-01  6.8456969402196810E-01 -2.3416135587842674E-01 -4.5644518426479548E-02  6.0362428360330012E-01
 -7.1506449756061874E-01  2.7996982097280709E-01  1.8680925852093817E-02 -2.4934616425200177E-02  1.2718797193538431E-01 -9.3678308706688274E-01
  1.0163639054218809E+00 -1.9637588261117619E-01 -1.6993085694104130E-02  3.9690948110900987E-02 -1.7069382875666766E-01  1.1991269175192271E-02
 -2.9763253020979491E-01 -1.5941925439228663E-01  6.8110101828267613E-02 -3.7468633834474165E-02  1.2646996853769510E+00 -6.1676796419396891E-02
 -1.9166709905383150E+00  4.9816578371510566E-02 -5.1730170021434395E-02  3.0107756420468732E-02 -4.9272389404410442E-02  2.4196443603408083E-03
 -7.2509274871670626E-06 -1.2857176476281040E+00  3.0214347668294929E-02  1.8541151262050553E+00  1.0823099838184023E+00 -2.0517317111333876E-02
 -1.6062184535266899E+00  1.1690331078137908E+00  1.5634773082965830E-01  3.9472086310759824E+00 -8.8575944561945574E-01 -1.8352479263159058E-01
  4.0363554429622200E-01 -5.1019992380379247E+00  4.7479722218387121E-01  2.3891541815411302E-01 -9.4407508330293344E-01  3.7551326326232592E-01
 -9.1671525655871744E-01 -9.9896980467086227E-02  6.9240239503730516E-01 -3.5390504196473821E-01 -5.0792319901531957E-01  1.7359011616802635E+00
 -6.7323426100587869E-01  8.1671172385608792E-01 -1.1531618552408969E+00  9.8834024651130370E-01 -4.7549296416278442E-01 -3.4554094699249118E+00
  1.1975860106872236E+00 -6.9232043300719781E-01  1.1404436729593570E+00 -1.9411513295184660E-01  3.8301900290409829E-01 -2.5486967874260269E-01
 -1.1197857320684902E-01  1.5185272988491219E-01 -2.5588970757167005E-02  1.5008516146806383E-01  1.6368343395961074E-01  1.9382181659700359E-01
 -1.6025503627165932E-01 -2.4047964415621398E-01  6.7753934292543327E-01 -1.3291280602270780E-01  3.6776425890705522E-01  2.8079177510185795E+00
 -8.6930725977132617E-01  8.0277267531007487E-02  4.1493340779480947E-01  2.6789173283155859E-02  2.2219242413361379E-01 -5.5448023021878901E-01
 -9.5232417442172890E-01 -4.5298692527535761E-01  3.0048430358893163E-01 -1.4739673520731769E-01  1.0117439714184493E+00 -1.1161674818574333E-01
  4.1407397704874888E-01  1.0605432188601810E-01 -4.7474641709420951E-01  3.3894467455004751E-01 -1.6592623024483570E+00  9.8961842447895187E-02
 -4.8638928921018082E-01 -2.3874904217450918E-01  8.3757884111071906E-02  3.0343914203029365E-01  8.3508556415912510E-02 -2.9296825214768157E-01
  2.6868278495836168E-01  8.9493304548854014E-01  4.5975197743713747E-01 -8.5177075914854594E-01  9.6738490135514929E-02  5.5456586974003574E-01
 -2.2692310537695590E-01  1.9904787819859182E-01 -1.4116333486290951E+00  4.7845093227858376E-02 -4.1687713901151424E-03 -7.7486040976145887E-01
  3.3467718067368279E-01 -2.6707177471828009E-01  3.6250120764026090E+00 -4.6831086450158266E-02 -2.2107570990819014E-02 -6.0107215542403877E-02
  1.2503663702507870E-02  4.0545980009203349E-02 -1.4791131434636874E-02 -6.1374023403304591E-02 -3.6456348700561157E-02 -7.7229540519830220E-02
  2.6605207547683914E-02  1.5618605788289372E-01  4.9514620656838308E-02  1.0787102073405622E-01 -6.3922770591241474E-03 -3.3357642173916624E-02
 -1.1097922806030408E-01 -7.2931281357469499E-02 -2.9339987924524680E-01  6.4391381769057177E-02  1.8151893959949750E-01  7.4493985126522888E-02
  1.1772787736128294E+00  1.3029373744217003E-02  3.0655456117305985E-02  8.5317483481583672E-03  1.2752788816407507E-02 -1.1943390075931599E-02
 -1.3646755577227818E-02  1.0018256001036119E-02  3.3394844034860959E-03 -3.9311654123552470E-01 -1.3911795732429910E-01 -1.7721780768035864E-01
 -4.4572875523350702E-01  5.6088902337641267E-01 -4.7831467696261110E-01  2.6204809442958438E-01  1.2540507672581760E+00  5.4252112501059461E-05
  7.5574379958802906E-01 -7.0806670444667458E-02 -4.2704408451524394E-02  2.5903749231820328E-01  2.0052910896505094E-01 -1.2011014012460704E-01
 -1.6169074601182001E-01 -2.2871997430050405E-03  1.9349601043478168E-01  2.3869720829879615E-01 -6.1462917901460046E-01  1.5080462506247044E-01
  5.7873479625836222E-01 -1.5811947092223794E-01  5.0264083146840355E-01 -3.4608068448984142E-01  8.5465961089319997E-01 -2.1323453406793352E-01
 -1.0503170832446738E+00  2.3482823889106474E-01 -5.9709201969246550E-01  1.7713463247675627E+00 -1.2702418048867445E-01  6.5418150167159642E-02
 -5.4592726494029312E-02  4.5079923823315861E-02 -1.5762565719131452E-01 -3.7454460832622621E-01 -4.4781645060824155E-01 -9.8579943267285822E-02
  4.6928305158145917E-02  7.5715064489831674E-02  5.8609123683712940E-02  2.4060609875832726E-02 -1.6935001530940211E-01 -1.1054151381100982E-02
  1.0887070830052517E+00 -1.8085893196200301E-01 -1.8152874903336332E-02 -3.2433039493131852E-02 -1.3146787338067156E+00 -1.7032014327414358E-01
  2.5838367487770451E-03 -2.7131951568262398E+00  3.9218031155844858E-02  2.6385213417647185E-01 -4.8992496605546124E-02 -3.5732357115764279E-01
  3.5601508887232886E-01 -3.2574793392321033E-01  2.9950981243604141E-01 -5.4468781108226644E-02  3.3043898734843580E-01 -1.1175493004117994E-01
  4.9608009219335260E-02 -6.6078363722735137E-02  1.4452274621818989E-01 -1.2798113860819713E-01  9.7715906240752981E-01  1.0346573834715919E-02
  4.4921516345463569E-02  5.8903881134385820E-02 -1.3084505398951116E-01  2.0880504665770869E-01 -3.2627711332965741E+00 -1.3163012408598991E-02
 -4.5163607881846257E-02  4.8613288740064715E-02 -3.7125222475720733E-02 -1.5847387380669691E-02  1.6649920695392548E-02 -7.2862365476952032E-03
  2.0078549315658083E-03  7.9378933631418416E-02 -1.6539392191766905E-01 -1.7515008748559521E-01 -3.2142187472974516E-02 -4.7704721553585794E-02
  6.4246202912200207E-02  8.2615704183821170E-01  8.6038477514717437E-04 -7.1923504858146673E-03 -3.1672206391850130E-02 -2.5937255285269814E-02
  4.6645636312084376E-02  2.4610811374284090E-02  8.2515343034795796E-02 -2.7230169363661751E+00 -6.5571936719879564E-01  7.7803384513610976E-02
 -9.2632488550791856E-02 -7.4933246025111352E-02 -6.1453247256388656E-02  7.1572524372341180E+00  9.3863951871644358E-01 -5.5329569843972512E-02
  1.1496312653650177E-01  9.5270182676099130E-02 -4.1688225045271071E-01  2.2912555157921032E-02 -1.4519588335190203E-01 -7.8993142924457249E-02
  3.4587507251879999E-02 -6.4731987141293981E-02  9.4126111643314497E-02 -1.5461347996433872E-01 -1.2624957432737399E-01 -9.0966062165368552E-02
  1.0410565440140979E-01 -1.5776784966676012E+00 -2.4941628798501245E-02  2.7194349196041159E-02 -1.0920095944584159E-02  6.1594953679882311E-03
 -2.7433161025236203E-02 -5.6546161210152598E-03 -2.2810380928437865E-03  1.1285181726655874E-02 -7.5149954454667336E-04  4.4977908729876637E-01
  4.2660154216446342E+00  1.4141813883355281E-01 -2.7079649698525748E-01 -6.3977303774535588E-01 -1.1676495722655758E+01 -1.5241938595968277E-01
  4.2033776784606169E-01  2.4381083848031261E-02 -2.8630512288025656E-02  2.9683389105303746E-02 -6.0996697715664260E-02  1.6409311298693741E-01
  5.8139552295772248E+00  4.6730337390204955E-02  3.0084521893162550E-02  5.2727029908652681E-03  1.9893842760377208E-02 -3.4011503863573524E-02
 -3.5481216847071090E-02  1.4196655340432582E-02 -3.5739501279264344E-03
ORDER     2 BLOCK     2
  2.0956341765283697E+00 -1.6694549007193913E+00 -1.5678703416702642E+00  2.7259321153181137E-01 -3.7673748490967598E+00  3.1226151006698970E+00
  1.6666975413049228E+00 -3.8421590081005330E-01 -3.3972384190634433E-02  2.1481106208146947E-01  7.4247976259611481E-01 -5.1947547283029506E-02
  3.5762006983421996E-02 -7.1055250404044364E-04 -1.6570806181586774E-02  6.6816904984991085E-02 -4.3373827643917007E-02 -1.5556641807726115E-04
  2.4793067497976953E-02  1.8181025768697911E-02 -1.2864602232811875E-03 -4.9145306556442215E-03 -7.5249393273058640E-01  3.5168512713791089E-01
 -8.4691564634523919E-01 -2.3109044507949177E+00  9.3860629951357821E-01 -8.7861944245504242E-01  1.2143180662427822E+00  2.6202647858036987E+00
 -1.4809406700464918E+00 -9.9590032780638083E-01  7.8466853606589296E-02 -1.2025194760000701E+00 -1.5261468616829692E+00 -9.0177459041998720E-01
 -9.0226550473098549E-02 -2.8112668857041928E-01  8.0990578125299240E-01  7.2564912297141559E-01  1.7813343983952947E+00  2.6898507479913314E+00
  1.4494612767537637E-01 -1.8325302736156307E-01 -7.5003650377951447E-01  9.2150745294375991E-01  1.6425737336186286E+00 -3.6706106163379482E-01
  2.7729473710336561E-01 -2.5790833287525022E-01  9.8551577518907252E-02  1.6563998939954268E+00 -1.5689532143937739E-02  8.5958283644936828E-01
  2.7267413304048937E-01 -2.1108723265395630E+00  4.8976066051819631E-02  1.7076588320185881E+00 -4.8590416242368822E-01 -1.4022642744333504E+00
 -3.5946322628168836E-01  1.1814825546105532E-02 -2.5797306137709836E-01  8.7261932539250175E-01 -1.4171378669727860E-01 -3.3754872343549390E-03
  5.2249929561195077E-02 -5.3032011499346554E-01  1.0166268296886820E+00 -3.9341455337948486E-02  1.7837213366253876E-03 -1.9328594472037747E-02
  7.3330547085006925E-03 -5.8560712978861708E-02 -2.4463330652299532E-02  1.1078583404549446E-03 -6.2401662033977387E-02  4.7124660670861560E-02
  8.0295909409817567E-02 -1.8851059700245445E-02 -6.2406342954812888E-01  1.1297073327008714E-01 -1.7847118153096148E-01  1.9370629275603252E-02
  3.6623461541508451E-01 -9.9986029749787397E-01 -4.8160051204972376E-01 -4.0969653915159238E-01 -3.3562430067576943E-03 -6.9904645466783244E-01
  5.8699296404735568E-01  1.1955799019020007E-02  2.8853225081044653E-05  2.9143751527742606E-02 -1.4727278197967972E-01 -7.8688310478055329E-02
 -6.3220667811878933E-02 -5.4943549932305958E-03  8.0050559391334805E-02 -3.3798064795015137E-01  2.0589903699230280E-01 -9.4224630956018851E-02
  3.0867197783792017E-03 -5.6350766204674352E-01  2.3262978529532052E-01
ORDER     2 BLOCK     3
 -1.8771758194746369E+00 -4.6975033927982714E+00  4.0588800073132281E-01  1.9268895949856120E+00  1.3526208531539918E-01 -5.7893153005710096E-01
 -4.3653849218829635E+00 -5.8282533250676165E+00  7.8556450264625072E-02  4.9479380295934733E-01  5.9507935671576657E+00 -5.3177172958469254E-01
  2.5955596930405904E+00  5.0869548565170195E+00  4.6075239527113689E+00  1.7013148735093848E+00 -4.7491481157039104E+00  6.4300044861818983E-01
 -1.8992322446093142E+00  4.4180834564822433E+00 -1.3269853012392496E-01  4.9680678916126993E-02  4.6600599963725404E+00 -1.6213386734713855E+00
  2.5518777196892817E+00 -1.1840112924333487E+01  5.1553949715942151E+00  6.5257131308432523E+00 -4.8648698946746318E+00 -5.4317448433799234E+00
 -6.3496261559316125E-01  2.5659376289934788E-01  1.1204428952400085E+00 -4.5829585849242536E-02 -2.1855219637097520E+00  1.6263919835243121E+00
  1.8997133805083493E+00  4.6946583621454957E-01 -8.4267549898458105E-01  2.5651042707075195E-01  3.4452940448962290E+00 -2.8578686822303805E+00
 -2.2995096517662343E+00 -1.1021053743544664E+00  9.7854453404999719E-01 -6.7597970480215364E-01  6.9038587828794939E-01  1.0530079374742827E+00
  6.2976885564843110E-01  1.6733613417044009E+00 -1.4141772397671946E+00 -1.3210512560551993E-01 -1.7012050244710952E-01 -7.9463664245787735E-01
 -8.6740323427817856E-01 -2.5937845269036921E+00  1.8659891258599721E+00  1.0402167453660775E-01  1.9212042283087388E-01  1.3520821088630759E+00
  3.2248790278326606E-01 -1.4173848320034102E-01 -2.8853286166402953E-01  7.0734143287862400E-02 -1.6157333589719318E-02  9.3254746562065827E-01
  4.8839304340109607E-03  1.7044588311719167E-01 -1.8409754807822731E-01 -1.2455404348336148E+00  1.4452359408525478E-01 -2.9723940372412944E-01
  1.0134994096228418E+00  1.5684164163840852E-01  2.2793000801177729E-01  1.1463741778284942E+00 -1.3403633131579516E-02 -1.9544926051649938E+00
  1.5866553734925550E+00  4.2022596058709047E-02  1.2458809484998808E-01  4.4769744193040070E-02  5.6136072640368719E-03 -4.4070108769151606E-01
 -3.2649947191487283E-02  3.1593976639130932E-02 -4.2777511409271954E-02  1.7596846441623994E+00  3.9129637197945368E+00  2.6756233656376258E+00
  1.3469632338625775E-01  3.4152184554797421E-01  3.7179370058566230E-01 -2.1025489078964461E+00 -3.6980530953167037E+00 -2.6780096791259242E+00
 -4.9666474063065813E-01 -1.6207627583939459E+00 -1.1975414719725082E+00  8.5333776857140686E-01 -1.2863653797154584E+00  4.5439115286524417E-02
 -5.4448849644299045E-03 -5.2818630971221102E-03  4.8206516578396585E-01 -5.6372184958778537E-01 -9.3015470804524503E-01  9.1595515019034623E-02
  1.5961155732720456E+00 -2.8564197877869191E-01  1.3212938910189526E-01 -6.1080125870900370E-01 -2.9631410627646109E-02  2.5179267367978611E+00
 -3.0703016095295776E+00 -8.1268518147583058E-01  1.2573941374796489E+00 -6.3531377373422937E-01 -1.6138212096301885E-01 -1.2773976836851675E+00
  5.9109812144583005E+00  1.2490442075024553E+00 -2.1694284747998807E+00  6.7237078902241043E-01  1.3582336679262838E-01  2.0634034199948501E+00
  6.9261316286700819E-02 -4.2759826775101922E-01 -1.6990928292037316E-01  1.6692886736617732E-01 -1.9925955431743439E-01 -1.5888007748358074E-01
  2.8722202111682593E-01  7.1076155148010556E-01 -8.3924672863013094E-01  2.3742760139046556E-01 -3.2021109650266125E-02  9.4320268059108148E-01
 -3.6939825120011133E-01  3.0661052818741683E+00  1.8267720618589351E-02 -3.7823387293644019E-02  1.2220191604070778E-01 -1.3067882920145346E+00
  5.4000285225640787E-01 -8.1949304210565010E+00 -1.1694668790872153E-02  1.1578514664982766E-01  2.4297029911452134E-03  1.0965480758895151E-01
 -1.0069385187862019E-01 -8.1428180089914953E-02  5.5298846029862105E-02 -1.3643535608210798E-02 -1.3038817322158605E-01  8.9245799308690522E-03
  3.8716238428620861E-02 -5.0399102878740595E-02 -2.2921665111218674E-02  1.7239992660470085E-01 -7.1111422728926987E-01 -1.1890825262949821E-01
  1.0436429783343841E+00  1.6097949533446812E-01  4.6377199910480907E-02  7.3508786153510322E-02  2.9911537286651795E-02 -1.1461292894695461E-01
 -1.2412259175611173E-01  1.2859300824317658E-02 -1.6915872888040553E-01 -1.0352808578641401E+00  4.1075448803961256E-01  1.7879674643373906E+00
 -2.2938607485510817E-01  2.1819019832600212E-01  2.5835021587511005E-02  3.0133315365476832E-01  3.2317035384315090E-01  4.8267066302187807E-02
 -1.8541428284967838E+00  4.8368019910812043E-01 -9.3241162615543738E-01  1.3453223489436077E+00  7.1937822224657028E-02  3.3542951312034903E+00
 -2.1425010677956435E+00 -6.0491444208541700E-01  1.3121991096866392E+00 -2.2084506483708348E+00 -2.0879957582415706E-01 -5.5851338893256184E+00
  1.1584015777602809E-01 -1.3083477619901993E-01 -1.6395784517801884E-01 -1.0909533250349930E-01 -4.8161119386292334E-02 -6.4177793741075823E-02
 -2.2813497690938200E-01 -2.0117147594360234E+00  2.6683043193514966E-01 -3.4046083250478520E-01 -3.5568710604962289E-01  3.7436461862319637E-01
  2.5802207137075006E-01 -1.7412557497023508E-02  5.5522027521925654E-01  4.5551209632606199E-03 -4.2420195077174522E-01 -4.2525263245518907E-01
  5.7710996656185853E-01  1.5774653815761774E-01  4.1945015719294043E-02  1.7294665565952463E-02  2.4213841253891699E-01 -1.6068188856268626E+00
 -1.1139220861478015E-01 -1.6197603970315350E-02  3.2232673522583927E-01 -1.7513714324986632E-01  1.0302587323499320E-01 -3.6433802115959041E-01
  2.5456409275927538E-01 -1.5989414360064381E-02  4.7210923087765644E-02  2.5027606222538634E-01 -1.0077998728883314E-01  5.3810189997237823E-01
 -5.1282992131652949E-01  5.5997687309497042E-03 -6.7645739849297337E-02 -6.3136985746086199E-02 -3.9384247233553882E-02 -5.1675649951396410E-02
 -2.7956959472000228E-03 -1.5824679575261173E-02  1.4935979623457163E-02  2.5361497485742617E-03 -1.6342692035569199E-02  1.3357248309720179E-02
 -2.8192640348782629E-02  4.5238195699698978E-03  7.4996350376279497E-02 -1.8351426148070202E+00 -1.1107299008601586E-02 -6.5932170652566536E-03
  3.0627278981739010E-02 -3.0472413813356046E-02 -4.7405904265165791E-02 -5.2374831159730951E-03 -3.6322332744623598E-01  1.7420441795523818E+00
  5.0401091859444169E-01  2.9704415664040439E-02 -2.7760459541237686E-01 -3.3133435780297921E-01  5.1592774567755084E-01 -4.4748947984601930E+00
 -7.4848630176228570E-01 -2.8359237572068881E-02  2.8363493012042496E-01  4.2594897293380035E-01 -2.3848807443067307E-01  1.4595477061949541E-01
  3.0903005349460631E-02  1.3323495474782185E-01 -1.7066035680713584E-01  1.2465163045120456E-01 -4.4357039924042940E-02 -1.5995722189684089E-01
  6.5827304886979787E-01  3.5854848898685128E-02 -1.0154944536737580E-01  5.6930943920499910E-02  3.8340188630219443E-02 -2.9490687274039300E-02
  7.6974499197803206E-02  3.6807241449352233E-02  1.5768339827815026E-01 -1.3725306925712974E-01 -2.2647444217246689E-02  1.1837836391980071E-02
  1.3732174114905270E-04  2.7151564266233724E-01 -7.1767077943428750E-02 -3.9115368092086772E-01  2.8760967513381456E-03 -4.8342440364572952E-03
 -6.3005033733281424E-02 -4.1203822946673789E-02 -1.3530912292043146E-01  1.2129253233429038E-01 -2.0959137247929978E-02  7.7670257546422553E-03
  1.5854273291414665E-02  2.5382308803647499E-02
ORDER     2 BLOCK     4
 -1.1346613507107361E+00 -5.3083866621816800E-01 -5.8585975774188692E-01  6.7713628558622396E-01  8.2096287221603170E-02 -5.1986010359722135E-01
  1.7586289029001170E+00  6.1625923924581050E-02  1.1483253736367474E+00 -1.8577315639718162E+00  1.4300866379190846E+00 -7.2938100889204704E-01
 -4.0315724662787134E-01  7.0754813764605806E-01  5.0417671088304605E-01  2.5534772396879308E+00 -1.3299572283835464E+00  7.9000605666027557E-01
  2.6850075168091743E+00  9.3496518855329491E-01 -5.0503119120289708E-01 -2.3090988083670738E+00 -1.9693054990930963E+00 -3.4186853220470779E+00
 -1.0231981178221234E+00  5.8610001841239490E-01 -1.9226185179304227E+00 -1.6578686797469447E-02 -5.8956667437392074E-01 -1.7908143224438103E-01
  1.9570427583552565E+00 -8.9074819291058516E-01  2.8143264057084165E+00  1.1753293697442047E+00 -1.7884069156045697E+00  4.6571816638327157E-01
 -3.7755835759488821E-01 -9.2425703590597708E-01  2.4785067732777395E+00  2.6828981990526241E-01 -6.5440792572442741E-01  1.4061571699162836E+00
 -7.4477583667797731E-01  9.9541757154868693E-01  6.4321359531348976E-01 -2.4011803081249257E+00  6.5489465012639869E-01 -1.4384507331979142E+00
  2.8370009276379615E-01 -7.4994208083401004E-01  5.4351864687632823E-01  4.0547011727826460E-01 -1.9792946114759687E-02  1.3821445016190597E+00
  4.0873268077500063E-01  1.3962635563819028E+00 -6.5367403576793315E-01 -3.9672737457467599E-01  7.9926927536445369E-01 -1.5160210021007021E+00
 -3.0673860946588594E-01  1.4361878042868240E-01  1.2497875944839931E+00  2.7938708733644513E-01  1.6866062233580901E+00  1.4402613030094077E-01
 -2.8277669604097089E-01  2.8934154648997268E-01 -6.3500660133642825E-03 -1.1567549526169471E-01 -9.3202306957478692E-02 -7.9310253216605828E-02
  5.3435334390897316E-01 -4.4104098961830129E-01  3.6931319159082120E-02  1.6842355223990746E-01  6.4710091317737750E-02  2.6467053228037013E-01
 -5.0258923701722447E-01  4.4979153185989051E-01  5.7312804531443794E-02  1.2839217907136294E-01  3.2475441049848991E-01 -1.8551082517320329E-02
 -5.7995032665393564E-01 -6.2177422861902906E-02 -3.5464684827785531E-01 -2.2743173667923741E-01 -9.5371114281805405E-02 -7.7279523983260776E-03
  4.9856135057786189E-04 -5.7676475452984621E-01  1.9434915315101758E-02 -6.8613388330702529E-01  6.0798711881945466E-01  2.8211577600109859E-03
  1.3552941433295977E+00  3.7270962991319845E+00  4.4378633471795137E+00  9.2633992624258727E+00 -2.8052336836330296E+00  2.5258639706793423E-01
  1.0251880101322060E+00 -1.3026614102785457E+01  1.9663980282586866E+00 -2.7585476921734625E-01 -1.2429351618689526E+00  1.1881048143088924E+00
 -2.5764309178686040E+00 -8.2067441466167637E-02 -1.8655177931745581E-01 -2.1660962218172661E-01 -4.0341663788385800E+00 -1.4260103360690759E+00
 -1.4096129599369434E+00  3.3080135139946565E-01 -4.1644028381468234E-01  6.3411969912262589E-01  5.5859489077492501E+00  2.2291238316674220E+00
  1.6312675206876865E+00 -4.0017039871448529E-01  7.8059023934945093E-01  1.1424786822096884E+00  4.8117240520155136E-01  3.4550877178177763E-01
 -3.7875658825839231E-01  6.3810139675432614E-02  1.8726118118766047E-01 -4.7624114301941423E-01  1.6152639266457491E-01 -7.3560003417072106E-01
  1.1311984169226876E+00 -5.9877188314962471E-01  7.2396297232616580E-01  5.1376460042620087E-01 -1.5750056803297603E+00  3.1268631221487686E-01
 -6.4792478230016104E-01 -5.8029750912536482E-01  4.0232779803764346E-01 -4.1246769887421465E-02  8.7418585860540618E-02 -2.1729112267883117E+00
  1.2509978372746852E-01 -4.8305517143410198E-01 -6.6900748297046608E-01  9.0776682859952329E-02 -2.1465003202625191E-01 -9.4607927891125099E-02
 -5.6307660763637979E-01  1.1054535379587613E+00  1.0197367742602563E+00 -2.4838065616218868E-01 -1.8067793438781485E-01  1.1261488549349589E-01
  7.8242376243740797E-01 -5.1926178252231101E-02 -3.5266493166210605E-01  1.8226738136523494E-03  2.8040660817719770E-01 -9.3478300187446392E-02
  9.2942587636426544E-02  2.1036715287294330E+00  1.4224053075779317E-01 -8.5509589846028389E-01  1.1411860293203498E-01 -7.0928737832062286E-02
  2.5504111227797249E-01 -3.0764436082995540E-02  5.9581843104537968E-01 -5.6021212189374427E-03  3.2586104445731463E-02  1.3168700090592583E-01
 -3.6019041551427300E-01  4.7017060705804976E-02 -1.8945530565056841E+00  9.7946698222742636E-04 -4.2638232808330470E-02  2.5873627361761679E-02
 -5.6097754288234790E-02  1.8323842249358634E-03  1.7788716590236252E-02 -2.4231777536967054E-02 -5.5795641419259636E-03 -7.5157260335644321E-02
 -8.7360453687506598E-02 -2.8481404863120615E-02  1.5111640519544238E-02  2.7019312215121656E-04  8.1208884814850973E-02 -1.7257193035708665E-01
  8.6250188124346083E-01  1.3882113705712293E-01 -2.5877427946595061E-01  2.4634018137922492E-01 -1.1504014671740614E+00 -1.6766386872804859E-01
  7.5024859461735671E-01  1.3916966325907401E-01  1.0415872093953227E-01  3.5111108767276245E-02 -9.4306104945878322E-02 -1.2001374317208750E-01
  2.0906505281036869E-01 -2.9516531686570414E-02  1.0058913917180350E-02  7.7743624689100510E-01  4.1709931977008485E-01  1.1496209707687251E-01
 -4.9952253964405674E-01 -9.5991047914811001E-01  1.0189461529470645E-01 -2.9899505699809298E-01  2.1702048208441205E-01  2.1919014703940615E-01
  2.3939107105373401E+00 -1.1243426721399151E-01 -6.2739881311182477E-01 -4.3622151866948916E-01 -1.7205940521019383E-02  2.3852504572589503E-01
  1.2489614944629650E-01  5.9292602851868645E-02  2.6939896529327961E-02 -1.8490669159969653E+00  4.0565669037372010E-01 -4.2145998382312533E-01
  1.1230887362516431E+00 -1.6992988500011432E-02 -2.4614901493051439E-01  2.5570884291915457E+00 -5.5296307908571307E-01  7.0063556678189143E-01
 -2.0486096324105318E+00  1.0182063754938230E-02  3.5735022943725403E-01 -1.2263654007778027E+00 -3.3330922909848744E-02 -9.1437138063889159E-02
  1.2691147410810091E-01  2.0873038025820242E-02 -1.2559542685669134E-01  3.1356314241960709E-01 -6.1437562617411612E-01  1.4886937859349722E-01
  6.7632408091693699E-02 -4.2829288358161466E-01 -2.4418034354823204E-01  5.8389420505647171E-03  2.6253941017556298E-01 -2.3416646729943497E-02
  5.1367816973122316E-01 -1.0317946514549154E+00 -9.7401625142619374E-04 -2.5637667573881595E+00 -8.5515625119392102E-01  1.4505635248332154E+00
  1.2444761933776903E-01 -1.2579815289970753E+00 -4.2917510030406686E-01 -2.7185117527972263E-01 -1.5887632715550690E-01 -5.1521618404360103E-01
 -1.3743991487973553E+00 -4.3577070911964451E-02 -4.8022381317703512E-02 -4.2096376880599737E-02 -2.2272297598318389E-01 -8.2580642539539784E-02
 -2.2145459270340936E-01  3.1485300224058616E-01 -9.9881552796193360E-02 -1.0631481957818335E-01 -4.0232776612710969E-01 -8.3486831260079886E-02
  2.7633295722092881E-02 -4.6501264486535754E-01  1.8454027125252057E-01  1.4272243822212594E-01  2.2648726144346885E+00  8.0733897441375588E-02
 -2.7914444558415661E-02  1.2518884025488687E-02  1.2125146734998461E-02 -2.4933881319685589E-02  1.4865875655075267E-02 -2.5363328012487801E-03
 -6.5466691790271193E-03 -2.6249313963334173E-02 -1.6328737104121072E-02  2.9396971481763609E-02 -3.6771080670784294E-02  3.1503682867817552E-02
  7.8158165630684076E-03 -1.4884509899403644E+00 -8.7549717199785666E-03  1.8573212394713746E-02  1.1051879491009706E-01  1.8730875313912676E-01
 -1.5126028220712065E-01  2.3910042020390720E-02 -6.6891937369712343E-02  3.5399562381687208E+00 -2.2975608501749364E-01  3.5783095279199345E-01
 -1.4879024731678059E-01  3.2996939665742436E-02 -2.4398116989214989E-03 -9.9271403012961397E+00  2.9851559127156541E-01 -5.3185385498838023E-01
  1.9260882626807679E-01 -3.7530249697155252E-02  9.2588041242362182E-02 -5.7522034256726529E-02 -1.4901456110356986E-01  7.0535171913397157E-02
 -1.4861706824505607E-02  4.3111599934449801E-03  3.2965411401862550E-02 -3.3350844995853657E-01 -8.7671526034522829E-02 -1.6398022115667273E-02
 -3.1141493440469462E-02  1.1501245701228309E+00  2.6914969890728929E-02 -3.4912747602059001E-02 -6.8088971857927033E-02  5.2330133757497392E-02
  1.0651152292303152E-01 -5.2405711770902107E-02  6.3815217623827539E-02  4.8180487915397818E-03  2.3673374445970636E-02 -2.0082456834461840E-01
 -6.8334438801000852E+00 -1.6385703069802797E-02 -5.0947767876479352E-02  3.9504604860514142E-01  1.8742550222055186E+01  5.0666691850373639E-02
  5.1828906018619621E-02  1.2415143261857370E-01 -6.8101249281310727E-02  8.5494110660685012E-03 -1.7849000538818866E-01  1.2617783425241652E-01
 -2.8362237675104227E+00  1.4877867225166683E-02 -1.4795240660613725E-02  2.0271690755174755E-02  1.5328832745170533E-03 -6.5817207156637747E-02
 -9.8697407707597981E-02 -9.8253792411804181E-03  2.5119120108432424E-03
ORDER     2 BLOCK     5
  1.5784043428937500E-01 -1.4907718875252539E-03  7.1226394086506084E-01 -1.9510587651012363E+00 -1.7745056414908276E+00 -1.2882791793178294E+00
 -1.2309066457350637E+00  8.8343830248329258E-02 -6.7765215264128675E-01 -5.4243062570528522E-01  1.6580632614033002E+00 -2.7340115339372828E-01
 -1.4106860795236772E-01  5.2737268651885855E-02  1.0285668707673712E-01 -1.6251899581559499E+00  3.6641079005413308E+00  1.7841687964403523E+00
  1.4086404452874854E+00 -9.6735983569916684E-01  9.8232568828522060E-01  1.9052667927003393E+00 -2.1406346470851632E+00  2.5123316471833776E+00
  2.8409856280242938E+00  1.0915799780972586E+00  2.3815459885209216E+00 -2.3971845856551606E-02  3.1314117920221013E-01  5.6747570418204174E-01
 -6.3270581585967678E+00 -1.5149038326305841E+00 -4.1127000649478713E+00  1.9546316025188810E+00 -1.7427930139466248E+00  3.2787563128767205E-01
 -1.6058324422244338E-01 -4.7670959624006066E+00  2.2567652653382790E+00 -4.0151388247275949E-01 -3.2063787909372041E+00 -1.0642313876251148E+00
  4.9723404003855803E-02  8.5220196666275028E-01  4.5764739413645028E+00  1.2736283640056258E+00 -6.9047724473714905E-02 -1.4065681511480121E+00
 -1.0318696150807185E+00  7.0150039587391033E-01 -1.3446882913235840E+00  8.3313419532247379E-01  1.7103070034963772E+00  2.9162511966749410E-01
  4.6124011163236729E-02 -1.5962401047693164E+00  2.3338425275931951E+00 -1.2276877116251192E+00 -2.3483222078049373E+00 -2.3452347946718863E-01
 -1.0146248323619905E-01  6.2110838997872519E-01 -9.4545665592735206E-01  2.5616128206744576E-01  1.2201752210334080E+00 -2.3519454987492711E-02
 -1.6076615489855528E-01 -4.9155004074060737E-01 -3.8419447276278426E-02  3.2085757958120846E-02  1.2571895439034933E-01  1.8340592090787658E-01
  1.4695231064273839E-01  6.4941642287928292E-01  2.4234331962943185E-02 -4.1027244589676312E-02 -9.2852779015606415E-02 -3.5393355115994773E-01
  4.0067652847344326E-01 -2.0118700417338126E-01  3.7290441623302868E-02  4.5989741464760432E-02 -2.6146291770522384E-01  1.2781650165804656E-01
  2.6052629037108227E-01 -1.1538384226008815E-01 -1.8835245466675785E-01  1.5060411413109428E-02 -2.4241352413582228E-02 -3.5329946009014183E-03
 -4.2805507825765344E-04 -1.0633630745155445E+00 -5.4398294749265783E-03 -2.4689738509551367E+00  1.8432549027197109E+00 -2.0885198070054352E-02
  1.6356072032476068E+00 -1.6190048206829470E+00 -1.2733813751767002E+00 -2.9952784268266810E+00  2.0479429214494975E+00  1.9077023546319569E-01
  7.2161780819802138E-02  3.6703123736820009E+00 -2.4468654186307113E+00 -3.0671246438192090E-01 -1.9661498174514958E-01 -4.0056668722393068E-01
 -2.8576618191140835E-01  2.3719832199727636E-01 -8.0264295323914603E-01 -6.4319814056056845E+00  3.1064648296049961E+00 -2.4619529242018254E+00
  8.5156564801194690E-01  3.5854393725749423E-01  8.6785303685286141E-01  7.9105931345596261E+00 -3.2898980528238733E+00  3.5439018590573630E+00
 -6.5073606421077212E-01 -3.6374571456539356E-01 -7.1877190846456573E-01  7.7900521942462986E-01 -1.5287125471258318E+00  1.0431274579180634E+00
 -9.8005904777009697E-02  1.7473181081633637E-01 -8.6313018197920865E-02 -6.6544446824533743E-01  1.0489748933833375E-02 -2.5711071266115898E-01
  3.5360586303026253E-01 -1.4356469049121583E+00 -6.1026419273622279E-01  5.2800728225141413E-01 -4.5760989431660731E-01  3.6155994036984835E+00
  4.9044459645987609E-01 -5.3075220443186255E-01 -4.2518261625602899E-01  5.2687895716753452E-01 -1.5351032000964060E-01  1.0450551197393183E+00
 -4.8811988113010775E-02  5.6358671480937295E-01 -1.4866830277040155E-01 -4.5001712051729020E-01  1.1901916926429394E-01 -3.4904405295983926E-01
 -7.8925118735695549E-02  1.4971406003910519E+00  3.4735006543386127E-01  6.6021136761732047E-01 -5.7914343704976701E-01  3.0657174374461021E-01
 -5.1150088017090867E-01  1.3633412689917401E-01 -2.0762643462754243E-01 -4.3252516975372753E-02  1.7146061352402017E-01 -4.5170557367772549E-02
 -2.8495794663963320E-01 -1.3494519068141071E+00 -2.4552499417865192E+00  2.6813154408422983E+00  6.0299335815113070E-02  2.3734919246357949E-01
 -6.3739386082147909E-01  7.6310261837816196E-02 -1.7694581451748623E-01 -3.9119942011353916E-02 -2.4738209062856627E-02 -2.9693326427564282E-01
  8.0088795422319103E-01 -6.2835459095636398E-02  3.0538277784063833E-01  3.7699597574842522E-02  2.3736799709641675E-02  9.2285940075802597E-02
 -6.7619716666176485E-02 -4.7482098949134105E-02  2.3469273058588499E-03  8.7218617841743635E-03 -1.2969432154813672E-02  3.0429228956509218E-02
 -2.2424618894107524E-02  4.1979811996190858E-02  3.7597736091187751E-02  8.0058429811386639E-02 -2.5361942697518502E-01  3.8252911558616112E-02
 -6.4273023656261613E-02 -4.4489776216425757E-03 -6.8157575146351135E-01 -2.8144530886525763E-02  2.7139923465685129E-02  5.7951981959611775E-03
  2.3596247121997300E+00 -2.2685356442192963E-02  4.8244000980629052E-02  2.2982772439963158E-03 -8.8099164798955583E-03  2.2810087532601383E-02
 -6.0575270622470000E-02  1.3005762532834968E-02  1.4524033880577287E-02 -9.6094389105999722E-01 -3.4753702509063950E-01  2.7926317256556049E-01
  9.1244311749656359E-01  1.3250086344409941E+00 -9.0422227597506355E-01 -4.2994863566234903E-01 -1.8659396190045594E+00 -2.7417182663400739E-02
 -4.6871942269459527E-01 -5.3593291226747503E-04 -3.7487989515638132E-01 -9.9980633558378135E-02  5.9334838064707289E-02 -2.3425559562692042E-01
  1.1067369346342384E-01  2.2008091873700689E-02 -3.1215626558916909E-01 -3.2696822800559860E-01 -1.3307451981977306E-01 -2.1125825689202199E-01
  4.6590183976907029E-01  7.7619539173277935E-02 -4.3961571321114801E-01  4.4115105017862233E-01  1.8034315804122145E-01  3.4275621428615755E-01
 -1.2744837720201376E+00 -9.2601909518901973E-02 -3.4351614957523469E-01 -2.4928726764763523E-01  4.7914674166918372E-02  1.2351920101728497E-03
 -1.2602089605185454E-02 -1.1973411536624146E-02  2.2635058849779160E-01 -1.5202212311591834E-01 -2.0767977330474935E-01 -2.9926997883007216E-02
  1.1113806276452697E-01 -8.6691314214894677E-02 -4.0562360201686694E-02 -5.0679364415880104E-03 -5.2906007896551567E-03 -2.8544731370026481E-03
  1.4363919326640875E+00  1.0320293057708700E+00 -2.0376231601488948E-01 -7.6958296715310515E-01 -2.0373472407854485E+00 -1.3063902881057192E+00
  1.5531974518428673E-01 -1.0091815631287919E+00  1.6191776566466784E-01 -6.2597727246858392E-01  5.6409043131456282E-02 -1.5199308006100506E-01
  7.7688002551065483E-01  3.6953518524455836E-01  2.1445047805930767E-01 -2.1712265192813412E-02  5.6038099258655294E-01  3.5488436150977028E-02
  6.0574999368379817E-02  1.4870520504660750E-01 -2.2024697814330013E-01  1.3111503839291613E-01  1.7066045821276610E+00 -1.7077208892046641E-02
 -1.9202656904746949E-02 -2.0101713865514936E-01  2.7135605817815106E-01 -1.9485060203274612E-01 -7.0928626215249047E+00  1.3026710684335191E-02
  2.0081288397089204E-02 -2.9554267461256611E-02  6.1842891020197438E-02 -2.5902004460106400E-02  8.4645688794699799E-03 -1.2539770613589601E-02
 -1.3957998734466163E-03  5.5354018224484554E-02 -5.2197922473662367E-02 -1.1388466079405876E-02  6.5676650907887553E-03  4.4856817107093980E-02
 -1.2908680903749464E-01 -3.5493553105522668E-01 -5.8952476831618025E-03 -1.7331771165713871E-03  1.5473538774072469E-03 -8.6170716936655664E-03
  3.3215506870364342E-03 -1.4419017092844051E-03 -3.3127784671306837E-01  8.3777646735640978E+00 -1.2447061034619784E-01  1.9274107164655949E-01
  4.1293340163064809E-02  1.2653288640321528E-01  4.6322605264341077E-01 -2.2832333210642378E+01  1.4478203016812127E-01 -2.6398438220370857E-01
 -5.0786377097313963E-02 -1.4748070519872400E-01 -1.9203859472897725E-01 -3.0359836739982604E-01  4.4783713795675889E-01  3.9153488045047750E-02
 -5.5533619403762231E-02 -2.0199230551016849E-02 -1.5937575048659117E-02 -5.2879487649115253E-01  1.6590217390421177E-01 -4.2243866149232673E-02
 -9.6547247063468608E-02  6.1215714166290347E+00  1.8820004035962932E-02  8.4087189474904740E-03  1.2173086073377385E-02  5.1113755174897668E-03
  4.0658691309092892E-03  7.2378136651174672E-03  4.8345943480311002E-02 -4.5976940190748392E-03 -5.2050076679968187E-03 -5.6978495134087159E-01
  2.7195588845755925E+00  1.6298243718360567E-01  1.8470404411142224E-01  8.0885361098399544E-01 -7.2293892979149463E+00 -1.9266790925656932E-01
 -3.2842784062229524E-01 -6.6889968032764049E-02  4.7419511877934711E-01 -2.8589818427566711E-02 -4.1866253565446521E-01 -1.6052944908915062E-01
  2.0032720646805622E+00 -6.9443188510111206E-02 -7.0440840984527962E-03  5.7195931063881955E-05  1.3912123055057983E-02  1.1668099897998597E-02
 -8.7301513903637482E-02  1.9599054047783816E-02  6.9171329093246593E-03
ORDER     2 BLOCK     6
 -1.3472124317374208E+00  7.0948245748366001E-01  2.1413055782535899E+00 -4.9321689818597947E-01  4.0583707134177133E-01  7.7679697362045969E-03
 -4.6706332906809100E-01 -6.7275403823596307E-03  1.3446611816593854E-02  4.6087626863713926E-04 -2.3343337823196114E-02 -1.4463098705639246E-03
  4.7455618522667768E-03  2.4757266071707626E-03 -9.8312028322648644E+00 -6.5669149804493399E-01  1.2788454050546520E+01  1.3512049012464575E+00
  5.9254447498786800E-01 -7.5169121701638109E-01 -3.4721727078148734E-01  8.3605268828975348E+00  4.9035213694433155E+00 -4.0232261088402179E+00
  1.3007688074604908E+00  1.2158637875002531E-01 -3.9404878856087233E-02 -1.1548760698423935E+01 -7.2895134634184524E+00  7.0318268429183508E+00
 -2.9234727028954999E+00 -8.2889884937850489E-01 -3.5934642599778410E-02 -6.0456890050145573E-01  3.1739934222142724E-01 -1.4506498446590856E+00
  3.5224747050053301E-01 -8.5704687569599991E-01  6.6378349123420916E-02  1.0021267272845713E+00  2.0367988315184054E+00 -8.5882833603586617E-03
 -1.4900310608307854E+00 -1.5258441980141441E-01 -1.3768319670605731E+00 -5.9610274510635763E-01 -7.6125986539003010E-01 -1.0550975055446504E-02
 -3.5860047535423880E+00  1.8499686439359579E+00  5.2484916920369096E-01  8.2056598285134841E-03  5.2087348273206595E-04 -1.4410007859095526E-02
 -4.6528563293470812E-02 -1.2585971105460583E-01 -1.7725996524905058E-01 -6.9044295766926223E-02  3.1713875607184167E-01  3.2779875888270396E-03
  1.8112302339046360E-01  2.8697783508767244E-01  1.4803958463150266E-01 -9.0138485262327372E-02 -2.6484553299404859E-02 -4.4093694740323036E-05
 -1.4007516333514791E-01  2.4097508716186808E-02 -9.8430677056522142E-02 -2.8536062000715978E-01  3.4914258691900665E-04  3.5882449678102613E-02
  3.8538800900260983E-01  7.4691041937680880E-01 -1.5569286846945926E-01
ORDER     2 BLOCK     7
 -3.1007865526876688E+00  5.9983132036849591E+00  4.2674851255593393E-02  1.2883969572350726E+00  4.2533686312315764E+00 -8.5117991265728943E+00
 -3.2877718362176123E-01 -1.8846671918700635E+00  3.1524136763922161E-01 -3.7864350573538158E-01 -4.6409220539169094E-01  6.5069051732687079E-03
  1.0785470690614635E-02 -1.2321912820039539E-02  1.0676804052008304E-02  7.3386274406386171E-03 -1.2851422515921553E-02  2.4359752902791573E-02
 -2.1600443631817158E-02 -2.3751251461006227E-02  2.6831383125831745E-02  5.1906055604460282E-03 -4.8976244364681198E-01  2.7108453289496515E+00
  7.8275846037894470E-01 -2.2975422017399665E+00  2.2736732892710987E-01 -3.8594586424431312E+00 -1.6730496623468945E+00  3.4465776590257673E+00
 -5.4828624612540566E-01  2.8016240358682047E+00 -2.5926522475146174E-01 -1.1382068579502571E+00 -4.1579402356758717E+00  5.3764940082670583E+00
 -1.1662819927434145E+00  1.9337984244932316E-01  7.0730333662206035E-01  1.7254180304804128E+00  5.9224780869956195E+00 -6.7036261951868568E+00
  2.3506213428109088E+00  3.1879466752760467E-02 -1.8857739710329611E+00  9.0082143815142568E-01 -1.9583459606287767E+00 -1.1080678441557550E+00
 -3.0668438966669279E-02  4.3819253937389047E-01 -1.0638007136152772E-01 -2.1739985304040959E+00  2.3694647079168109E-02 -5.7979530087006653E-02
  3.4310617460326032E-01  1.1188857167053785E+00  8.4106620174229270E-03  2.1662068252991018E-01  8.6169759665819046E-01 -4.3775054636021615E-01
  1.2752517005472732E+00  1.2148297132470665E-02  8.1955994482934480E-01  1.2287242943694756E+00 -7.2267370529969388E-01  8.3714707137994369E-03
 -3.8579915520949415E-01 -7.1940846111883450E-02  6.0329178414885787E-01 -4.3729154108339649E-02  1.3879621836575566E-06 -2.3395074384165465E-02
  8.5288448648870738E-02  8.5850531825591325E-02  5.8993518129114866E-02  1.1534264314187414E-03 -7.8966632004633733E-02  1.3454010784292189E-01
  5.2228388757680190E-02  8.3892180536402523E-03 -1.0510082334580763E-01  1.3262172004406522E-01  2.2352266100434776E-01 -7.9612906940824480E-04
  1.2630951229668777E-01  3.0955263722367232E-01  5.2027181162899061E-02  4.3925968706493584E-01  7.8972409082060657E-03  8.0512076436487401E-01
 -3.3332823366434872E-01  3.6593014722015781E-02  3.3117330420468567E-04  4.5331292325372190E-02  1.7726416885380920E-02  8.1311242348505262E-03
 -1.9943364938687164E-01  1.4416417996505600E-03 -9.4819977609298930E-02  4.7818886824716189E-03 -1.3186109531675635E-02  2.3296661070406649E-01
 -2.7011139240480462E-03  2.1022543913131631E-01 -6.5588322526285298E-02
ORDER     2 BLOCK     8
 -2.6994309298973618E+00 -3.5626873693896377E-01 -5.2189155264998179E+00 -1.3378290542847289E+00  1.6359017827953765E-01  3.9997615120210326E+00
  3.8919376827698682E+00  1.3456507101387334E+00 -5.5358646277046356E-02  2.7100152978259602E+00 -6.3419216798301070E-01  8.2277946779035896E-02
  1.2030896306216989E-01  1.0874498843092395E+00  3.5845101668406704E-01  6.8515307395463321E+00 -1.4118310348873235E+00 -5.7430370618656754E+00
 -6.9880050010944768E+00  5.7876206518941826E+00  1.1462473009346910E-01 -5.1432101636425136E+00  8.1301332616724054E-01 -7.3404031140009032E+00
  1.6113840693471515E+00 -3.4901284096190737E+00 -9.2477257118545015E+00  2.2318342181713408E-01  1.6814535298778732E-01  3.2396621875292747E-01
  3.4191999134767481E-01  4.9873782313527144E+00  1.1868436413086833E+01 -4.3886414244777301E+00  8.3879802489875266E-01 -2.3298377140172377E-01
  2.7952891950419105E-02  1.0792588011486934E+01 -1.1008852053896212E+00 -1.0303798849061266E-01  5.8188176175708000E+00 -1.1503667768788990E+00
  5.9043704287241650E-01 -4.2092814182531813E-01 -8.1090719693647149E+00  1.9894903668878265E+00 -4.7420851281724696E-01  9.0973166482373347E-01
  6.3448903321517947E-01  1.0806260312005227E+00 -2.5476612026263292E+00 -1.1696284934526926E+00 -1.0310085292306290E+00 -7.2145130585080375E-01
  1.7163301494519417E-01 -7.4041001616083424E-01  3.1116109407366377E+00  1.4592589328379937E+00  3.3720352024334757E+00  7.5543563989483820E-01
 -1.6204290499469740E-01 -1.6015714971970718E-01  3.9061448530646931E-01 -3.9551053346782405E-01 -2.2427475848657719E+00 -2.0909891052634597E+00
  1.8508208778087476E+00  6.5821296883222979E-01 -1.5385859528127532E-01  1.1298748937503844E-01 -5.7329312521201541E-02  2.5862933492463775E+00
 -2.3338199987977508E+00 -9.0810225196759609E-01 -8.2073782617141738E-02 -1.0784987434243835E-01  2.4130140104244586E-02  1.8700403725897485E-02
  2.0575669366867824E-01  1.7866627791767947E-01 -1.8513881916698491E-01  8.5385024659073577E-02 -1.3353801664326401E+00 -2.4345214022828371E-01
  2.1335529266157458E+00  1.3397764080112357E-01 -2.9528218739626692E-02  9.9688079856958017E-02  5.4782295671661235E-02 -3.1861056714560416E-02
 -2.1727546929650919E-05 -3.4484955544065110E-01 -1.6814221335306412E-02 -1.3925953855307585E+00 -4.5353385175075935E+00  9.3962685599554459E-03
 -4.7305425092319442E-01 -1.2349454749568642E+01 -5.5519916581132671E+00  6.3433114462386503E-02 -4.4881708065204187E+00  2.5008997664867716E-01
 -9.8611998262669109E-01  3.8286870066739936E-01  6.4357713783341550E+00 -2.0477853527042170E-01  1.0390032899696413E+00 -7.8618592158675971E-01
  1.4042063044070385E+00 -1.8460135356536331E-01  2.6627245220773543E-01  1.4216284525964493E+01 -6.9479336050468579E+00 -3.6167401749498098E+00
  5.9031693475560632E-01 -8.0871728831544309E-01  6.0573336830286380E-02 -1.8874862604436764E+01  8.7496181155129236E+00  5.2579197496014825E+00
 -1.0965057532712847E+00  4.3833863557110653E-01  8.7408314222672437E-02 -5.5839348619266060E-01  5.1085509882022440E-01 -1.0705617393754554E+00
 -2.3137090993374018E-01 -3.6882791129324077E-02  1.2341429000064871E-02 -5.2361570464679770E-02 -1.7832850562324756E-01  6.6133541309883270E-01
 -1.7629114889327044E+00 -2.6841084846027705E+00  1.1364067369433002E+00 -2.3893464553509958E-01  2.1157071014433364E+00  6.7161009476872628E+00
 -2.4990394100388129E+00  2.6881391265318755E-01 -1.4495210499030944E-01 -5.3835441150753160E-01  7.9884648079160250E-02 -7.6875585543454694E-01
 -6.4542216727257595E-01 -2.8328606116625963E+00  5.6180745680905109E-01 -5.6332147242279629E-01 -1.3002420205392269E+00  7.3043810487011596E-01
 -1.7564513746341437E+00  7.3539251091870153E+00 -9.2721401232655853E-01  4.6494815426749214E-01  3.0183908065653080E+00 -7.2569445360653162E-01
  2.2004674819190533E+00  4.5303867060635017E-01  6.3778317618775959E-01 -6.7650715975900166E-01 -7.9283487089550142E-01  5.5306228577730832E-01
  2.5565562356232391E-02  1.6489229454999337E+00  4.1250159358034306E+00 -2.7644529026140523E+00 -3.7165061771588542E-01 -1.0659421913615836E+00
  8.9788446947434730E-01 -8.7142180459019547E-01  3.0800022762804455E-02  6.1860541126120515E-02 -4.3636679674086840E-02  1.5535014508396090E+00
 -1.1672263393832047E+00  1.2204671355168322E+00  3.2636490356669079E-01 -1.1325911219431443E-01  4.0323966608725552E-02  2.7168031834278794E-02
  1.0303930414059280E-01 -6.0342084623461550E-02 -4.3152233331277941E-02  7.3693068111527454E-02  2.2384072134623616E-02 -2.3552051744370486E-02
  9.7156806169960055E-03 -1.4722079384840178E-01 -1.5417918690669632E-01 -2.0307415748699451E-01  2.5794490805058612E-01  8.5869837940651741E-02
  1.5534161905947665E-02  1.3272633137173015E-02  1.9049480570691293E+00 -3.6307428973804579E-01 -1.8605479376259500E-02 -7.2399680368836011E-02
 -4.9166613612964536E+00  1.9896583360570270E-02 -1.3925562277843884E-01  4.4979082044716436E-02  2.8100613322708679E-03 -6.1620045582783986E-02
  4.0116156897009217E-02 -1.2208436060338786E-01 -2.4618915333253933E-02  1.2643948164189993E+00  8.8282159392680359E-01 -3.8019047299131019E-02
  4.2073009518403544E-02 -1.7299626037591931E+00 -4.7685169411938111E-01  5.0009711038197530E-03 -2.6475389030322422E-01  4.0155501386766400E-02
  1.6839046456666421E-01 -3.6542192695593743E-02  4.6952659834954674E-01 -5.8238763757860756E-01 -4.0417175599981370E-01  2.7321016675034915E-01
  2.4870615014138675E-03  2.2993450330827923E-02 -2.6828200393348001E-01  1.4172587188464401E+00 -9.2160247277603846E-01  1.8371354207933593E-01
 -6.1898495500842499E-01 -1.1262503899440199E-01 -8.5199625412601843E-01 -1.9917197772862556E+00  1.2514854828855937E+00 -1.1720129382513045E-01
  1.2987558831127139E+00  1.1960740584726910E-01 -2.7118743206072032E-01 -6.1544776658523738E-02  5.6896374017625810E-02 -1.2411897429298203E-01
  1.1674408930807047E-01  3.7355252712119925E-03 -8.3872336884712545E-02  9.9052657397919497E-01 -7.0897715001593009E-01 -2.5238181130267584E-01
 -2.7528106589443374E-01  3.9073883133009263E-01  1.5591293642089959E-01 -7.7208104902891206E-02  1.8414937029732137E-01 -4.7276683745713149E-03
 -1.8322600116999361E+00  2.7747588937486085E-02  5.6757937797988378E-02 -5.3540733850153299E-01  2.1932912825454220E+00 -4.5204485272545669E-02
 -5.1653402279652719E-02  2.1161185442342294E+00  3.6018020165824682E-01  5.4930997323242081E-02  2.0244389823747708E-01 -1.2696117827050760E-01
 -7.7312298347734498E-01 -2.9687118947735214E-01 -6.0696265106451797E-01  7.8514197365914501E-02 -3.5936536989047185E-01  1.3926105111592169E-01
 -3.7920858214661712E-01 -2.6976666902243790E-01  4.7376556372409007E-01  8.4981562563259158E-02 -1.7855361654194184E+00  1.3659699530905547E-01
 -2.1574718564067299E-02  3.1168027414100424E-01 -5.8545421749273485E-01 -1.4551147484116381E-01  6.7182742742740045E+00 -1.1564929868327667E-01
  2.3001516192975014E-02  2.0680733935431041E-02  8.0410336685129938E-02  5.4070725793099801E-02 -3.8842570560967932E-02  9.5345569148543655E-03
 -9.9802678322397070E-03 -3.5131338937631029E-01  2.4568203171021546E-01  1.7842479960583119E-01 -1.1712660408694675E-02 -1.1657297726109452E-01
  1.5420471770969718E-01  9.3089865450071640E-01  5.2590642277360966E-04 -1.2710135193009911E-02 -5.9410161284344308E-02 -4.0562643964862262E-02
  3.4173617879430185E-02 -1.7468285636958771E-02  3.2441355061296417E-01  2.3162687349062963E+00  7.3753388082192853E-02  5.1944823003699370E-01
  2.5502552126577133E-01 -1.4682686335582770E-01 -4.0889394193438927E-01 -6.6931201604415271E+00 -1.0026595230754398E-01 -9.0026054582312054E-01
 -2.9213703722218215E-01  1.5903310128679948E-01  1.0492109062925161E+00 -7.3907351324376216E-02 -8.1799385136458638E-02  5.8838021660871022E-02
  2.3542874661105932E-02 -2.6063437871654289E-02 -2.7482184003982973E-01 -3.9753030362944176E-02  9.6531358114651730E-02 -1.7036961219385395E-02
  1.2173124110464599E-01  5.3431469696118503E+00  4.5098401549743657E-02 -4.2533216529535241E-02  7.3625267003367911E-02 -6.6969558909141885E-02
  6.8657716304015111E-03 -7.8690966706969345E-03 -2.9292547807086167E-01  4.7118661206698478E-04 -2.0656061222869396E-02  1.8603586308699252E-01
  5.3278381660209035E+00 -3.4704299243069203E-01  1.0452403341956901E-01 -4.3766536883726048E-01 -1.4334843268826861E+01  4.8478080217697017E-01
 -8.6732543434522816E-02 -3.2265807325441925E-01  4.4731983638382745E-02 -7.5692558423937101E-02 -3.5369031895433042E-02 -2.2037199443734512E-01
  4.4369515109257360E+00  3.9044102582402672E-02 -1.1572340744968536E-01 -1.7239982833797754E-02 -7.6300904007883100E-02  8.0320385961267338E-02
  7.0451099434509085E-02 -1.1225600881736747E-02 -4.1024829661567466E-02
ORDER     2 BLOCK     9
 -4.4603332130235201E-01  6.0158934898930374E+00  7.3492397840448775E-01  2.0641977935287232E+00  2.2188012137219535E+00  4.7375945859478241E-01
  2.0906628338659443E+00 -2.1579503331377961E+00  7.1607100503256738E-01 -1.9958328677621107E+00 -7.1609301626741013E+00 -2.6189511922126756E+00
  2.9334987775522898E+00 -3.9712032388604839E+00 -4.7001281815391245E+00 -4.9055476964255114E+00  5.5380401226347074E+00 -4.8909494510651040E-02
 -1.2638604484952263E+00  2.7306902589739210E-02  8.7303347074971310E-02 -2.1345591765383566E-02  2.7489161953810983E+00  7.5169198603069942E-01
  1.8471554353014259E+00 -9.4233501536117381E-01 -5.0061896942763262E+00  4.5861654995110932E+00  9.4796559446764466E+00 -4.3127526181711699E+00
 -1.7694249878054371E+00  3.8419866197845065E-01  2.2894225544289357E+00 -6.0195897027330603E-01  2.9739125990997528E+00  1.6713010698465975E+00
 -3.1815279160407846E+00 -8.6065900750633053E-03  2.9355965959391128E-01 -7.1117678833120546E-01 -4.0624956388711260E+00 -2.3503365464948320E+00
  4.6212694556511922E+00  6.0024624712507324E-01 -5.6864587353347618E-01  3.4086554367410132E-01  1.0750148219356169E-01 -1.9199675205793354E-01
  7.9565641530402897E-01  3.4079488549872211E-01 -2.0831776993818600E+00  1.7561914805860274E-01 -1.5480186179331520E-01 -3.0826026681101615E-01
 -8.6928339763510587E-01 -3.8571542572500278E-01  3.5269260407492444E+00 -2.0862773787547034E-01  1.7940903872693842E-01  8.0803674282146065E-01
 -2.5589604106978390E-02 -2.9134731730335117E-01 -5.2308480195783782E-02  3.3387020334617337E-02  5.5712193678996236E-01 -3.5351036549078008E+00
  1.8494453280183984E-01  1.1974296623560730E-01 -9.0925446771076823E-01  4.7829588638988509E+00 -2.0671411676955995E-01 -2.1795368959622399E-01
 -2.7691182309656664E-01 -2.2689161344801070E-01  1.0320906834659485E-01  6.7942780379452183E-01  4.6041296024733102E-03 -6.9748406878154201E-01
  1.0063771062810241E+00  3.1625876807342892E+00  7.3749114483114009E-01 -4.0091677205710949E+00 -1.0575314070821651E+00 -2.3794454475168758E-02
  5.7457098793145034E-02 -3.4796101192750856E-01 -2.3578663068611947E+00 -2.3307923460778897E+00  1.3720948801341408E+00 -1.5257579793579662E-01
 -9.9048626541691487E-01 -5.1454315328053635E-01  3.2791330685328099E+00  3.1789645286964250E+00 -1.3015855027227663E+00 -2.8494908550531489E-01
  8.8611893063492431E-01 -5.3402401733302607E-01 -4.3279349559992047E-01  1.9116180544111810E-01 -1.5330501153027516E+00  3.3012321700329800E-01
  3.6215112205105915E-01 -5.0633494740265003E-02  4.1153970498553888E-01 -9.5024769475514681E-01  4.4589949436107270E+00 -1.3850293636078426E+00
 -6.0121882560194120E+00  1.2602768103963076E+00 -9.9891094666409275E-01 -1.1842672957934368E-01 -1.2926909067270476E+00  9.4521347941166886E-02
 -1.5290135847693671E+00 -2.0991517350798303E+00  2.3202009411427964E+00 -1.3370434886533595E+00 -3.7649760766503132E-01  4.0878140912905586E-01
  2.0539007700448262E+00  3.0016497522937318E+00 -2.5535206565856838E+00  1.4252039789122475E+00  1.7007197989610920E-01 -1.1526102755535377E+00
 -5.0708420147799016E-01  4.8304476575985239E-01 -3.9726352110552865E-01  4.7105335180553171E-01 -7.9043820394475633E-02 -7.5552551925818737E-02
  1.4453784392258731E+00 -6.3593483104436765E-01  8.4577892412351849E-02  9.1645201749293415E-01  7.7131287605586984E-01  7.3170177140311610E-01
 -2.4311212813902711E-01  2.9473266193979458E-01  4.5107368311141607E-02 -2.5217420422133052E-01 -1.0139348595042734E+00 -9.6850073237023016E-01
  2.5353020272469934E-01 -1.2357673221857228E+00 -3.7615320440263562E-02  3.4111956128339460E-01  7.8172162053821617E-02 -2.6102696613271501E-02
 -1.3997422128080720E-02 -1.7745346372783483E-02 -2.3487982043690552E-02 -4.8665078819527148E-02  1.7561969598011578E-02 -2.1287336040643090E-02
  1.1807164351482337E-01 -1.2558558080806093E-01  1.9858670556926925E-01  2.5086923593580723E-01 -2.9078873233325264E-01 -5.3191967997309901E-02
  2.2352781280564529E-01  3.5880630153191269E-02 -6.2559401046040145E-02 -3.4671259819625905E-02 -3.6865331808353857E-02  1.5409748000496881E-01
 -2.3071368097904704E-01  2.4908817855021160E-03 -3.3689194379451443E-01  1.2310793308135379E-01  4.3920834094243622E-01 -2.2638096496912197E-01
  1.4757982778531691E+00 -9.3089942093558475E-02 -2.7245863380925703E-02  3.1784681760652816E-01 -1.4562157325247443E-01  1.1317200693987820E-02
  1.9385890010494642E+00 -7.2915377148447658E-01  1.0215313327580509E+00 -5.5850506354929760E-02  5.4003095844740301E-01  2.5903532761317973E+00
  1.6625045347432843E-01  1.0243315899703926E+00 -1.3979305557968387E+00  1.2886164016857030E-01 -1.3012994554029367E+00 -4.2154412151018432E+00
  2.6332252376451615E-01 -4.5525635269007630E-01  6.2043464734704186E-02  1.2026589862866836E-01 -3.3195399861906789E-02  6.2017637633045554E-02
  5.4114809577917622E-01 -1.1684365397367733E+00 -8.2544379169485177E-02  2.1740141675966990E-01 -1.8073403191375273E-01 -1.7980998292551942E-01
 -1.7930274290720738E-01 -9.9354030893112743E-03  4.0067146620146527E-01  5.1592992647561328E-03 -3.1278228727524765E-01 -1.9710964118289634E-01
 -1.2306035103448180E-02  2.9135131887384480E-01  1.7466945675181753E-01 -5.4695891748904608E-02 -1.1147295721378332E-01  2.2045854507103094E-01
 -4.3055628526439821E-01  1.3462547117763202E-02  2.2197864056570202E-01  7.8426835109564630E-01 -8.2143213414656704E-02  2.9318820948058977E-01
 -1.5646857586379995E-01  2.9014868107161196E-02 -6.6476396668958770E-02 -1.1164300453209208E+00  6.9187741605916037E-02 -3.0364229204578691E-01
 -9.5040776807082838E-01 -3.1910507768735337E-02  6.2045616269159720E-02 -1.4575970705193016E-02  1.0256973249461102E-01 -4.6770977272365483E-02
 -7.9563793154274181E-03  6.2756900999208639E-04  2.7291992639177677E-02  3.0625717818600084E-02  8.8510004509496865E-02  1.2210459909247430E-01
  1.4170292931625347E-01  1.4820491594792864E-01 -9.0991145194031620E-02 -1.1741053325737241E+00  1.8291930921992022E-02 -3.2951841452360950E-02
  2.9555661601763726E-02  1.7050554987979855E-01 -1.8359280563477218E-02 -3.0568986427108358E-02 -7.3829916557693803E-02  2.0567195199078139E+00
  9.5514244126421954E-01 -2.1128518399062893E-01  9.5308200611622970E-02  6.6811538836470896E-02  7.1772584593789407E-02 -6.1573435945914055E+00
 -1.4140570508476937E+00  3.0890188120511441E-01 -1.0262471563359149E-01 -2.1091104986597331E-01  3.1578153348988997E-01  7.8496738140332700E-02
 -7.6496834883474507E-01  2.0183026284255688E-02  6.9289848130593912E-02 -5.3651067543521985E-03  2.4600720576621252E-01 -7.1006174846993633E-02
 -8.9571948432168952E-02  7.2194995260646710E-02 -7.5710290171108308E-02  2.3926358441349942E+00  5.4256166875594281E-03 -2.2937429036551361E-02
 -1.7050100006453760E-02  1.9204922059618417E-02  3.2065323161359453E-02  1.0783048629303719E-01  1.5777650072583738E-02 -8.5022934471447528E-03
 -6.8278304499921658E-02  7.3040111135180397E-01  2.0295598367504875E-01 -9.4027689823990146E-01 -2.3290600760123317E-01 -7.3111576046797563E-02
  1.6055656402378354E-02 -6.6822529139728293E-03  1.6732555162954466E-01  2.4257158090136069E-01 -4.1834545688815392E-04 -3.9107876820221833E-03
 -1.0889755423395651E-02  5.6404270683998803E-03
ORDER     2 BLOCK    10
  6.3865675362551200E-01 -1.3673262932615666E+00  3.5265221988273776E-01  4.8051758725584737E-01  3.5090598653651561E+00  5.5252421096163851E-01
 -2.4725691694593803E+00 -1.2240855953713039E+00 -5.3496177382679810E-01  1.4370039873104814E+00  1.7759923031743465E+00  1.1455275906878164E+00
  4.8980075896649711E-01 -1.3477447400891332E-01  1.3559022608155729E+00  2.2024762456162903E+00 -7.0394311733079453E+00 -6.3460807439666689E-01
 -1.7276664351365558E+00  8.0625392813357433E-01 -2.3738790182573533E-01  1.9586136020019580E+00 -2.4880415624864991E+00 -5.7499550397340462E+00
 -5.8520850358483516E+00 -1.2967595169949775E+00  3.5583409098014460E+00 -3.1965657133109604E-01  2.8758474322356464E-01 -1.4601376963780484E+00
  1.1227864469590248E+01  1.6525329254640615E+00 -1.3160084159859149E+00 -2.9545966291610770E+00 -2.6779209971023294E+00 -1.4482075202595925E+00
  4.8507107441785470E-02  4.0760825690972684E+00  3.7585718502304624E+00  1.9042112124206030E+00 -1.7748200918846877E+00  2.6042129276178111E-01
 -5.2804919187912602E-01 -1.0898934632481285E+00  2.6407145123402058E+00 -8.3627325767049288E-01  8.2855650016133453E-01  2.4210373449734859E+00
  3.1752484229785227E-01 -1.6946987228517862E+00 -6.5843301773467433E-01  1.3155436238821718E+00 -7.7043517504596837E-01  2.9356517664592530E-01
  1.8536065951057967E-01  2.3910451439062372E+00  1.3477388233168330E+00 -1.6303741973972861E+00 -6.6865623083403225E-01 -5.9976907474602603E-01
 -4.1371049960546455E-02 -2.1615640916998680E-02  4.5771071671208874E-01  7.4420224878392971E-01  6.9320307758534061E-01  1.1592369009165815E+00
 -7.6873672492615142E-01 -3.0043203710570236E-02 -1.2549716289137153E-01 -2.0003510999479665E-01 -4.8801047771810865E-02 -1.3994680489127325E+00
  8.5616592154397653E-01 -2.2821120800788255E-01  3.2321308677935101E-01  1.9849360717902664E-01  6.2082339240707309E-02  1.1303090173621720E-01
  1.7065182953341456E-02  6.2694536504082368E-02  1.0791859094086270E-01  2.1092537895723018E-02  8.5083288258996448E-01 -2.5367099769641660E-02
 -1.3453358995600988E+00  1.1175150071716718E-01  4.0104399340642881E-02 -1.7060807970903363E-01  2.2182457300921922E-02  2.3973968456744418E-02
  3.8136410438145967E-04  9.7109676623646357E-01  1.6040842516294247E-02  9.0178182220879344E-01  1.7351130228646745E+00  4.8259475557850678E-03
  8.9021816922111885E-01  5.7757060177074564E+00  3.4214143741559795E+00 -7.6964612506973795E-01  7.4929029862340346E-01 -1.0039172621719825E+00
 -6.3427259924971918E-02  7.4840957613734249E-01 -1.4802151813591915E+00  1.4659162181835288E+00  6.7493734684350248E-01  5.6806279094909173E-01
 -6.9694799645802441E-01  2.3545240302520262E-01  6.7712149686968515E-01 -5.4662937363184927E+00  4.3087247550674362E-02  3.9908480584840222E+00
  3.5124757690072245E-01 -3.2515916945556311E-01  2.0225646758165147E-01  7.8072409719340952E+00  6.4510208097318844E-01 -4.9790848324714760E+00
 -3.1988565805965230E-01  6.4992417691280524E-01 -8.0287646354977926E-02  8.6584470666920585E-02 -9.5021039343726477E-01 -8.3330875277470781E-02
  2.1236355990931644E-01  1.0698184571095549E-01  2.0787986291448821E-01  5.7888093334034929E-01  1.1390334331430949E+00 -8.2781075347836530E-01
  1.7598435547084923E+00 -5.9200128088074022E-01 -1.7994930701484679E+00  4.0012197330348931E-01 -2.3807121436556864E+00  2.2354750783683919E+00
  2.8653433416893828E+00 -5.7384109040949272E-01 -2.7383154005295590E-01  5.4160939345015813E-01 -2.0939162337956027E-01 -8.1662247847912828E-01
  2.1058512405939935E+00  1.6948287610152024E-01 -9.9695454380993709E-01  5.4067792934356318E-01 -9.6547299521319213E-02  3.2773783082883379E-01
  2.9441378108293592E-01  1.1670444551868815E+00  1.3067182092381224E+00 -7.0467033905114240E-01 -8.2875632236452257E-01 -5.1176358881992057E-01
 -3.8628109401116945E-01 -7.4044604500044311E-02 -2.4906667727199183E-01 -4.2084843163050245E-01  3.7281741616316194E-01 -1.7092590087330620E-01
 -6.9409801692051631E-02 -5.6607063530395474E-01 -6.6764104409258196E-01  3.1036433372601951E-01  2.4026739387302040E-01 -8.2519410175120697E-02
 -1.8283572468337583E-01  2.7058884358033009E-01 -1.7463276655436841E-01 -7.3582697620280298E-03  5.7363312322440720E-02  7.8277582324967149E-02
  2.2279059952824803E-01 -4.4967725107419815E-01  2.8092713688859483E-01  4.1013640699356389E-02 -4.6812422116034785E-02 -3.5105305236448732E-02
 -1.7752262772812451E-02  4.8349182276144716E-02  5.8076727566372208E-02 -3.1351196314337512E-02  2.0733346442919635E-02  3.5760228702452171E-02
 -1.0073006973286562E-01 -1.5419331900481259E-01  2.1729642603572487E-03 -2.8334755499840825E-02 -8.9440219195335888E-02  2.1064967189798198E-02
  1.8259212140723841E-01  4.6866976198694989E-02 -1.1758457614294080E+00  5.5283706145372903E-02 -2.5156896388006966E-01 -2.0220416560152599E-02
  3.5952787022212571E+00  4.0877233497064756E-02  4.4734512595323940E-02 -3.5435433167344155E-02  3.9129726152518605E-02  1.2019977224689711E-01
  4.1323725499694548E-02  7.7401399090920781E-02  5.1535867284436578E-03  1.4811572555403302E-01 -4.9245087866731752E-01 -6.9956498382326496E-02
  1.9024300989732193E-01 -2.6410617984959922E-01 -3.0230494226315774E-01  1.9967701275914798E-01 -4.7236465666884386E-01 -1.3812395012210774E-01
  7.2993116159296578E-01  1.1650658750108342E-01  3.1117511300191658E-01 -3.5945782658051151E-01  1.4906135363947393E-01  4.0521924698960654E-02
 -7.1522042169619257E-02  4.7484636351630641E-03 -2.4499102229042491E-01 -1.3710200136352710E+00  1.2151343168867703E+00 -9.1826771388835687E-02
 -8.1408927765260292E-02  1.0720789987726784E-01  3.5660880845323750E-01  1.9081373347135091E+00 -1.6466191348998405E+00 -2.1886427186140270E-02
  5.9659626730685311E-01 -1.2544147371557773E-01 -4.6130731525412477E-01 -8.2148413026103451E-01 -1.5245697870944427E-01  1.2519708651727771E-01
 -8.1880734358038845E-02  3.2953904861981208E-02 -6.0191694664524842E-01 -2.1845848924794964E-01  1.7382341010217410E+00  3.5515679719050147E-01
  1.7243781659772400E-01 -4.2791345724843832E-01 -1.3674858812977991E-01  7.2633089816030713E-02 -1.7850261017504399E-01  1.1937430528044104E-02
 -1.6458920286025730E-01 -2.7509024122649844E-01  2.2310357773379315E-02  4.1834621865038633E-02  8.0137757731473094E-02  5.4822442522640635E-01
 -1.1385176661748904E-01 -7.3806878149317945E-01 -2.6011874826968295E-01 -3.0738497478810034E-01 -5.4363466703539122E-02  3.5177372192648709E-01
  8.8339570446030080E-01  1.1992434294127756E-01 -5.2239113962714571E-02  1.1655607687173946E-02  1.0017191518527198E+00 -8.7337995761794379E-02
  3.2294366803286612E-01  5.7316526198364803E-01 -2.9883153839627585E-01  1.8548608775056030E-01  5.2517759457280266E-01  4.5156876646255993E-03
  2.2402289426854696E-02 -7.8457175644909338E-01  2.3577687793463079E-01 -3.2827485602425482E-01 -2.3730715313127293E+00 -2.2395206534868792E-02
 -2.4223042493505959E-02 -9.1669489026175263E-02 -6.2133054842838601E-03 -5.7138895497898336E-02  1.4112075306106090E-02 -3.5275227225085256E-03
  3.7587563957393964E-03  1.2624879284488683E-01 -6.8431714457120013E-02 -1.4332952486205489E-01 -3.3366005371071789E-02  1.2265167766486476E-01
 -2.1551644012904253E-01 -5.7931837871535130E-01  5.8728508514512305E-03  1.1966025047345466E-02  1.2082120523565706E-02  1.4288100076869019E-03
  1.9815754722124497E-02 -2.1321249817148277E-02 -5.3493929907967808E-02 -4.1029212825700716E+00  8.2123157818098635E-01 -4.8785370761663623E-02
 -9.2886209888060775E-02 -8.3350422317745362E-03  1.2864526477633453E-02  1.1081950376440863E+01 -1.1687094351179448E+00  1.3237611511947817E-01
  1.2951590693246517E-01  2.5539988351855104E-02 -3.2763551132033947E-01 -1.0148850906214213E-01 -1.5467884841228549E-01 -2.5933007728652337E-02
  6.8254030035424129E-02 -8.9935109471468849E-02 -3.8933195886599598E-01  5.9462504027524232E-01 -1.5569360634674947E-01  2.2311446204688659E-01
 -7.7397827976621120E-02  2.5806029930991792E+00  1.0284741890775939E-02 -3.8602717277768907E-02 -6.5888575924427747E-02  3.2416268806285668E-02
  4.0344821350957759E-02  2.8186234728647161E-02  6.0274759258216945E-02  4.9034536195916691E-03  1.5053433365047601E-02 -4.9195164673968367E-02
 -2.0302554859348128E+00 -5.9486342113934637E-02  1.5120997398197061E-01  2.3464495222236104E-01  5.1615513751324933E+00 -1.4526568857306129E-02
 -3.4193543182744007E-01  1.6674717527626043E-01 -1.1672255818923448E-01  5.8082497892616623E-02  6.6486516185358968E-01 -1.3418991949238124E-01
  1.2693817781162795E+00  3.9489396713813144E-02  2.6936197072179195E-02  4.6021722160968599E-03  5.3716421110573787E-02 -4.0867357773823873E-02
  5.9617152470649387E-02 -6.4991360910989877E-03  2.2300850662209444E-02
