SURFGEN.GLOBAL Hd COEFFICIENTS FILE V:2.8.8
high order tester                                                                                                                                                                                                                                              
ORDER
    2
COEFFICIENTS
ORDER     0 BLOCK     1
  1.8113821568324259E-01
ORDER     0 BLOCK     4
  1.2974869197733269E-01
ORDER     0 BLOCK     5
  5.1746248910157708E-02
ORDER     0 BLOCK     8
 -3.6923515031664550E-01
ORDER     0 BLOCK    10
  1.2898488862134672E-01
ORDER     1 BLOCK     1
 -5.1580410751801531E-01 -1.1096542878035163E+00  5.0136668506534443E-01 -2.5017310733392608E+00  1.3410165585546090E+00  1.8381383248299721E+00
 -2.7153058434268327E+00  5.9669269271706975E+00  4.0589327251471857E-01  6.6772022946724352E-01 -8.0157050434010974E-02 -6.1165004833854497E-01
  1.6389972079018431E-01 -2.2405108455189002E-01  1.0499519223071513E-01 -1.2127649445045184E-01  3.6908028847655830E-02  1.0182370685730265E-01
  2.1587750838102732E-02 -4.7909720158040087E-01 -4.5537462396086009E-01  8.8442312315686622E-01 -3.1667374979298879E+00
ORDER     1 BLOCK     2
  1.1142639340127376E-01  5.3850579460751795E-03  2.0799725523654400E-01  6.5402913582125144E-01
ORDER     1 BLOCK     3
 -2.7126733522330309E+00  9.6919054710012065E-01  5.2594847586548097E+00 -2.2549887705300895E+00 -5.0236106376096368E-01 -6.0364157572956177E-02
 -8.9731278966040121E-02 -2.4526458188357978E+00  3.8852833072236315E-01 -1.7972839032690030E-01 -3.2685706403960219E-01  1.0635236767392167E+00
  4.7648943715430825E-02
ORDER     1 BLOCK     4
 -8.3716290852857062E-02 -5.0442285716690471E-01  8.5168788462141920E-01 -3.0518284391644066E+00  7.3596884910589022E-01  3.6018041627594632E-01
 -2.1567733560757194E+00  2.6420899386290126E+00  4.2472346246682885E-01  2.2185479882163708E-01 -1.4409497038104757E-01 -9.6371082727828683E-01
 -3.5041333536141356E-01 -2.0034691408683855E-01  1.6319298282229788E-01 -9.9790913894834021E-02  8.9535765910030665E-02 -2.7060447591961678E-01
  2.7157131210670826E-01 -3.5986639135251736E-01  9.1043759019436798E-01 -6.3216880284387011E-01  1.5013968445219257E+00
ORDER     1 BLOCK     5
  1.8315450302605218E-01 -1.0980195271809787E+00  4.9787055378195444E-01 -1.3387863769202470E+00 -5.2392687891957712E-01  3.0169201334135689E+00
 -7.8148848471876020E-01  1.6421410640142404E+00  1.3518828255292561E+00 -5.0616679407116816E-01  5.4043333668364182E-02  4.7716449215233497E-01
  5.5791569419740150E-01  6.2522557143262089E-02 -2.1796493448791812E-01  1.1849679931792713E-01  2.0111080995324768E-01  1.6752138926334229E-01
  2.2818969574858607E-02 -8.8585241679688742E-01  2.5452963378325000E-01 -3.0829127609472722E+00 -6.1955984779178097E-01
ORDER     1 BLOCK     6
 -1.2670947433243529E+00
ORDER     1 BLOCK     7
 -8.3328017948939431E-02 -8.6861475967184437E-03 -4.6188585027178242E-01  1.5597922043038082E-01
ORDER     1 BLOCK     8
 -2.1169133880106177E+00 -1.1865833878015546E+00 -5.7093749797817672E-02  2.1237531641555329E+00  7.3226053879842112E+00  6.0378956993432418E+00
 -2.6136926416081749E+00 -3.5624607476300576E+00 -1.9144937402608198E+00 -1.6546873455390385E-01  2.1162716747650842E-02  2.9543656872531288E-01
 -5.1532427875117637E-01  6.0523728505499474E-01  4.6653188044705379E-01  3.3522202643026805E-01 -1.2268364223629506E-02 -1.5752720556108626E-01
  1.1009473678936846E-01  9.9354609533401839E-01 -4.9218227138048726E-01 -2.4196013798049893E+00 -1.4549038218501540E+00
ORDER     1 BLOCK     9
 -1.1084487401430556E+00  9.0389558827251471E-01  2.5719534900360852E+00 -2.2181102080469648E+00 -2.0217926655814328E-01 -1.2930534208052488E-01
  7.5601935013543031E-01  6.0147213023667900E-01  1.1489352564789559E-01 -3.4959554643995205E-01 -3.0925704971314044E-01  6.1828249683876324E-01
 -1.3180415883712153E+00
ORDER     1 BLOCK    10
 -1.0891313298363714E+00 -1.9330205279549844E+00 -7.3948260590525006E-01 -9.0252831758690699E-01  1.4364598631960668E+00  3.0274576058813660E+00
  3.9379202291947837E+00  9.7936517630704123E-01 -4.2034579584096199E-01  7.3922594210024573E-01  4.9954534435262918E-02 -2.9397126378294666E-02
  5.1037134071419965E-01 -2.8259049504979106E-01 -2.5749932407347781E-01 -2.1857219990007715E-02  1.4270770731920271E-01 -7.2261257857901398E-02
 -7.8172253089320271E-02 -3.2003921710097910E-01  3.2354310410226372E-01 -7.7845913229447461E-01 -6.4563291580662419E-01
ORDER     2 BLOCK     1
 -1.4559681538865059E+00  1.2450768801373995E+00 -1.2102439220093407E-01  8.7974207016174089E-01  4.7076276797978123E-01 -1.3449119067851492E+00
 -2.9971582750457060E-01  1.4078962177854066E+00 -2.7151523049455020E-02 -1.3840817706147457E+00  1.7503018368067100E-01  3.3385149565662064E-01
 -1.7917859727034666E+00  9.4635173336136302E-01 -1.4311982516160580E+00 -1.4510511514992825E+00  1.3495254315402707E+00  1.9047874001815899E+00
  2.7209554208247884E+00  5.8052901197384821E-01 -4.4965577894380815E-01  9.7210372663414191E-01 -5.0826911104016126E-01  1.7837795869719830E+00
 -6.4562329861948486E-01  1.4818206270585916E+00  1.9857092734551927E+00  5.8011965558778145E-01  2.1243512808501633E-01 -1.2664836032692905E+00
 -2.4628198984571412E+00 -2.0694656402043319E+00 -4.2167094957342952E+00  2.4159616034720144E+00 -6.1179388161155916E-03 -2.4735948518512763E-01
 -7.4554033060053349E-01 -4.3342795013864492E+00  2.4358364064762281E-01  1.2507351982047279E+00 -1.4047760102749842E+00 -1.0120886516539439E-02
 -3.7500791145876892E-02  3.2271421538361572E-01  1.7510794611550307E+00  3.8027349355196732E-01 -1.5309846057626125E-01 -8.4273029240340980E-01
  3.4373201276673793E-01  4.7907777863608508E-01  3.0065696164132916E-01  3.1109585634032094E-01  3.5402264299513414E-01  4.5155709906627883E-01
 -2.3346486207039474E-01 -7.9446759623399743E-01 -2.2533729494802382E-01 -1.8532428318194702E-01  9.3788880023379304E-02 -3.1702878070711693E-01
  2.1945668320451456E-01 -2.7898722639064577E-01  6.9344589195518169E-01 -2.7772971087534831E-01 -3.4530722942749399E-02  6.6618666566770723E-01
 -7.6701119318296929E-01  3.0116704358902097E-01  2.9328946176868605E-02 -3.8994931224795630E-02  1.4188779526163872E-01 -1.0342181736964371E+00
  1.1021512138917908E+00 -2.1546277436786918E-01 -2.6053216047730029E-02  5.4670758053089498E-02 -1.9490305589788845E-01  3.1633806695148162E-02
 -3.1516261515001592E-01 -1.5011055230338627E-01  8.6091760456385849E-02 -5.1861567496812706E-02  1.3416731857455029E+00 -4.6761928888436020E-02
 -2.0341875876859188E+00  2.2075946898668763E-02 -3.6169378687372758E-02  5.1019126567664594E-02 -4.0974782915259023E-02  3.3133102983365229E-03
 -2.7876440101663573E-05 -1.3079936095919036E+00  3.4001187581770044E-02  2.0852656682585189E+00  1.1972198645918513E+00 -2.2193298647998190E-02
 -1.6768864989467800E+00  1.2630953497197155E+00  1.5988251063610476E-01  4.2111227863814547E+00 -1.1356900380583694E+00 -1.6041257895251856E-01
  4.3822402020183676E-01 -5.4206302497626586E+00  9.1376605822548351E-01  2.4950614865338094E-01 -9.4643408688589969E-01  4.4212884467196101E-01
 -8.8310337403366412E-01 -1.1374825035846242E-01  6.8658280428916740E-01 -4.4107073503483468E-01 -7.2499802146757247E-02  1.7891545099745079E+00
 -7.0960906576831495E-01  8.9122787141480564E-01 -1.2419551778015927E+00  1.2033139430315218E+00 -1.1045634111039300E+00 -3.5614011849849820E+00
  1.2526035633087675E+00 -7.4420529362180099E-01  1.1952666851153746E+00 -2.0000876996068648E-01  4.9024991627921344E-01 -2.4098485728598629E-01
 -1.4489273780458298E-01  1.4196041770617593E-01  5.3344245400932921E-03  1.4893860720997984E-01  2.2538782793334425E-01  1.6109689471629693E-01
 -3.1331347122166109E-01  2.6675186157606723E-02  5.9417249829095808E-01 -1.5387949373300452E-01  5.9136234970708113E-01  2.4082730377634576E+00
 -7.5650704612844244E-01  8.1410007469145160E-02  4.0777530042663307E-01  3.7605744503320125E-02  2.3443550205930561E-01 -5.5714806828067576E-01
 -9.5966478921666043E-01 -7.7200785468446664E-01  3.7103772501455218E-01 -2.1216126431517229E-01  1.0050996089274327E+00 -1.6436337591652983E-01
  3.9521428699335115E-01  6.8571469363913873E-01 -5.8989732789770022E-01  4.1602799167526072E-01 -1.6669325387577556E+00  1.7022380707495377E-01
 -4.8314012987033361E-01 -2.7097094040804909E-01  8.0726697849954218E-02  2.9249437897196695E-01  8.9068522468290612E-02 -3.0625754523773008E-01
  2.8004159055615624E-01  9.7805955495666264E-01  5.1958481338733675E-01 -7.5969685277619547E-01  7.8409303802138522E-02  5.6421148111340269E-01
 -2.5442565655406890E-01  2.1577652530633801E-01 -1.4435478182640671E+00  5.6011189520031118E-02 -1.0530143776448734E-02 -7.8582119616555279E-01
  3.7272235011573357E-01 -2.9424222069175610E-01  3.6684326740406208E+00 -5.5335315897769868E-02 -1.6123988406829562E-02 -6.6346730219177252E-02
  1.0542347291818644E-02  4.1015341885175992E-02 -1.5960707626902330E-02 -6.6135960830440488E-02 -4.0468887553037521E-02 -8.2719427853960165E-02
  1.9683047652224703E-02  1.7880077316507417E-01  4.9131408779990907E-02  1.0933555640179254E-01 -1.3090703556686534E-02 -5.5217364802991352E-02
 -1.2002481659103618E-01 -6.7110768637141674E-02 -1.2093494825260413E-01  9.8033791119553099E-02  1.9521873738798182E-01  6.7827328045575355E-02
  8.3223651429050105E-01  1.6528665455278403E-02  3.0613095170039083E-02  8.9331835468884988E-03  6.2363798905093037E-03 -1.6254945011086413E-02
 -1.5273444918440116E-02  5.0731766962711809E-03  3.9918738777579808E-03 -4.9641059064307663E-01 -1.3000324921326439E-01 -2.1939524568875465E-01
 -3.5090736738631118E-01  7.0881342855143115E-01 -3.4100579512488505E-01  3.2239013867963956E-01  1.0665181032870474E+00 -9.7438961938106101E-03
  7.8082653698033966E-01 -5.7667650002418532E-02 -1.7898651275677022E-01  2.9939957028315739E-01  2.0785553470291951E-01 -1.3265574806148001E-01
 -1.8838098458806646E-01 -5.0409350642751762E-03  2.0398118547301286E-01  2.8299252204358416E-01 -6.0537209036596529E-01  1.7155121717962790E-01
  5.2633209321824892E-01 -1.8969310389537095E-01  4.0487011020463948E-01 -4.0816757008360960E-01  8.3966466217631142E-01 -2.4495148309782824E-01
 -9.2482179720561741E-01  2.7836986295990357E-01 -5.1824850740471373E-01  1.6885670528724204E+00 -1.2605942848203780E-01  6.1512687614473510E-02
 -5.3763110451133973E-02  5.3598293756166836E-02 -1.1359373250229572E-01 -3.7087496653777374E-01 -5.3965108203283352E-01 -1.0445196638298847E-01
  2.2048702149956453E-02  7.6348227556875675E-02  6.1850033936595238E-02  2.7675017876851719E-02 -1.8663587012050448E-01 -1.3392880516623379E-02
  1.0856567042471441E+00 -2.7611929143976632E-01  1.2078011721211573E-02 -1.4315978604336929E-01 -1.2821662190257033E+00 -4.6972133553927209E-02
 -2.0514923685459409E-02 -3.1212013678877453E+00  1.2424753239489942E-02  2.6103931263164382E-01 -5.9132690138681936E-02 -3.1870194901651405E-01
  4.0439878484353387E-01 -3.5239138530754410E-01  3.1815344226301817E-01 -5.2108720466041127E-02  3.9722008342301446E-01 -1.2220539783520752E-01
  5.0856385696104921E-02 -6.1333772592248918E-02  1.3924967720241513E-01 -1.3545470494914663E-01  9.9786273529149039E-01  9.8531721597130677E-03
  5.1593251499651348E-02  5.1506716845773563E-02 -1.1955800926591509E-01  2.2277857317709063E-01 -3.3349466602512168E+00 -1.3700413302292954E-02
 -5.2082897112292081E-02  4.5086529215629403E-02 -4.2067419219173410E-02 -1.7799472845714190E-02  1.9471203812931211E-02 -9.3623974592050123E-03
  4.3449719768237282E-03  9.6885577970209941E-02 -1.7837865055736246E-01 -1.8248286774857198E-01 -3.0107849975969662E-02 -4.6740109246131228E-02
  6.7389765053852677E-02  7.5925594131418783E-01 -6.5928299389933129E-04 -6.3567982355555771E-03 -8.5766459222784322E-02 -7.6080140650146122E-02
  9.8824663846430308E-02  2.6379469184435476E-02  1.7990436862557388E-01 -3.1615687763358618E+00 -6.6611862341093109E-01 -1.9971535922219700E-03
 -1.0274964399733755E-01 -1.0370559402487300E-01 -1.7755243486066188E-01  8.3473845501803581E+00  9.5535329883047926E-01  6.1652487123452594E-02
  1.2603412576224768E-01  1.3524689700035980E-01 -4.6670239741998587E-01  4.7327036622934311E-02 -1.3561934239435169E-01 -7.8342303138940125E-02
  3.4824642167912270E-02 -6.1680977732875890E-02  1.2653213679945532E-01 -1.4737761966260668E-01 -9.7283181183413392E-02 -1.0616714085685787E-01
  1.3673249846404231E-01 -1.6155799075583683E+00 -2.4544082546397908E-02  3.0590002152108074E-02 -1.1577089038958302E-02  1.2210944788255311E-03
 -2.1506657214911011E-02 -6.1958878947605944E-03 -7.9479163058192425E-03  9.6694735973890996E-03  2.2135027758829872E-03  4.7018565256163491E-01
  4.0818228594140153E+00  1.4207193331030346E-01 -2.4167753617451043E-01 -6.8052765423826600E-01 -1.1193816999725053E+01 -1.5500771980314482E-01
  3.4660957612777710E-01  1.4767963143195281E-02 -3.3496293465427728E-02  2.6124060626558896E-02 -9.0736306042694823E-02  1.8975566773968108E-01
  6.0069257915013585E+00  4.7142940115755955E-02  3.4038766545948777E-02  2.8760919254280652E-03  2.1385594784763141E-02 -3.9752864121102932E-02
 -3.0412842042020497E-02  1.4353336321581093E-02  9.4850465488524626E-05
ORDER     2 BLOCK     2
  2.0105632401354039E+00 -1.9754213262348348E+00 -1.7338645279535043E+00  8.3511571410620239E-02 -3.6568954637850277E+00  3.6340760011656648E+00
  1.6589129084577292E+00 -2.4808722113264459E-01  7.5269381226510376E-02  2.3574294296794823E-01  7.4054765284819313E-01 -5.3378743861617922E-02
  3.6017684607191465E-02 -1.8727729633250547E-03 -1.9290477874484898E-02  6.7986648892900653E-02 -4.4134852631525390E-02  6.2527758716959250E-04
  2.7098642743477681E-02  1.7997470973170011E-02 -1.4194580547771361E-03 -5.2943220665742979E-03 -5.1442347216014683E-01 -3.6601327747212165E-01
 -9.6180936290600760E-01 -2.4660768539054065E+00  5.4198923154535361E-01  1.0357370508409536E-01  1.2895711610225311E+00  2.8368866047710224E+00
 -1.2933586461965152E+00 -1.1170000006788823E+00  2.0886804163973600E-03 -1.7444346735727021E+00 -1.9226043261576895E+00 -9.1754360885651765E-01
 -1.3373941523741645E-01 -3.3179329080492487E-01  7.3008853004101237E-01  1.4618382791745277E+00  2.2272607872257995E+00  2.7275142328460760E+00
  1.9221935159708067E-01 -1.1681350022753258E-01 -6.6969987278497678E-01  9.9713413744870216E-01  1.6487708953145368E+00 -2.3782077205429483E-01
  2.8413924248150824E-01 -2.1833454138408040E-01  9.9411276201924220E-02  1.9231541888915531E+00 -1.6742756696829043E-02  8.7232599054274795E-01
  4.0452521794245094E-01 -2.2013677845802024E+00  5.6295212901227271E-02  2.1524309331658089E+00 -4.1184937858817744E-01 -1.3652359822057907E+00
 -3.7884365191318714E-01  1.1297984568286075E-02 -4.6954335388637564E-01  9.6416366298509815E-01 -2.0345251706767092E-01 -3.0536058690054358E-03
  1.2337756108884962E-01 -6.3225817987020638E-01  1.1578032632584054E+00 -4.3407784481682234E-02  1.9250591629352933E-03 -2.2890436934597188E-02
  1.2696777244813539E-02 -6.4121049430839960E-02 -2.1073080928658332E-02  1.1363775562184557E-03 -4.2037835632199247E-02  3.4663650850588958E-02
 -6.2650205761893091E-02 -1.8780604331785467E-02 -6.9798393720596497E-01  6.7851155786509465E-02 -1.4625144851785371E-01  2.0299488800203342E-02
  4.0650653589045133E-01 -1.0553130994825983E+00 -5.3933354845623938E-01 -4.1078399015886763E-01 -3.4692521334905558E-03 -6.6853711005858107E-01
  5.9010489228702068E-01  1.4734103125433726E-02  1.2451167571169550E-04  3.8548477447404146E-02 -1.4335041613381805E-01 -7.7800553041861092E-02
 -5.9604195123022612E-02 -6.0956310519018559E-03  1.0112760861923357E-01 -3.4220767394317669E-01  2.7698171223115864E-01 -1.4329435276365052E-01
  4.0529737612186867E-03 -6.1009237407087180E-01  2.4739567839296778E-01
ORDER     2 BLOCK     3
 -1.7948080704077425E+00 -4.3081889123463730E+00  3.9879538398008613E-01  1.9643169972407384E+00 -2.1895097612409639E-02 -6.8966536690528979E-01
 -4.5726682659870130E+00 -5.8908127423571539E+00  5.0901827566273039E-02  8.1502087808819523E-01  5.0497413020359829E+00 -2.9882378284490307E-01
  2.6366175535276435E+00  5.1448510128249101E+00  3.7114983873024645E+00  1.9824687423425182E+00 -2.8820088070682681E+00  7.3474333071861975E-01
 -2.0216363441200209E+00  4.5593249858013305E+00 -1.5485541117659476E-01  9.0414400470395603E-02  4.6217276549837445E+00 -2.1188788137179850E+00
  2.7079292200189724E+00 -1.2238768723795884E+01  5.5575257233212607E+00  6.5536664552001680E+00 -5.1017354484343809E+00 -5.3751507914499408E+00
 -7.6188926825984948E-01  2.6792636266219066E-01  1.3488503278604020E+00 -5.5012768446663640E-02 -2.2641468084430034E+00  1.7452868259636538E+00
  1.8936414244192863E+00  3.6803572739065421E-01 -8.5084170861743036E-01  1.2447171093066878E-01  3.5380250357816876E+00 -3.0890740880345593E+00
 -2.3041154432419999E+00 -9.0177560757993791E-01  9.9287782805187341E-01 -4.4591054723252882E-01  6.8985609266663617E-01  1.0206177125904610E+00
  5.4686047634708412E-01  1.6523956933138171E+00 -1.2479220545128624E+00 -8.1760799086675925E-02 -1.5237277012403680E-01 -8.6167813639817925E-01
 -7.7845094371036239E-01 -2.5752601793265337E+00  1.6240372953611519E+00  5.8439715454454505E-02  1.7489230800241498E-01  1.4215834867251653E+00
  3.2407649393339055E-01 -1.7226014859450831E-01 -2.8224568774666375E-01  1.0161645407681998E-01 -3.2867953213743570E-02  1.0139800825530356E+00
  2.4945887422881180E-03  1.5155148823367212E-01 -1.8742879165616694E-01 -1.3572144138866398E+00  1.4569918126778084E-01 -2.6808626911390726E-01
  1.0211472757948408E+00  1.3161522984964938E-01  2.3960068352710162E-01  1.1268185787864082E+00 -1.5022903574502942E-02 -1.9929858880945603E+00
  1.4201816600839474E+00 -4.8465475289300397E-01  4.5690883075313340E-02  7.3076081526848047E-01  9.9497387511082419E-02 -4.1091820761770098E-01
 -4.8906104633676360E-02 -2.4820733354127570E-03  2.4368296658579897E-01  1.2849749994954596E+00  4.4941098109300004E+00  2.7929628559955479E+00
  1.9583070973695310E-01  3.7093080094621178E-01  1.8202895189710862E-02 -1.4737179032265058E+00 -4.4130842452717163E+00 -2.7419349395847807E+00
 -5.7133034198983024E-01 -1.6332893899248058E+00 -1.3572628046652171E+00  1.1416277466661544E+00 -1.4754549269100801E+00  2.5457238798580700E-04
 -9.1528773402114461E-03  7.7430102774819418E-03  5.7653613617627153E-01 -5.8772737842888545E-01 -1.0392679620816960E+00  3.4955199633635935E-02
  1.7504556363904100E+00 -2.5579887017563219E-01  1.3610295716315993E-01 -5.8490025356473685E-01 -2.0700638712771474E-02  2.7476802714438171E+00
 -3.0013270164154098E+00 -6.1695478914602342E-01  1.2080185977200093E+00 -6.0981017456836095E-01 -1.4024515352763922E-01 -1.4379419862874225E+00
  5.8022747203796072E+00  9.5579193445394284E-01 -2.0908331236293045E+00  6.3478962261931615E-01  1.2175635647069960E-01  2.3190309698966174E+00
  6.0672055574226141E-02 -4.1937491117291126E-01 -1.6045285012163263E-01  1.2620256273421912E-01 -1.9664493277258099E-01 -1.7650128084776925E-01
  6.8405254941315025E-02  7.9017365505167803E-01 -6.6355734128468835E-01  2.2919356032414789E-01  4.8694074258289956E-02  9.3744187588707617E-01
 -4.5321227924597463E-01  3.4233214443134674E+00  2.2702769605066193E-02 -9.1695805270213242E-03  1.0346473648875467E-02 -1.2976554694771731E+00
  6.5338295117532275E-01 -9.2029079478358291E+00 -1.8054134689362157E-02  7.9021197286303732E-02 -2.8507653877505863E-04  1.0631317291094998E-01
 -1.0483997095485161E-01 -7.9704966048144171E-02  5.4996472744642533E-02 -1.5062087439682651E-02 -1.3701682667005710E-01  1.8819827090615065E-02
  3.3822492301003974E-02 -6.4265947738618032E-02 -1.1494650452254167E-02  1.6739736046347115E-01 -8.1431530307584221E-01 -1.0341427772850283E-01
  1.1916210275087866E+00  1.4167641915278778E-01  4.6677954266990992E-02  6.9381310548384201E-02  3.7066857962541014E-02 -9.3258726575903006E-02
 -1.4285266964537965E-01  1.1152393282808384E-02 -4.8733961029022549E-01 -1.2891371963676006E+00  8.4939900100613042E-01  2.1512430522945514E+00
 -1.9642986854912411E-01  2.3817047593683427E-01  3.2841588966633875E-02  5.1202350448804357E-01  2.6455747769955895E-01  3.0485424366979902E-02
 -2.1018349206495204E+00  3.4250416591425892E-01 -9.5020240104999165E-01  1.6244207939515700E+00 -1.5810327633588441E-02  3.9006838929266463E+00
 -2.2155282609389113E+00 -4.1497968058533169E-01  1.3053003908755920E+00 -2.6182830441483329E+00  5.1505169524808068E-03 -6.5229070414083843E+00
  3.1344923239322270E-01  2.5100422632635827E-01 -1.9747847950480968E-01 -1.1091300152818523E-01 -4.9913707489107915E-02 -5.8645356139423482E-02
 -2.6237313444497284E-01 -2.4012143445492922E+00  3.0487984301832965E-01 -3.5706870072834307E-01 -3.5861624346650273E-01  3.4359370005340190E-01
  3.4198311790971581E-01 -2.2388977370014169E-02  6.4284219470279347E-01  4.7678511319526355E-03 -2.8245077993068252E-01 -4.2899290607126689E-01
  3.8995707319881684E-01  1.7096465912266873E-01  7.8705693423911510E-02 -7.8227944019310396E-04  2.4703610495035602E-01 -1.5793688841233580E+00
 -7.0495348516420531E-02 -3.2477708502038176E-03  3.6682731521801315E-01 -1.9245061847265985E-01  9.7503097049357210E-02 -3.9895422419748838E-01
  3.7210199177978742E-01 -1.7205825880733858E-02  5.8227825332852187E-02  2.7201995260691797E-01 -9.5523359245320419E-02  5.8325941804298131E-01
 -1.1068636917225578E+00  5.5169080814278376E-03 -7.7937646858916049E-02 -5.9115700386053335E-02 -4.2026037783380703E-02 -5.9334630895734389E-02
  2.6756886589760671E-03 -9.9119887462021539E-03  1.3691196591476846E-02  4.7123767805519669E-02 -5.2109824397527876E-05  1.0511824233492773E-02
 -3.7089850899892730E-02  3.1325653575877102E-03  7.3051648041114386E-02 -2.1197109814289461E+00 -8.8908796695974096E-03 -5.5216038941966047E-03
  2.4734336621325965E-02 -4.8121942239554481E-02 -4.6049347809467484E-02 -4.9860163644290523E-03 -3.6849311941200230E-01  1.1688929338821599E+00
  5.1376683395751643E-01  5.3982175416537853E-02 -3.1740902477322974E-01 -4.1653581813420548E-01  5.3283657876728996E-01 -2.8924629786320866E+00
 -7.4770227756440777E-01 -5.7993751104054470E-02  3.3775463982736825E-01  5.4185001901443919E-01 -2.4014429350075123E-01  1.4843384504986043E-01
  1.4717912912492125E-02  1.3294620566659779E-01 -1.8277161721707827E-01  1.3145767725711932E-01 -2.9240006847226326E-02 -1.7703084415812764E-01
  7.0040897088721488E-01  4.2064664907813222E-02 -9.4986478610508240E-02  6.1087113282049188E-02  4.2721196714551969E-02 -4.3845434946653307E-02
  8.2908386374777238E-02  3.5068049987723178E-02  1.8959331329245502E-01 -1.6204497862045689E-01 -3.8103308012656191E-02  1.3736310646229445E-02
  4.9352923404522176E-03  2.9800174236840776E-01 -1.0659590930346954E-01 -4.2661664070376598E-01  4.3793247000438552E-02  2.2284051411368205E-04
 -5.5086419788645376E-02 -4.7401181581890418E-02 -1.1980878632902858E-01  1.3065437510518690E-01 -3.3613192930983055E-02  1.4312934106125288E-02
  1.2441070144481193E-02  3.1094107831808243E-02
ORDER     2 BLOCK     4
 -1.1182644334995362E+00 -4.9191211340083635E-01 -1.5184494942392032E-01  1.0132368547723138E+00  4.3065389380260076E-02 -7.8073810977329550E-01
  1.6471629703423485E+00  1.0425131890850145E-01  1.2556129032499823E+00 -1.9783562284883305E+00  1.3875949667652256E+00 -7.2127595794692045E-01
 -4.7341459634718164E-01  6.9746047389194521E-01  4.4762486888361680E-01  1.9812240313951650E+00 -1.3665373362714228E+00  1.1729920532023288E+00
  2.9199030313082419E+00  2.2781335253013379E-01 -6.2432615275766201E-01 -2.1838112289361158E+00 -1.9576748611463450E+00 -2.4062596198128134E+00
 -9.7396566292079501E-01  9.8062633106958386E-01 -1.9053687183824024E+00 -4.3600674089930326E-03 -6.5056718919989798E-01 -2.4167643374139092E-01
  2.0446332067977742E+00 -1.4635667287534375E+00  2.8693763089885556E+00  1.3010787899803009E+00 -1.7952369806960620E+00  3.9348322279930781E-01
 -4.5505795720949221E-01 -1.1619680895418838E+00  2.5401779860180147E+00  3.8215698110936669E-01 -5.0233430098230347E-01  1.5651569814429609E+00
 -7.7153255745278293E-01  1.0500254065992294E+00  4.0506728932004893E-01 -2.6149205328455958E+00  6.8470198535149052E-01 -1.5205886326183506E+00
  2.6124873499155343E-01 -8.6220289724235843E-01  6.3675258534970580E-01  5.1579978485144806E-01  8.7074254674777529E-02  1.4732729409679444E+00
  3.9079923947505407E-01  1.6129761051443017E+00 -8.2255487754532719E-01 -5.7244478651159292E-01  7.0525407993250211E-01 -1.6204169119488687E+00
 -2.8820681559978062E-01  1.6835996481526866E-01  1.3088360033107027E+00  3.0287806494879588E-01  1.7163796108956701E+00  1.4818605319781913E-01
 -2.9774443314788557E-01  3.1086365918621395E-01  1.7801637033828831E-02 -1.4025920932551206E-01 -9.1713966870388616E-02 -8.0387277203093160E-02
  5.2673016840140485E-01 -4.7225030767778964E-01  1.1583828384833987E-02  1.9214297106836467E-01  5.8470793186790111E-02  2.5650350384307874E-01
 -5.1446610884206090E-01  4.3337206099678566E-01  6.5071129644541204E-02  1.3230873666240839E-01  3.4605656182465167E-01 -2.3442540190509047E-02
 -5.6703451258095272E-01 -6.5600122041403808E-02 -3.5752754750413251E-01 -2.2932874095321196E-01 -8.7723971841016990E-02 -8.3919844509121964E-03
  4.8237143403012986E-04 -6.8004994076833236E-01  1.9781263126331342E-02 -9.5715636000384419E-01  6.2294594128989589E-01  1.3907409817641569E-03
  1.4841168544885492E+00  3.7694975905605648E+00  4.5950839824230068E+00  9.1077842068282919E+00 -3.0013585883327618E+00  3.1937056231499877E-01
  9.0873053847236640E-01 -1.2838787229326782E+01  2.0970278157239179E+00 -3.4976203751420959E-01 -1.1119379636178124E+00  1.2681511338280738E+00
 -2.5787689785873265E+00 -1.1427988034031063E-01 -1.7550347765526192E-01  1.7227592225744645E-01 -4.2319899566084551E+00 -1.5409273273201496E+00
 -1.4926668548664979E+00  4.5328740759564662E-01 -3.8941836723786538E-01  1.2439525050568329E-01  5.8865058539752297E+00  2.5359285141110712E+00
  1.6840124996064634E+00 -5.2844370350197378E-01  8.1801910257768440E-01  1.1665260947910263E+00  5.7996495883873511E-01  1.0573886364683760E-01
 -4.0490695246140046E-01  7.9778041564464719E-02  1.8532746961890123E-01 -4.7618243632828494E-01  1.3007794644457241E-01 -8.9980610426648189E-01
  1.1834445023382076E+00 -1.8110425922226192E-01  6.9015079984919825E-01  4.5177569834683556E-01 -1.6283270675258161E+00 -5.8836268968650662E-01
 -5.7576167650171384E-01 -5.2034479088700336E-01  4.4809585084682418E-01 -4.5557170618988188E-02  9.7849657608370041E-02 -2.3367388983281572E+00
  2.1743386652854527E-01 -6.1717266080333466E-01 -6.2043721376256478E-01  7.8808016495519051E-02 -2.3108625452550105E-01 -1.5282750251763352E-01
 -5.3006900882726793E-01  1.5146221445246932E+00  9.3330007329170117E-01 -2.2293462033461597E-01 -1.3744561012120574E-01  1.9611728311652354E-01
  7.3990503201059243E-01 -3.4663186313065655E-02 -3.5503293558785259E-01 -1.1764903391137119E-02  2.9568101288859011E-01 -1.1378700799991874E-01
  1.4681665290107038E-01  2.0960733331706951E+00  2.3543529556163814E-01 -9.0323363892866371E-01  1.2161240170648249E-01 -1.2250459426827470E-01
  2.8011141701054632E-01 -9.1296405141410131E-02  6.3840067060299355E-01 -7.9987673115239372E-03  4.0121318144634502E-02  2.0798497457385320E-01
 -3.9386222446742891E-01  1.3420515931923105E-01 -2.0523995529335046E+00  1.6441513626857351E-03 -4.9797925872199000E-02  3.4587024716470856E-02
 -6.0853939536156677E-02 -5.5967013205608703E-03  2.0637308797206256E-02 -2.3376793167364886E-02 -3.8642475960424067E-03 -7.4512965754020818E-02
 -8.0703011256189200E-02 -2.4792841723886103E-02  1.0705702694550377E-02 -8.5842379579423034E-03  8.6852420374705974E-02 -1.2096286658716507E-01
  8.1518619560048655E-01  1.2520451584074738E-01 -2.1451257376883928E-01  1.7557733296979469E-01 -1.0809876455499867E+00 -1.5208162703418834E-01
  7.1321297819086560E-01  1.3079646207533813E-01  1.0059594969435233E-01  3.4229610644181049E-02 -8.7674754299300772E-02 -1.0655426805567479E-01
  1.9850048429490835E-01 -1.7920800713474714E-02  1.0978493541981415E-02  8.8783979642212718E-01  3.6246928979142057E-01  6.9086125363831158E-02
 -5.4707225475965682E-01 -1.1163062596469540E+00  2.5922533888380339E-01 -2.4027693733248773E-01  3.3593731552311384E-01  2.3448435343040583E-01
  2.2492216061042591E+00 -1.1527390052941044E-01 -8.4364224733526083E-01 -4.7228733588667249E-01 -2.8319585961789732E-03  2.4435396368258053E-01
  9.8533125687223930E-02  7.0998279990266755E-02  1.5921656543517354E-01 -2.0960145002313517E+00  4.7831800765160304E-01 -4.1678949893668060E-01
  1.1516451544581823E+00 -2.1568742867854811E-02 -3.6083972091243494E-01  2.9026843867218854E+00 -6.5332949909953086E-01  7.0251687717176337E-01
 -2.1218293038342635E+00  1.5089259949037847E-02  8.1812648993721093E-01 -1.4478223651611248E+00 -3.0310284176192269E-02 -1.2223356311319312E-01
  1.5144528853322364E-01  2.8877018399160780E-04 -1.8591695157463425E-01  4.9703890599807338E-01 -7.2643881983325442E-01  1.6482764458815671E-01
  9.9982277056731267E-02 -4.6891035381571228E-01 -2.5875243149954452E-01 -1.4854544300181394E-03  3.2975841474819950E-01 -2.3217762483249964E-02
  4.4378553629547679E-01 -1.0393682468698342E+00  6.3619163181847529E-02 -3.2262361799576023E+00 -7.5156063633443071E-01  1.4430756623695891E+00
  5.5977360233715030E-02 -1.5141371438863205E+00 -4.0883201968721394E-01 -2.9229233949823691E-01 -1.6511408819924261E-01 -5.7234694204609471E-01
 -1.4115228079739890E+00 -6.1506790470406046E-02 -4.2126493971876330E-02 -4.5297047592833518E-02 -1.3915113759940209E-01 -8.9089186592091127E-02
 -2.5884641054331126E-01  3.0565591191630637E-01 -1.1576132045078924E-01 -1.2554108155854954E-01 -2.9592634484155278E-01 -8.2200504784635586E-02
  2.6914074501601690E-02 -4.5537551787468433E-01  2.0743533551942189E-01  1.7005391523049965E-01  1.7797765905207461E+00  7.9285933508613085E-02
 -2.7094192692909570E-02  1.3402152004644232E-02  8.8439958883294017E-03 -2.5381599470349618E-02  1.8355290257512979E-02 -5.7550904748772565E-03
 -4.8316493849952574E-03 -4.9073289958223142E-03 -1.3946953185053970E-02  2.6573062384218811E-02 -3.8532049902084954E-02  2.7256260201312346E-02
  6.6668104532242763E-03 -1.6557135407430930E+00 -8.6084843237082230E-03  1.6245662545285297E-02  1.4662017634720298E-01  2.2625224830170615E-01
 -1.9297683824716363E-01  2.7592723780630182E-02 -6.2357050520143252E-02  3.4441498740548813E+00 -1.8142451873943177E-01  3.5380415613888461E-01
 -1.7340013367961779E-01  2.7688809129041092E-02 -1.9437372762588723E-02 -9.7152208983180568E+00  2.3102158877937554E-01 -5.2386227483082204E-01
  2.3405040203662877E-01 -3.0830940330523259E-02  1.0127349177648960E-01 -5.4627290426184402E-02 -1.6241184321123639E-01  8.0377662039136558E-02
 -3.0482964804951964E-02  1.7431456266233037E-02  3.6357654080311497E-02 -4.0040738032715290E-01 -1.7826769868864781E-02 -5.3899538469813820E-03
 -3.7355018816852506E-02  1.5730306010858337E+00  3.0120450739441952E-02 -3.8088662294537633E-02 -6.0512050468013813E-02  6.3069816462864525E-02
  1.1398132535212087E-01 -6.4365871451004988E-02  5.8888211639384284E-02  3.0768965790737767E-03  2.4483555927628332E-02 -1.6792230572848282E-01
 -6.0471937117492898E+00 -1.2645890432798998E-02 -1.5006693037709733E-02  3.5475804494647617E-01  1.6579286126484988E+01  4.1478722610468033E-02
  8.1251450319677829E-03  1.3952814635903571E-01 -5.7381373195415447E-02  7.0369552019203876E-03 -1.9423968184732873E-01  1.1284112308280959E-01
 -3.0936765155247619E+00  1.7541638099995517E-02 -2.5746165495651074E-02  2.5319651083923977E-02  8.5643930551350411E-04 -7.8960123290854653E-02
 -9.1178324663414662E-02 -9.0652097460239226E-03  5.2277492787539247E-03
ORDER     2 BLOCK     5
  3.4825017912887457E-01 -1.6886193357360701E-02  6.4404451345676783E-01 -2.2551494203170028E+00 -1.8759819508334437E+00 -1.1931930325511122E+00
 -1.2181942400308396E+00  1.4260058920820118E-01 -7.5619322919711707E-01 -3.8144525900875231E-01  1.8568547464436678E+00 -4.7144194104994713E-01
 -8.7254548796681444E-02  5.7950154414402634E-02  1.2382846762481953E-01 -1.5713284931731157E+00  3.7714925591593880E+00  1.6480360141970489E+00
  1.1106856156998410E+00 -7.9948894739245557E-01  1.1517722166481357E+00  1.9306839594788947E+00 -2.3974524352621653E+00  2.3274672724562184E+00
  2.9212557413138063E+00  1.0385333379712205E+00  2.4739059513294510E+00 -4.5494151318438460E-03  3.3206932643362108E-01  8.6548061847838087E-01
 -6.3812275604129303E+00 -1.4366042207661667E+00 -4.3200443220798963E+00  1.8630228855560114E+00 -1.9784460196516214E+00  5.2999492942933424E-01
 -1.3815496307037772E-01 -4.5933205319939052E+00  2.5617660379297216E+00 -6.7574334163395555E-01 -3.6366163534833711E+00 -1.1107347726520478E+00
  8.5228199025763229E-02  9.1196503411755170E-01  5.1692941841690851E+00  1.2995720170482403E+00 -1.2144247088884226E-01 -1.5473332139302101E+00
 -1.2006345506748162E+00  6.8725706102592121E-01 -1.3235585047465068E+00  7.8921685438707634E-01  1.8082205033728971E+00  2.8125034105487662E-01
  8.7074112605719220E-02 -1.6336615962640966E+00  2.2937178441722668E+00 -1.1351991074470609E+00 -2.5068251028195339E+00 -2.0093615676117157E-01
 -1.4378513313754068E-01  6.7079944677672998E-01 -1.0481878315511741E+00  3.1630282479770772E-01  1.3065759662103311E+00 -5.9119186934318044E-02
 -2.4265997916325863E-01 -5.2379325665119436E-01 -4.4301294597911836E-02  3.8482395309497791E-02  1.2916765841010930E-01  2.4961136785156438E-01
  2.5532981996566900E-01  6.8541973251495314E-01  3.2561654275429203E-02 -5.0353153745716792E-02 -9.3244944489489168E-02 -3.8908862558953317E-01
  4.2399522945626572E-01 -2.0374893224654342E-01  3.9419674547586561E-02  4.7546625937524192E-02 -3.3580760496737794E-01  1.2758922826261063E-01
  3.7438527604473532E-01 -1.1120856642122097E-01 -1.9132099953110773E-01  1.1755880724864885E-02 -2.9054054693828508E-02 -4.7575726797388397E-03
 -3.8861279440488024E-04 -1.0801722452886633E+00 -7.0921856934592188E-03 -2.6547455017101216E+00  1.7627358363774139E+00 -1.9654722067783431E-02
  1.7246413481324230E+00 -1.5538617692060486E+00 -1.0678671923705931E+00 -2.9337846621954400E+00  2.1624192469432066E+00  2.2974245191611201E-01
  1.2303299009840150E-01  3.4731247938989407E+00 -2.6030448532613990E+00 -3.8873368152186760E-01 -2.8350274498586114E-01 -3.6763511216903083E-01
 -3.0828900013184196E-01  2.3734328444595379E-01 -9.4183180273107314E-01 -7.0756651664902686E+00  3.5350365980744791E+00 -2.6544858614357265E+00
  1.0956658971013085E+00  4.6128829796160936E-01  1.0660031438125281E+00  8.6211033612082435E+00 -3.6471328201661430E+00  3.8300933289019277E+00
 -8.7938651655753364E-01 -4.5934042374210521E-01 -8.6674377644337952E-01  8.2278340126439398E-01 -1.4828742816620835E+00  1.0306427932050524E+00
 -1.4293613628240717E-01  2.2099798493775746E-01 -8.5517671312955568E-02 -7.8349410508903927E-01 -7.5078593482576332E-03 -3.5484842220229429E-01
  4.4604625401656423E-01 -1.5554459901498634E+00 -5.9645273058783044E-01  5.9083526445994061E-01 -6.0238866004741276E-01  3.6574469162043144E+00
  4.6325744706650784E-01 -5.9998988264231523E-01 -4.3638141208126513E-01  5.6118576397345465E-01 -1.6448776805205179E-01  1.1162595381060478E+00
 -2.5217639380642781E-02  9.4357132983865633E-01 -1.7032802796002794E-01 -4.9602064463921258E-01  9.0411613945413138E-02 -3.4853040615266145E-01
 -4.8484655114879129E-02  8.1362897083393593E-01  3.8477685092390923E-01  7.2677038253619664E-01 -5.5213544069609899E-01  3.1873351878103368E-01
 -5.7699965461645131E-01  1.1510985557399177E-01 -2.2712302424301162E-01 -5.6456292603674608E-02  1.8156154059503379E-01 -7.0707154418050186E-02
 -2.9847799882707010E-01 -1.4586567340915142E+00 -2.7608776229028682E+00  3.0451195629754362E+00  6.3703982990836197E-02  2.2844083605246818E-01
 -6.1885916365502880E-01  7.7729165259260102E-02 -1.1114087531067540E-01 -3.6472029383985430E-02 -2.6877711456292450E-02 -2.8506786467921036E-01
  7.7020416686223203E-01 -5.1269454220029272E-02  1.0269943596825730E-01  3.5353985372371673E-02  2.4857681734364690E-02  1.0062560107920028E-01
 -7.8149303223781733E-02 -5.0303321041396468E-02  2.6892349813279117E-03  8.0230348717871842E-03 -1.1963879912491699E-02  2.5286287466380734E-02
 -2.7517265779206733E-02  3.5664203974949349E-02  5.2901190750362960E-02  8.1037192227739127E-02 -2.5444847344030114E-01  4.3632885576276925E-02
 -3.7265929926294260E-02 -9.9988593495496762E-03 -6.8827554402293767E-01 -2.9597439212169716E-02 -1.6424619346736669E-02  1.0777061561381028E-02
  2.3398182781513133E+00 -2.9043790940200116E-02  5.1489462365524791E-02  4.9531238428998006E-03 -9.8930541272940573E-03  1.6031694568202224E-02
 -5.9031326083725078E-02  2.4422176771682624E-02  1.3861685770532588E-02 -1.1432137118699386E+00 -3.7559880816855196E-01  3.3042894023332842E-01
  1.1021195315921466E+00  1.5807169183313385E+00 -1.0005773675309586E+00 -5.1262460846114299E-01 -2.2361276527338552E+00 -1.8413939383090307E-02
 -7.0971526790152917E-01  1.2456837436766510E-04 -4.6313485473702926E-01 -1.2826573690444590E-01  6.4963317701263526E-02 -2.6996577421490403E-01
  1.3066997839516367E-01  3.1202770315923375E-02 -3.4853249816773757E-01 -3.7375953397975259E-01 -5.4009445713912203E-02 -2.5068239434903850E-01
  5.0489020639725801E-01  9.0223977191617427E-02 -3.7925197661297683E-01  4.9777464121695020E-01  7.1061075930740347E-02  4.0906420906298374E-01
 -1.3099824808257987E+00 -1.0845530981094922E-01 -2.4369941393785785E-01 -3.1074330706283010E-01  4.6478380509147189E-02  3.5555690216037650E-04
 -1.5949798823032286E-02 -1.3037438210095084E-02  2.5584272218635074E-01 -1.9408073963657771E-01 -2.4455469634180113E-01 -9.7925697457161565E-03
  1.3891488810867722E-01 -1.0900640847773248E-01 -5.9863376140621205E-02  1.3960778314019049E-03 -1.4768786138201626E-02 -2.8351839727400992E-03
  1.7572748710129849E+00  1.0841599402011963E+00 -2.2447081009939054E-01 -8.2282818919932899E-01 -2.5118773601497386E+00 -1.3722803713998601E+00
  1.7588665762110070E-01 -9.0208902200776575E-01  1.1960331306741015E-01 -6.4763076382119111E-01  5.5447625741832166E-02 -1.5551494517255429E-01
  8.3579020314593111E-01  4.0053450355992359E-01  2.6806726801523240E-01 -2.9420027677211517E-02  5.1895012082689007E-01  3.9316252709905720E-02
  7.2044947277558793E-02  1.6360207147958925E-01 -2.5630060814664440E-01  1.2701959487297684E-01  1.8462287823645291E+00 -1.8559986377666215E-02
 -2.2050967762118644E-02 -2.2332053728935292E-01  3.2062146954614168E-01 -1.9092573905800075E-01 -7.6587020794979042E+00  1.4442121551827706E-02
  2.3021238392745575E-02 -2.4579216861755387E-02  5.2339007350035063E-02 -1.3792708702755584E-02  1.0653289271701958E-02 -1.4101135545742239E-02
 -2.2446677753027084E-03  5.4171627799007603E-02 -6.4668139939433239E-02 -1.1691046037315429E-02  4.7842904991596095E-03  4.7972960937789536E-02
 -1.4546508151633303E-01 -4.8135683785066263E-01 -5.3468901272551994E-03 -2.2138761559902269E-03 -1.0353246134328199E-04 -9.7385297262771869E-03
  5.1169349800132260E-03 -2.3074631574107060E-03 -3.5801625574074980E-01  9.0715363015238317E+00 -9.4526557677824599E-02  2.3364301012733252E-01
  5.2982661786750068E-02  1.4069569620757505E-01  4.8795495105487308E-01 -2.4820758599667794E+01  9.8960550969412628E-02 -3.2578177572369060E-01
 -6.7324508316652987E-02 -1.6574995630856107E-01 -1.7420965498649438E-01 -3.1356880420860861E-01  4.5122192137346634E-01  4.4642046510041965E-02
 -6.3389249293569719E-02 -1.5639763489984908E-02 -9.1114094959552083E-03 -6.3076708805565063E-01  1.6918047929498167E-01 -3.4944031365263958E-02
 -1.1109981474332818E-01  6.2406327820281913E+00  2.2159952974176687E-02  5.2497058158427531E-03  6.0993810829856523E-03  8.3378034890969257E-03
  2.7351268866962837E-03  6.4113610522086618E-03  5.3631454003422542E-02 -2.2177802550256052E-03 -6.2841491822238343E-03 -6.2646021066265756E-01
  2.5601129769927802E+00  1.6920569885722167E-01  2.4310427969081960E-01  8.8733980977492677E-01 -6.7480056503206374E+00 -2.0013406970550668E-01
 -4.2961576845753630E-01 -6.9826032602007787E-02  5.0088310144190229E-01 -2.7697100676309719E-02 -4.8532430936601195E-01 -1.8338365695257242E-01
  1.5258594441272204E+00 -8.1724721125695135E-02 -1.4207778861403435E-02  5.1038025132333189E-03  1.3024427478073069E-02  1.0405949992125017E-02
 -9.7862768053602944E-02  1.7934678203047803E-02  7.1469788020010905E-03
ORDER     2 BLOCK     6
 -8.0286472682518562E-01  6.7054867767134241E-01  1.3638529551868390E+00 -4.2105119885814618E-01  3.4279165076316381E-01  1.3577163595843739E-02
 -4.8932923273354295E-01 -2.2730127621115731E-03  1.3950213052465259E-02 -6.0501358240806977E-03 -2.1010547934222461E-02 -1.1963061347412558E-03
  4.6179769881308889E-03  2.1644274204202221E-03 -9.0554415564704662E+00 -5.5934474618014252E-01  1.1691477231016099E+01  1.2821307617297126E+00
  5.7120920203477810E-01 -7.2999695909262952E-01 -3.3885596585871147E-01  9.2870647317643886E+00  5.2337146077039618E+00 -4.3127847915128275E+00
  1.2483908232150949E+00  7.0429052422712024E-02 -2.5278857973395397E-01 -1.2931413011537451E+01 -7.7889628575572676E+00  7.4545629923366201E+00
 -2.8444397809503821E+00 -7.6083253250671556E-01  2.3252851436832156E-01 -6.8030515347631038E-01  3.5510202540736341E-01 -1.2616052097427162E+00
  3.3397410989048587E-01 -8.7740868784142245E-01  3.3231979737465514E-02  1.0051133386056930E+00  1.9702019884217368E+00 -1.1927479597430924E-02
 -1.4977676568688918E+00 -2.8725164925318819E-01 -1.3577959547667346E+00 -6.0026020525196011E-01 -6.6435398466042650E-01 -1.0408680733389854E-02
 -3.4609109342814195E+00  1.9955156147544240E+00  5.4795538402744204E-01  1.0520770086630831E-02  6.0620167832068890E-04 -3.7079868987184558E-02
 -4.2909148797107888E-02 -1.5318660541704104E-01 -1.8676221804793106E-01 -7.5213227764457935E-02  4.0491167107804993E-01  5.0351007863145732E-03
  2.4155920585218629E-01  3.8371794173688040E-01  1.8486212650305262E-01 -2.7412822832202322E-01 -2.4219980514552524E-02 -2.5198492391816270E-05
 -1.4905549913867433E-01  1.0334090580833268E-02 -1.2368861317149545E-01 -3.7113741921741489E-01  3.1279117924983349E-04 -6.7728279304034800E-02
  3.9690265140325376E-01  7.7766786314258973E-01 -1.3282435440021959E-01
ORDER     2 BLOCK     7
 -3.0448454653497579E+00  5.9470382092791727E+00  9.6347411331157984E-03  1.3012409811076702E+00  4.1816273418626331E+00 -8.4055340028454655E+00
 -2.9637555642585772E-01 -1.8483701481736223E+00  3.3365879829009648E-01 -3.8644586756553045E-01 -4.8980975158207501E-01  4.1414224844615929E-03
  9.6721073391747726E-03 -1.2070313157720071E-02  1.2022551906949848E-02  9.5103535179174043E-03 -1.2120420973997518E-02  2.4464713243819786E-02
 -2.2349128760085928E-02 -2.5333336349609534E-02  2.6836131116305686E-02  5.3018545193400770E-03 -5.6565778624466967E-01  2.1927600782793442E+00
  8.1370404218973225E-01 -2.5058435505487724E+00  3.4590604150119697E-01 -3.1279831447333839E+00 -1.7191104973757210E+00  3.6596550259124991E+00
 -5.4974668303311447E-01  2.7463924093528296E+00 -2.7790238720875488E-01 -1.2723990792283850E+00 -4.1472743721094121E+00  5.7373790050830014E+00
 -1.2417534000098107E+00  9.8248023170731252E-02  7.6862423493168164E-01  1.8790663208447498E+00  5.9215620855228366E+00 -7.1309260467715880E+00
  2.4202103654673746E+00  1.1913861546049162E-01 -1.9733950981474406E+00  8.8563948573008255E-01 -2.0482334440399472E+00 -1.1218088831333755E+00
 -5.6477151817826469E-02  4.6029475074544879E-01 -2.0927584132122104E-01 -2.1849822197696520E+00  2.5729271031443797E-02 -1.3430195448986904E-01
  4.9886079392093469E-01  1.0542413517545370E+00  1.1190713346393854E-02  4.3651011147100449E-01  9.0534701800555151E-01 -5.2478691575529357E-01
  1.2975790837330126E+00  1.1788225072283935E-02  7.4219663549876835E-01  1.3147576438094639E+00 -7.2919645726958660E-01  7.8933311203783184E-03
 -4.0587456388354004E-01 -9.9757631931670143E-02  6.3685821919253016E-01 -5.0763463630208921E-02  8.0242545412501250E-05 -2.3897702821687006E-02
  8.7944456043379970E-02  8.8710799529513218E-02  6.1815605549516893E-02  1.2740436418188846E-03 -7.0260549979133183E-02  1.3053722134941609E-01
  3.8168486230157721E-02  8.8802549343214437E-03 -1.5165430451156961E-01  1.4855826759084989E-01  2.4966054340706229E-01 -2.7596940039963098E-03
  1.1240078199382504E-01  3.1367324898178456E-01  2.7962977988440010E-02  3.9379334666644566E-01  8.1616912058179638E-03  7.9941236038070496E-01
 -3.5058560569886260E-01  2.2175496633950208E-02  4.3346063332694128E-04  4.2568291575920097E-02  9.8115192756491158E-04 -4.0476002460853111E-03
 -1.7614779177029311E-01  1.3913770161868924E-03 -9.9053656115150379E-02  3.2239233080378391E-02 -1.9231123510947495E-02  2.0359505678179043E-01
 -2.5800180134022115E-03  1.5543353132384610E-01 -6.2492173338955265E-02
ORDER     2 BLOCK     8
 -2.8850141699190406E+00 -2.9317641956631008E-01 -5.7802521693527273E+00 -1.6102919595280023E+00  5.0897110554610858E-01  3.7920112614666528E+00
  3.7308705958852277E+00  1.6853361384941181E+00 -1.1150313312493464E-01  2.7557117343300019E+00 -8.1994792625626589E-01 -4.0934969782376096E-02
  1.5570946277090139E-01  1.1630903559880881E+00  2.9899480373101489E-01  7.4879776334253387E+00 -1.5522638310775339E+00 -5.4605832542423878E+00
 -7.0740864496354181E+00  6.4475741180638462E+00  2.5558192711051975E-01 -4.9239531222459547E+00  1.0639120423277832E+00 -8.0751939968746065E+00
  1.1274045693590458E+00 -2.9366790381950305E+00 -8.8085142098465319E+00  2.7875988552928210E-01  2.2275176204283695E-01  4.6888992241325039E-01
  5.1123648331134552E-01  4.2191837517961908E+00  1.1207186016044018E+01 -4.3820430087662023E+00  1.0720782700268594E+00 -8.7016278389997412E-02
  4.3666715471468179E-02  1.0674181257785980E+01 -1.4156004500147972E+00 -2.9404327790768359E-01  6.3180500464554763E+00 -1.1012062929967983E+00
  5.9889281078227596E-01 -4.6893614514522863E-01 -8.7833204014740147E+00  1.9691812461103015E+00 -4.7814087661832827E-01  1.0344178000793276E+00
  6.8479847335445987E-01  1.2607619326627804E+00 -2.8433303581852214E+00 -1.1624785816954097E+00 -1.3792386523381435E+00 -7.0427829609444959E-01
  1.6663671518028947E-01 -9.6736417535800057E-01  3.5451536357869244E+00  1.4366981515440385E+00  3.9179464971477755E+00  7.5845582866928207E-01
 -1.6577665959865157E-01 -1.4584565144004760E-01  3.2071434695454476E-01 -4.1511749565255535E-01 -2.3540623022488125E+00 -2.1745904096838475E+00
  2.0854810611770414E+00  7.6886200116557923E-01 -1.5854987611516427E-01  9.3184717362668132E-02 -5.2546327486382924E-02  2.6907760236226701E+00
 -2.6669084974037305E+00 -1.0654027785916407E+00 -7.6972649393140913E-02 -7.9862253422245955E-02  1.9528767633139786E-02 -1.8736441818987513E-02
  2.9195960316659103E-01  1.1661295718187420E-01 -2.2431036763050186E-01  9.0839306278144114E-02 -1.2155856821517326E+00 -2.6364735194038286E-01
  1.9496357159905950E+00  1.8990802080174457E-01 -4.7618968641109143E-02  1.2023301561327215E-01  5.8326156628745095E-02 -3.1758288061731393E-02
 -5.1297927120783533E-05 -3.4446476920199071E-01 -1.6499781809940314E-02 -1.4353160333564954E+00 -4.5796433286555738E+00  7.6277808056006390E-03
 -4.6701337975414881E-01 -1.3529878202880441E+01 -6.3612379453777486E+00 -1.7688254511740431E-01 -4.6379725030151784E+00  2.6693593710200725E-01
 -8.6597864545444259E-01  8.3404449361557065E-01  6.7626325860999756E+00 -1.7679534574607150E-01  8.8787363098567018E-01 -9.6628565009059664E-01
  1.7302479679707330E+00 -2.3519545002075593E-01  2.3735355914042625E-01  1.5086383783744935E+01 -7.5307269529114000E+00 -3.5597163896698829E+00
  5.9611217242402170E-01 -7.6147373560173337E-01  8.1794028350355083E-02 -1.9990630989361307E+01  9.3009532577636165E+00  5.1839679281376299E+00
 -1.0787563488554106E+00  3.7095891067542736E-01  9.7066055023888764E-02 -4.6691333195294571E-01  2.9547074545786389E-01 -1.2476465584219525E+00
 -1.5476334978690648E-01 -7.1400132949944642E-02 -2.5773271990179706E-02 -6.5646505875077518E-02 -1.9929793519205341E-01  7.9665939905012317E-01
 -2.0565036497726954E+00 -2.6808019215573973E+00  1.1274259740659403E+00 -2.9232003149415908E-01  2.5258335761707347E+00  6.1513574989499675E+00
 -2.4932735450140440E+00  3.3427320219090711E-01 -1.3441066227588996E-01 -5.6815630334427614E-01  1.0307684871226125E-01 -7.0089926188509288E-01
 -6.6988258946930102E-01 -2.9074210996574861E+00  5.8713680964824455E-01 -5.4065994407260931E-01 -1.1531721856446071E+00  6.8761183413783689E-01
 -1.7491743477120230E+00  7.2087792948670737E+00 -9.6697039820819208E-01  4.2713156902730187E-01  2.8054282210794312E+00 -6.2788678547055210E-01
  2.1827229014057079E+00  5.1156019332820590E-01  7.0100063123087331E-01 -7.0758379114999836E-01 -8.1224280167617080E-01  6.0543193713593324E-01
  6.4590865335992828E-02  1.7078914954161994E+00  4.3488969911720972E+00 -3.1387399793524176E+00 -3.9331872209802238E-01 -1.0601599332808376E+00
  8.9399537481707070E-01 -9.0075016800174956E-01 -7.7685163808778976E-02  5.2925287724550810E-02 -3.4400277163583723E-02  1.5507372241602033E+00
 -1.1627622217045634E+00  1.2632187003020872E+00  5.3532929369717086E-01 -1.0321365352553014E-01  3.2438820876012783E-02  1.9954799521546683E-02
  1.0113829884789702E-01 -5.5183965461471571E-02 -3.1802451447160228E-02  6.1624690266572933E-02  2.3106275724741429E-02 -1.0378402025838533E-02
  3.4502532022648531E-02 -1.2713005963032079E-01 -1.5936524371324268E-01 -2.0127479342738439E-01  2.5638898122539100E-01  8.9317605071583817E-02
  1.0134649035757391E-02 -9.9456951180628642E-03  1.8004883863396646E+00 -3.8113977444448621E-01 -1.1883015257555364E-02 -4.5335511989972807E-02
 -4.7115068020323561E+00  1.7484150011100593E-02 -1.4100208328318559E-01  4.1184599505423802E-02  1.0183275443956995E-02 -4.2110163722282490E-02
  3.6535433529415441E-02 -1.2924603691353906E-01 -2.7210992992300686E-02  1.2984668158973263E+00  7.8669431803795276E-01 -1.1520897126230051E-01
 -7.3893922360472306E-02 -1.7580445716821758E+00 -3.7831918744652937E-01  9.4824105264053285E-02 -1.7753291082480981E-02  6.0925882718600687E-02
 -7.2445591022933575E-01 -3.0779220856569693E-02  7.0537343136164443E-01 -4.7199254600998047E-01 -4.7463187576885324E-01  2.8355429942658761E-01
  6.1057057507782911E-02  2.9633741050451398E-02 -2.9473869397745656E-01  1.5970017330358046E+00 -1.1215954365271492E+00  2.2924915905254101E-01
 -7.6707466460104690E-01 -1.2634123414210890E-01 -8.2353711134600349E-01 -2.2406935875596430E+00  1.5250387735939976E+00 -1.6461616746886090E-01
  1.5753704410297311E+00  1.3461653250962910E-01  5.9613794867674164E-01 -9.0851589337370864E-02  7.2064648248519561E-02 -1.2727605453784246E-01
  1.1948279955906671E-01 -1.0236964409023743E-02 -6.8644568961033547E-02  1.0327617009898171E+00 -6.8199884461568849E-01 -3.1236863678366289E-01
 -3.1007439235420808E-01  4.4384745005245768E-01  1.9999500170048029E-01 -9.2749895446623029E-02  2.1779635358643706E-01  5.9734340617383259E-03
 -2.1372629741547202E+00 -6.0258136179990887E-02  4.4485428523783489E-02 -4.6424172845326139E-01  2.6030601752897087E+00  9.6731984553945022E-02
 -5.0284060454111004E-02  2.0917479699971095E+00  4.4580497140750419E-01  1.6652254866887116E-02  2.3815771406258954E-01 -1.3315091563086084E-01
 -8.8065810176702708E-01 -3.1785019124006286E-01 -6.9263618667716764E-01  1.0524597059276904E-01 -3.9591134047974719E-01  1.9080679110764687E-01
 -4.2354740652896494E-01 -2.6569306148645488E-01  4.7786161342979910E-01  1.0634616881564149E-01 -1.8462138095022753E+00  1.4140971809615799E-01
 -2.0702348798037430E-02  3.1050418704839816E-01 -6.0046674174885339E-01 -1.7744012430442918E-01  6.8788850143356548E+00 -1.2026288257893353E-01
  2.1696884883817873E-02  9.5227074277979377E-03  9.7969687681572340E-02  3.3278669672587802E-02 -4.2717507814802318E-02  8.6966556329117709E-03
 -9.4372172216237605E-03 -3.5116599923636210E-01  2.5980231034402435E-01  1.7989635361956038E-01 -8.2680522082301880E-03 -1.1240861649688638E-01
  1.5758303947771671E-01  8.4508369836096542E-01 -4.0903906148681999E-03 -1.3286322407504532E-02 -7.0925805962678348E-02 -5.2810250905055291E-02
  4.5260868833456279E-02 -2.0315378607747313E-02  3.3025418602238049E-01  1.3183720286300877E+00 -6.4093578027868733E-02  5.8209210934328148E-01
  2.3277931723829534E-01 -1.5661411718638837E-01 -3.9984080307861203E-01 -3.8549246340771091E+00  8.9511340041367557E-02 -9.8745621928130789E-01
 -2.7280336085660789E-01  1.7100632716583719E-01  1.0621242134008562E+00 -6.6908839067990902E-02 -7.8909758974768499E-02  5.2174057129249780E-02
  2.6182377071477646E-02 -2.0523925100719265E-02 -3.0871349170342494E-01  9.4814717890899704E-03  5.8596602737633098E-02 -5.5016652640450331E-02
  1.3187891370595384E-01  4.6358238872636530E+00  4.8622929315272435E-02 -4.6236005423567553E-02  7.3578365529128886E-02 -4.3309085133732363E-02
  6.9220457645890699E-03 -1.0855127157107588E-02 -3.0311252037717062E-01 -5.9144470136219427E-03 -1.7042990010651540E-02  2.7609240928003892E-01
  4.0587324876227271E+00 -3.7110140777017425E-01  9.5451511053473215E-02 -5.5640077430976853E-01 -1.0954832953208310E+01  5.3549218421001210E-01
 -7.3760793066156571E-02 -3.1342731663536333E-01  2.5358265685766192E-02 -7.4422014377444626E-02  5.5015164002566251E-02 -2.6221074958198054E-01
  3.1432188154661818E+00  5.4847135183438443E-02 -1.1416728072269501E-01 -1.1183280738949220E-02 -9.5809868740874743E-02  1.2669958432584980E-01
  7.4824538228098605E-02 -6.5947166959274351E-03 -3.9315146777438463E-02
ORDER     2 BLOCK     9
 -6.7001015457647783E-01  6.6668877432207614E+00  4.4979757740024529E-01  2.2005401773895481E+00  2.4491517965366021E+00  4.8631598988711000E-01
  2.1800903055628571E+00 -2.4550215178804109E+00  8.3769340689969884E-01 -2.1105263044499156E+00 -8.1211175105527218E+00 -2.0954644516592289E+00
  3.1345920112820504E+00 -4.3067756268357842E+00 -5.4660551662053916E+00 -5.4462194691002539E+00  6.7668536702890414E+00  3.7970397959767210E-01
 -1.2994765190103070E+00 -1.3235280782851791E-01  7.9443096990905362E-02 -5.9856700148677111E-02  3.1454243905035439E+00 -1.2166915041886231E-01
  1.9123521399147594E+00 -5.6292630444299474E-01 -5.1954059709220770E+00  5.1351853089944548E+00  1.0216950523163041E+01 -4.8720383403415912E+00
 -1.7848723849260146E+00  3.3455305183602169E-01  2.2692069125989156E+00 -5.3089976823462171E-01  3.1874324772609861E+00  1.6741224200108802E+00
 -3.3588689449240263E+00  1.6946078127930342E-01  2.3250810078845116E-01 -8.0180847615451523E-01 -4.3614604639064813E+00 -2.3233987881864167E+00
  4.8934184582568010E+00  4.0149811710986760E-01 -4.9543401480511007E-01  4.9148857298014709E-01  1.2680880573274672E-01 -2.3158018408911768E-01
  7.8514629265044389E-01  2.6677811493022341E-01 -2.1505885055267111E+00  1.6923841775801574E-01 -1.6406593521145652E-01 -3.5880805515455366E-01
 -8.3798437623297206E-01 -2.2771974723794322E-01  3.6362474596075187E+00 -2.0621662696463561E-01  1.8828550429209176E-01  8.8006060400304675E-01
 -3.6703777573970135E-02 -2.8970057209353678E-01 -9.4392564157886161E-02  3.3349861939296323E-02  5.8712517913717022E-01 -3.6268898782600187E+00
  1.9367878349937939E-01  1.0405528851424471E-01 -9.1688656555497394E-01  4.8952096993147682E+00 -2.1944510981130788E-01 -2.0058325637690130E-01
 -3.1260953205534969E-01 -2.2828109955758324E-01  1.0189710671163610E-01  7.0051414251842947E-01  5.8269677213263907E-03 -4.8719424619212798E-01
  8.6940098680130518E-01  3.1892219337011345E+00  7.5978789419317194E-01 -4.0037494372232549E+00 -1.1356099624017317E+00  8.6070498721767946E-02
  6.5004563482559841E-02 -3.6437033961082488E-01 -2.0158062075394145E+00 -2.4988400011418817E+00  1.2492690151951558E+00 -8.2868486776568009E-02
 -1.1078362333730776E+00 -5.7220408494671160E-01  2.6719233196395162E+00  3.4371070368091816E+00 -1.1959450034459580E+00 -4.3033267479309556E-01
  9.7768384407224018E-01 -5.6530664174926926E-01 -3.8381865696399936E-01  1.6750297810380818E-01 -1.3797028716225725E+00  3.5061320299880350E-01
  3.0165610013490218E-01 -2.2360535160950356E-03  3.2932193083687211E-01 -1.1039031862220485E+00  4.6660788062569489E+00 -1.4356166466441465E+00
 -6.3037015954483442E+00  1.3315667091900873E+00 -1.0450351157067532E+00 -1.2949755643466046E-01 -1.3337303146759991E+00 -8.8193596270468952E-02
 -1.7620505281648446E+00 -2.1913310819897460E+00  2.4658055820782745E+00 -1.2792746932512558E+00 -4.0432788226851435E-01  4.1157407852022770E-01
  2.4202258073559033E+00  3.1284130045623688E+00 -2.7401967156837119E+00  1.3242510800774063E+00  1.7783591467527424E-01 -1.1609125573338217E+00
 -5.2584752196903362E-01  5.1035470215515466E-01 -4.0859915555732612E-01  4.8740963982818686E-01 -9.7942827825436285E-02 -5.1676457743838840E-02
  1.5322455526325887E+00 -7.0259292051221622E-01  9.0316067239199396E-02  9.6089093663895664E-01  8.4488553914186404E-01  7.5914908680555249E-01
 -2.9208391196790540E-01  3.9908779673661421E-01  4.1639363200880811E-02 -2.1852888497643408E-01 -1.1116843703881030E+00 -1.0039459428271973E+00
  3.1629399079143472E-01 -1.5517227930236681E+00 -3.4266607292420134E-02  2.9519274726599520E-01  7.2997312041605200E-02 -3.0362395779283052E-02
 -1.6692339586279813E-02 -1.8974029273428245E-02 -2.5303962814616696E-02 -4.3003741888844982E-02  1.6371909150542010E-02 -2.1730995487115639E-02
  1.0683145622576941E-01 -1.3592120421579459E-01  2.1684886825228472E-01  2.6590117972725125E-01 -2.6425474963260043E-01 -4.7649004581893271E-02
  1.7950326747091966E-01  2.9895658606274557E-02 -7.1716842722170077E-02 -3.5216508425110434E-02 -4.0072723810177138E-02  1.5259438952047860E-01
 -2.2728877117325008E-01  4.0739991190068374E-03 -3.1447405395603889E-01  1.5538968421554722E-01  4.1529276040854524E-01 -2.7398530423479445E-01
  1.2975679951500612E+00 -1.0559165720376587E-01 -2.5396729721250632E-02  2.1670165428402469E-01 -1.3923331097991842E-01  1.3306284450988262E-02
  2.0449780351176567E+00 -9.4317706180008887E-01  1.2604614793575015E+00 -8.3985023649322532E-02  6.5803846556936774E-01  3.0554549696453841E+00
  1.1328931005951426E-01  1.3322145642883043E+00 -1.7415369847247570E+00  1.7171791638699371E-01 -1.5592415384157754E+00 -4.9754606253070301E+00
  2.6712025915241500E-01 -1.0259259323798888E+00  6.4965531212089422E-02  1.4578149218345895E-01 -4.5194807157994787E-02  7.0809974116827046E-02
  6.1689178421330437E-01 -1.2817249180875234E+00 -1.3645089397730054E-01  2.5917251774780553E-01 -2.1250907316087708E-01 -2.1877747457167632E-01
 -2.2652441538315760E-01 -8.4582547721573052E-03  4.7098476028533931E-01  5.6522896430829883E-03 -3.0595092308396010E-01 -2.1288228292614350E-01
 -6.4006782809887502E-02  3.0708835523846817E-01  1.3362544104524121E-01 -5.7073345514028873E-02 -1.2165860682468300E-01  2.4849489667317032E-01
 -4.4941519676394448E-01  1.6367652474257904E-02  2.7032014951366623E-01  7.9038534702228280E-01 -1.1526001261649495E-01  2.7820611547893820E-01
  3.2590833202610123E-02  2.3221760529076044E-02 -6.7559817246270915E-02 -1.1245824543531535E+00  1.2522655550704070E-01 -2.8007606800828272E-01
 -1.6893839807592244E+00 -2.4576526525219144E-02  6.0276014323209913E-02 -1.4816660335533411E-02  8.3718498302013333E-02 -4.8072840827934560E-02
 -8.7637162678746976E-03  5.5917536456356279E-03  2.1253661105489170E-02  4.6703701991740367E-03  6.3648100236921593E-02  1.4491973877298139E-01
  1.4176577248489225E-01  1.5294252369834374E-01 -8.7437069922082888E-02 -1.3952302708266588E+00  1.7771264937743926E-02 -3.1275314153792942E-02
  3.1055624366803515E-02  2.0960227539608453E-01 -2.0340970206593870E-02 -3.1594947674344537E-02 -1.1772146795389501E-01  2.0318937343993655E+00
  1.0193661098946778E+00 -2.0389406176178826E-01  8.6784448189250130E-02  9.5480194693262632E-02  1.1958270654696404E-01 -6.1920325221445305E+00
 -1.4978939825207085E+00  2.9383124486424689E-01 -9.1208562843826085E-02 -2.5468883004061371E-01  3.4286731693464645E-01  5.6188286166890186E-02
 -8.1111233247737036E-01  2.1671794963244746E-02  6.9987389231342401E-02 -1.1119060406375366E-02  2.7304819454988960E-01 -1.1077781643606881E-01
 -1.0716004436861551E-01  9.2883195534813459E-02 -9.6385292508871984E-02  2.5655800531819271E+00  3.1685957192297519E-03 -3.4543222913006565E-02
 -1.5381005958863048E-02  1.7426049669475231E-02  1.9492349902205351E-02  1.1921150928739049E-01  1.4787268469630022E-02 -8.5305987194471897E-03
 -7.2222263021186589E-02  8.1184448107090013E-01  2.1865839451217747E-01 -1.0411715809623774E+00 -2.5261144002784952E-01 -6.8189270924857395E-02
  1.6351659981275683E-02 -3.8611261113421420E-03  2.5915155480967766E-01  2.6902790820658801E-01 -6.7418364152372068E-03 -2.7179274144568328E-03
 -1.2627230852833272E-02  6.7083623686382769E-03
ORDER     2 BLOCK    10
  5.4648689480614276E-01 -1.4748905945175232E+00  2.9815054083678244E-01  2.5897193604608626E-01  3.4716235766710044E+00  1.1469790944368534E+00
 -2.5374479832142822E+00 -1.3357619821772926E+00 -5.3215850969353973E-01  1.4879211619758463E+00  1.8234235491547548E+00  1.2949625988869133E+00
  7.3434195187631401E-01 -5.7470206502893764E-02  1.4465863112635893E+00  2.5835647157731563E+00 -7.3010902832488096E+00 -1.4401733052141730E+00
 -1.8241377033713693E+00  9.7788211914556200E-01 -1.6831418885408120E-01  2.1902593537576158E+00 -2.5518614437137219E+00 -6.4242435558149555E+00
 -5.6644989259866252E+00 -2.2754424811224880E+00  3.3925678858497994E+00 -3.1501869858664777E-01  3.0017511230665817E-01 -1.6651511526360230E+00
  1.1435164854279945E+01  2.9892776665334164E+00 -1.2163314432225187E+00 -3.2397672772018202E+00 -2.5371896942357535E+00 -1.6463903277739929E+00
  1.4466924121614891E-01  4.6682801159730358E+00  3.5498913423941776E+00  2.1703823460094736E+00 -1.8038273807267178E+00  2.0115941775337473E-01
 -5.4795982419039391E-01 -1.3841176348125364E+00  2.6557173216638765E+00 -8.1186486721517293E-01  8.4990158920019265E-01  2.8474837634219603E+00
  2.7857621853415099E-01 -1.7376846782651463E+00 -5.9083884504563344E-01  1.4521371380642398E+00 -5.9913990858077415E-01  2.7812704821767142E-01
  1.4484460881402816E-01  2.5205668279236484E+00  1.2949930774244638E+00 -1.8194449663070822E+00 -9.9354761659141066E-01 -6.0547926571358279E-01
  9.0958725752089097E-03 -9.4237243175615600E-03  5.7407179287355870E-01  7.8757281192848627E-01  8.6756347058993077E-01  1.0804390132281050E+00
 -8.2291327929823821E-01 -8.7691346349191401E-02 -1.4835249316567159E-01 -1.8520107282076465E-01 -6.3927877180639983E-02 -1.2874150901297809E+00
  9.1952369292502967E-01 -1.5266308887926239E-01  3.4058019161767944E-01  1.7593129571153401E-01  8.3894335107442458E-02  1.1906083741478057E-01
 -2.1053812626867081E-02  1.3008537322881489E-01  1.2221605306182899E-01  2.3183373703135342E-02  7.4075415886415852E-01 -2.3131624526952728E-02
 -1.1606108261188783E+00  8.6112622833391564E-02  6.1287402188652279E-02 -2.0295008434396061E-01  1.7138203525464860E-02  2.3854885099580513E-02
  3.8183627777665040E-04  1.1023933369822669E+00  1.5987585439838529E-02  8.4027867305953718E-01  1.8666477241051338E+00  4.2892240261454655E-03
  1.1639079285776022E+00  6.2280046341506470E+00  3.8836146653246604E+00 -7.6629392610412861E-01  1.3194190197992004E+00 -1.0357097201831140E+00
 -1.0119763543320391E-01  5.7500892444052387E-01 -2.5666723109836207E+00  1.4786309913593700E+00  7.7161094297624733E-01  7.0183650778450168E-01
 -1.0159221813944392E+00  2.5181722739341983E-01  7.5339868025514412E-01 -5.9748151521657480E+00  3.4310418629932149E-01  3.7121687500082725E+00
  4.4580617789892735E-01 -4.0919279006990372E-01  1.4627835631711256E-01  8.5301671748836245E+00  3.0975989631885875E-01 -4.6678164790918704E+00
 -3.9474649515397103E-01  7.3021068774596765E-01  4.8370464917176790E-03  1.2112384025703121E-01 -9.2365145985778718E-01  4.9087883637059009E-02
  1.7662300190751207E-01  1.6036723562581556E-01  2.1844900139867371E-01  6.5809526582020839E-01  1.0987139468067542E+00 -9.8810150875652880E-01
  1.9637074135571992E+00 -9.1018079952841013E-01 -1.7017197601154004E+00  4.5886691854487105E-01 -2.6454703913241007E+00  2.8332316339880839E+00
  2.7001876654888970E+00 -6.2089804363042012E-01 -2.6904863607420149E-01  5.6284718400248268E-01 -2.2369128181450490E-01 -9.6597942695127481E-01
  1.9669427752728876E+00  3.2409563997991853E-01 -1.0162996894354175E+00  4.9466718812958987E-01 -1.6844100161161785E-01  4.8718491290536009E-01
  1.9568759259886553E-01  4.7242964100218277E-01  1.3430620014024632E+00 -6.2715754543481605E-01 -6.9030585352116303E-01 -7.4178001516260095E-01
 -2.2376659101707183E-01 -5.7024276922302823E-02 -2.3342997242593863E-01 -4.1506452664246779E-01  3.3933618165224122E-01 -1.6914029775366260E-01
 -9.2861907014644057E-02 -7.2995707162470769E-01 -7.2531278002471367E-01  4.1635102928894513E-01  2.4934360008207776E-01 -8.8947119433232760E-02
 -1.6474956113299366E-01  2.8211699061496881E-01 -2.5411509021819378E-01 -1.3537049599123495E-03  6.9726825441891419E-02  8.2003025414118691E-02
  2.0232224180385178E-01 -4.7731414548436107E-01  4.8770418941957450E-01  3.4659326913571313E-02 -5.8566136414943050E-02 -3.5968881804654108E-02
 -1.5606826323944906E-02  4.3939898378869559E-02  5.2052281001827613E-02 -2.0943548483367422E-02  1.9690351103930401E-02  3.5196454438393691E-02
 -1.1452898574100097E-01 -1.7173979548068916E-01 -1.5012274733385616E-03 -3.2369971753733122E-02 -7.5406776335347980E-02  5.9755217158141360E-02
  1.6509531226762153E-01  5.4894007960482501E-02 -1.2622184231245763E+00 -3.4615062217635490E-03 -2.2635784456644811E-01 -2.8172263967391011E-02
  3.7563191776780567E+00  3.6988025177517730E-02  5.2879566795381409E-02 -3.5468468908245912E-02  4.2191372069666958E-02  1.1619122812820362E-01
  3.7705233811050606E-02  8.3725680703975042E-02  7.4618984527611183E-03  3.1052567327012998E-01 -4.6965950441585413E-01 -3.9573543094539719E-02
 -7.6547356046596668E-02 -5.0810423645523273E-01 -4.3844966579296635E-01  1.8844161998742345E-01  6.9425102028942337E-02 -1.4587074798268179E-01
  1.3089867696615929E+00  1.0865391540699085E-01  4.5612459125054472E-01 -5.2326562390087128E-01  1.3679611507437603E-01  6.2435849505581599E-02
 -1.0153193697727926E-01  3.6575067653650054E-03 -2.3201086902557372E-01 -1.4146910274458004E+00  1.3080832729481835E+00 -1.0546046279563617E-01
  1.6647924105071595E-02  1.1408703055612802E-01  5.7062185430853996E-01  1.9683568398203479E+00 -1.7731702057216545E+00 -3.3236888707689274E-02
  3.8999767619319547E-01 -1.3207827441253914E-01 -1.4577857644728291E+00 -6.5531251411390501E-01 -1.6267600298848714E-01  1.2993270517941224E-01
 -9.7898993291877526E-02  2.3976142926218139E-02 -8.2206815847188741E-01 -1.8753098777980609E-01  1.9573977729686807E+00  3.8950573695621310E-01
  1.3480753036905918E-01 -4.4392847390147722E-01 -1.5764999240096372E-01  7.7061701705961660E-02 -2.2079956773856457E-01  7.5079700484699781E-03
 -1.5446050571727810E-01 -2.0250588892751981E-01  2.1458856271756491E-02  4.3935269025445928E-01  5.9005279656951598E-02  4.1347010265747214E-01
 -1.0532308528965066E-01 -4.3701367632996957E-01 -3.1174446783050297E-01 -3.3305503027143502E-01 -7.4553274442233558E-02  3.3331826964014233E-01
  9.5201515393174629E-01  1.2078178685389193E-01 -4.5134106910679067E-02 -1.2253878292555855E-03  9.5348891928242951E-01 -1.4093698106876326E-01
  3.6613693033741507E-01  5.2816441924734314E-01 -2.7300679862358718E-01  1.5574537659494433E-01  5.3649213952092023E-01  1.9086067040732197E-04
  2.2753824346633013E-02 -7.3098983891196978E-01  2.0605881940946930E-01 -2.9294645009727455E-01 -2.2409287976003314E+00 -1.6192815211761656E-02
 -2.3690971012038323E-02 -8.9462731705112222E-02 -1.7127727448282126E-02 -4.7336823832728130E-02  1.1586533462826667E-02 -7.1743522798800379E-05
  3.2343511257200133E-03  8.4621781804779334E-02 -8.5633525971645169E-02 -1.4262634150168321E-01 -4.4006726535282634E-02  1.0437593961190003E-01
 -2.0358415976466271E-01 -6.5572945099365032E-01  8.9737925575715232E-03  1.1131494518306148E-02  9.4851339335456537E-03 -6.8950259661337276E-03
  2.1595723710277639E-02 -1.8091357048969175E-02 -1.1991429245510334E-01 -4.7570045268273660E+00  8.5816370887113524E-01 -2.9692289803182635E-02
 -9.5522120235346133E-02 -1.8495830606566978E-02  9.0824131968578664E-02  1.2936103475801994E+01 -1.2121833139030835E+00  7.7340475501915029E-02
  1.4505126175721994E-01  3.8911235268473419E-02 -2.9173072100824615E-01 -1.2227231847077139E-01 -1.5559792451201010E-01 -3.4593315052132895E-02
  6.7827384221084239E-02 -9.9810846347891974E-02 -4.7035962471133685E-01  7.1354842358093218E-01 -2.2355436304679419E-01  2.5420865731027198E-01
 -9.9857074106755192E-02  1.4948245957606388E+00  1.1260847580985367E-03 -3.5445547795182476E-02 -6.5949943487568247E-02  1.4969551603179256E-02
  2.8203525375539461E-02  3.8746049329325245E-02  5.6090466356798603E-02  5.3642336308690579E-03  1.0933727040118487E-02 -7.6291486779706111E-02
 -2.4419964188874062E+00 -4.8659578918126348E-02  1.3882494040602736E-01  2.7353989623413699E-01  6.3834053353903180E+00 -4.5022946905312278E-02
 -2.7662869566432657E-01  1.6784158209963673E-01 -1.1966652654374045E-01  6.7486483985106427E-02  7.1977666057605605E-01 -1.6181333344792331E-01
  1.1371017161940049E+00  3.2357867043486116E-02  2.8429979799481371E-02  1.2163656168208965E-03  7.3636817181180675E-02 -7.8110231782978892E-02
  6.5940616591017381E-02 -8.5170995375355493E-03  2.0296448470266428E-02
