SURFGEN.GLOBAL Hd COEFFICIENTS FILE V:2.8.8
high order tester                                                                                                                                                                                                                                              
ORDER
    2
COEFFICIENTS
ORDER     0 BLOCK     1
  2.1510065674293369E-01
ORDER     0 BLOCK     4
  6.2554726791232390E-02
ORDER     0 BLOCK     5
  2.2018871473287738E-02
ORDER     0 BLOCK     8
 -2.5453333361309549E-01
ORDER     0 BLOCK    10
  2.0709248037666209E-01
ORDER     1 BLOCK     1
 -2.7369121392545959E-01 -1.3245093268824462E+00  2.3304623371783040E-01 -2.1183032191432152E+00  5.1919688560215449E-01  2.2438303908088448E+00
 -2.1137300938337904E+00  4.9814738502173119E+00  1.9464654395908010E-01  7.2178698419353715E-01 -7.6374685520728916E-02 -4.6433711220201324E-01
  3.7060264501342943E-01 -2.2767291678000390E-01  5.4929284674777097E-02 -1.1010986432243108E-01  3.9583276926487429E-02  6.0650283659060659E-02
  1.2742074678149281E-02 -4.0484253409304455E-01 -4.6481541655532210E-01  8.6609774808155404E-01 -3.0259114160111382E+00
ORDER     1 BLOCK     2
  6.6129464819464176E-02  3.9388129194653241E-03  1.2967575331341499E-01  4.4882441872371753E-01
ORDER     1 BLOCK     3
 -2.6722565427893175E+00  8.2627056229219020E-01  5.6475244845323065E+00 -1.9374421311806822E+00 -8.6835001844362136E-01 -4.6850037372465139E-02
 -9.8903999101070020E-02 -2.1766293047793108E+00  4.4799510991667285E-01 -2.0275527530010112E-01 -2.5617181868435590E-01  8.7621138840348678E-01
  5.7371338506162273E-02
ORDER     1 BLOCK     4
  1.5708260708195554E-01 -9.8217543961238707E-01  6.4735947750326106E-01 -2.3326545757432329E+00  2.2090448542035401E-01  1.6692454883969936E+00
 -1.6375363562125544E+00  2.0697693377765978E+00  1.0299129239762002E-01  4.9796724396712860E-01 -1.4484650703689075E-01 -1.0097449651843295E+00
 -2.2355448551359736E-01 -1.6198611018094219E-01  1.7809134000967047E-01 -9.0676472024463176E-02  7.8670210782908617E-03 -2.3319715639461835E-01
  2.4717644756060375E-01 -2.2151684066416444E-01  7.6927570748105123E-01 -3.5944457706774363E-01  1.3719582704263904E+00
ORDER     1 BLOCK     5
 -1.5413921960974256E-01 -1.1288910245284156E+00  3.6553768719560542E-01 -1.4082243913044747E+00  5.3062555476953355E-01  3.0196962187017453E+00
 -3.9475205793864310E-01  1.9337621798956126E+00  1.0675439914341023E+00 -3.1824820584018859E-01  2.6333300776863314E-02  4.2717587343319968E-01
  6.2177844768044588E-01  2.8539945875310863E-02 -1.4021973364053145E-01  1.1992746666335305E-01  2.2329671080008651E-01  1.3324417319047172E-01
  4.6932216316785270E-02 -8.1812045594737937E-01  1.6184779449860412E-01 -2.9906772353658431E+00 -9.5707454111338053E-01
ORDER     1 BLOCK     6
 -1.1361822783029645E+00
ORDER     1 BLOCK     7
 -1.6038139082795660E-01 -8.0116584882808217E-03 -5.8110844092591307E-01  1.0275706660194428E-01
ORDER     1 BLOCK     8
 -2.1981800521199424E+00 -1.4701551277616487E+00 -2.5762468049975323E-01  2.1122577055352538E+00  7.3456803191194417E+00  6.5525750014401147E+00
 -1.6288878578889037E+00 -3.6001579817415332E+00 -2.5502136604679233E+00  4.8992031260399960E-01  5.9699916398294785E-02  2.6634663147562027E-01
 -5.8534994266663887E-01  4.5391977216739271E-01  4.1377438479329809E-01  2.5408837409349716E-01 -5.4780477453386760E-02 -1.7667781208928232E-01
  7.4737434581664902E-02  8.6136394753740486E-01 -5.3227176587991765E-01 -2.9509388801978371E+00 -2.3021825193742562E+00
ORDER     1 BLOCK     9
 -1.0136063937626096E+00  9.7106670944979656E-01  2.1434298425917655E+00 -2.2140183918912202E+00  2.8992113264064201E-01 -1.4954548668849904E-01
  7.3994896040473301E-01  5.2901079370995174E-01  7.8236318505959856E-02 -2.9511058212687652E-01 -2.6147009843890767E-01  4.4408242639760914E-01
 -1.1813702993304525E+00
ORDER     1 BLOCK    10
 -1.4667235132769301E+00 -1.6147564362042814E+00 -4.8103720283528345E-01 -1.3989628741248432E+00  2.1291902255219446E+00  2.2235929139715465E+00
  3.3178293598878632E+00  1.6717758933817719E+00  5.1272988277756526E-01  2.4684348329683864E-01  1.1692798160857439E-02 -9.4497205494298062E-02
  3.0081027901859264E-01 -2.5902921802684825E-01 -3.1300651067419760E-01  8.3541922199232878E-03  2.0067972536134265E-01 -5.6494096655089227E-02
 -9.0055069531097862E-02 -4.1305614338431995E-01  2.6103653947505734E-01 -1.5036352214307716E+00 -7.3214738802520141E-01
ORDER     2 BLOCK     1
 -1.0007587921366317E+00  1.1309710934829560E+00  6.0097351654022457E-01  4.8135905724370093E-01  4.8109976955337019E-01 -8.7557420599354785E-01
 -5.2250733832370422E-01  1.2602772639015110E+00 -5.0820293525572428E-02 -1.1840554122515554E+00  6.1259266570458954E-03  2.2771643634858768E-01
 -1.3636430468909282E+00  7.7354341925415870E-01 -1.3100173760693119E+00 -2.3820836989429086E+00  1.2846842731235151E+00  1.2595565696221727E+00
  2.4063347498813412E+00 -4.1683557422941014E-01 -2.2231710386855824E-01  1.5076131796632499E+00 -2.2962992788563302E-01  3.0639307113869698E+00
 -7.5354276930893060E-01  8.7930454300363858E-01  2.3989258756698275E+00  5.2950251078458554E-01  1.9978611985854877E-01 -1.0328447220659216E+00
 -2.1807480650842179E+00 -1.2460259850913926E+00 -5.1331198529498412E+00  2.1431099380540832E+00  4.4390694731044633E-01 -9.8999253375002538E-02
 -5.7884203067857409E-01 -3.8743252792127558E+00 -4.4575341513213218E-01  9.6696437597720164E-01 -1.0697987344367135E+00  1.3707555527918480E-01
  1.5103148692177399E-03  3.7443720307669121E-01  1.2734813113502939E+00  1.5823423371814013E-01 -2.0676900404559115E-01 -9.5346773271351282E-01
  3.2294501548824767E-01  4.5015802635354368E-01  3.5769409204111419E-01  3.5149100665775945E-01  5.1824198787316211E-01  4.9106389452145871E-01
 -1.9042783046992817E-01 -7.3558919994268723E-01 -3.1744827910193507E-01 -2.5869155849399739E-01 -1.1166363142690246E-01 -3.3364639936128626E-01
  1.7533385639014112E-01 -2.3126699684144378E-01  6.7991962527930383E-01 -2.1867085782028994E-01 -5.1040139886290997E-02  5.8512409865289927E-01
 -7.0098433263512372E-01  2.7153567185751865E-01  1.8022108385047270E-02 -1.9247319027914954E-02  1.2244874717705652E-01 -9.0708187771076976E-01
  9.9270917808375070E-01 -1.8761100337886361E-01 -1.7361622330221919E-02  3.3745081521205485E-02 -1.6310344736721483E-01  5.1900054998547801E-03
 -2.9241978415936321E-01 -1.5961268591822872E-01  6.2662361811228168E-02 -3.3739409813977606E-02  1.2393165144475857E+00 -6.5145883568397220E-02
 -1.8767551804347795E+00  5.6771186232902400E-02 -5.9729676663925778E-02  2.4723391283865474E-02 -5.1697811281756191E-02  2.1209867974824313E-03
 -2.9294631170241404E-06 -1.2767381846052082E+00  2.8807062415780134E-02  1.7662574862209781E+00  1.0409482764827902E+00 -1.9924484093252978E-02
 -1.5802799582652045E+00  1.1219419116057332E+00  1.4798523852473322E-01  3.8810148920459748E+00 -8.3444322493118572E-01 -1.8192395269280390E-01
  3.9211916158028509E-01 -5.0228674075202262E+00  3.7594973566706047E-01  2.2744457010528854E-01 -9.4560744888378601E-01  3.4722129465749324E-01
 -9.2589621132620792E-01 -9.8260103389320938E-02  6.8525607695590873E-01 -3.3327728315945832E-01 -6.4106510651445758E-01  1.6943875959480650E+00
 -6.7189324075372192E-01  7.9099133198270399E-01 -1.1245231918993743E+00  9.3083796953027287E-01 -2.8788014243726123E-01 -3.3800718961292135E+00
  1.1889565144555678E+00 -6.7190554002930203E-01  1.1243142114724167E+00 -1.9355472795332701E-01  3.5132974641885839E-01 -2.6245177287719723E-01
 -1.0194635993468364E-01  1.5204394906172375E-01 -3.6071931522081740E-02  1.4197582219329044E-01  1.4886561563135381E-01  2.0437505844933809E-01
 -1.0974762563498855E-01 -3.4111590745306719E-01  7.0670624142670402E-01 -1.2646058478304192E-01  2.9425701904087598E-01  2.9613126826432898E+00
 -9.0869704843754040E-01  7.9078573429391660E-02  4.1726585355023782E-01  2.3249378956603988E-02  2.1819453973826322E-01 -5.5744288747058401E-01
 -9.5339397037798324E-01 -3.4818212955185135E-01  2.7840779647219199E-01 -1.2716175277846578E-01  1.0106901888208299E+00 -9.6579267267465213E-02
  4.1966497257326107E-01 -7.8073874904380114E-02 -4.3901568712118799E-01  3.1468040454031221E-01 -1.6529360402355442E+00  7.8467126509282226E-02
 -4.8643104422639949E-01 -2.2712956734263817E-01  8.3486091436908147E-02  3.0639577206400287E-01  8.3052196248821250E-02 -2.8840943609802910E-01
  2.6538638345356791E-01  8.7419895493394395E-01  4.3820130448967659E-01 -8.8088249977291777E-01  1.0313469096021316E-01  5.5178526514558990E-01
 -2.1723133907914347E-01  1.9237882642788307E-01 -1.3996759024995564E+00  4.4575935162473532E-02 -1.6446144614627952E-03 -7.7208681677815039E-01
  3.2128040811333042E-01 -2.5647864882021559E-01  3.6098102738557576E+00 -4.3397567602243399E-02 -2.4798731694221338E-02 -5.7979266711875983E-02
  1.3140471936287802E-02  4.0283775489067114E-02 -1.4316759102173867E-02 -5.9689609985790884E-02 -3.4903184087104876E-02 -7.4881363198956274E-02
  2.9424466226739839E-02  1.4801654769872424E-01  4.9559824122337531E-02  1.0734579521254473E-01 -4.1400627343060855E-03 -2.5367999774647484E-02
 -1.0739138244471341E-01 -7.3972149975609483E-02 -3.3769516687891915E-01  5.2274552841759421E-02  1.7600435078191362E-01  7.5872555022540186E-02
  1.2615191916612194E+00  1.1735185255295587E-02  3.0890776761094658E-02  8.2776094998204489E-03  1.4066095928809077E-02 -1.0813486304503512E-02
 -1.3146493246333301E-02  1.1831781342029573E-02  3.1702242481881763E-03 -3.6410702123300193E-01 -1.3741763013100958E-01 -1.6263046627637903E-01
 -4.6832371667398193E-01  5.1934606500143454E-01 -5.2605361298130038E-01  2.4163270806306245E-01  1.2959353917951535E+00  3.8335664902993455E-03
  7.5491948099430173E-01 -7.4278460938328753E-02 -1.0269836331050636E-02  2.3834955326951485E-01  1.9750769706098190E-01 -1.1690583001521859E-01
 -1.5162301292786509E-01 -1.1402226179309395E-03  1.8810417983476610E-01  2.2614749684882912E-01 -6.1070032308637501E-01  1.4435219155296844E-01
  5.9102599081703844E-01 -1.4593812780921026E-01  5.3397827143302312E-01 -3.2873187474766508E-01  8.4969647822895245E-01 -2.0344690898423323E-01
 -1.0809808201110254E+00  2.1763393794902108E-01 -6.0259518925743905E-01  1.8250841618237370E+00 -1.2659847338123803E-01  6.6744836907672273E-02
 -5.5093296556053863E-02  4.3025664297406223E-02 -1.7233146369148170E-01 -3.6972112979803978E-01 -4.1904350064353918E-01 -9.5359242601471036E-02
  5.4825948753142298E-02  7.5804792054039186E-02  5.7093034946672894E-02  2.2763305722131175E-02 -1.6104701750194153E-01 -1.0254546799344991E-02
  1.0919398676375491E+00 -1.6332137056432250E-01 -2.7688243869473547E-02 -2.6217079053663064E-02 -1.3273288791374804E+00 -1.9032836550643123E-01
  1.0200647537971709E-02 -2.5963052387525383E+00  5.0031535347056448E-02  2.6447378151746737E-01 -4.6142282852854856E-02 -3.6714781357137355E-01
  3.3407607545767970E-01 -3.1971662025745518E-01  2.9377116393816521E-01 -5.5253825848402639E-02  3.0936089738692685E-01 -1.0780915692358371E-01
  4.7079547090407216E-02 -6.6160467725471045E-02  1.4522491864457893E-01 -1.2689724100074495E-01  9.6387369086409325E-01  9.9666127307457050E-03
  4.2786779135823148E-02  5.9152383802322912E-02 -1.3268533214492270E-01  2.0633371847615123E-01 -3.2073090058007687E+00 -1.2435505361034575E-02
 -4.2979449916952926E-02  4.9866647523512130E-02 -3.5286706527796530E-02 -1.5110104757577958E-02  1.5636796231773883E-02 -6.5910091467201995E-03
  1.3597561372545189E-03  7.2711610290253137E-02 -1.6102923898741522E-01 -1.7375260176242358E-01 -3.2932771913155100E-02 -4.7876709584866693E-02
  6.3280604923553724E-02  8.5357018294396236E-01  1.3577315466790198E-03 -7.4337516082789781E-03 -1.6634837760252780E-02 -1.1914335574902610E-02
  3.1945149974218039E-02  2.4153157244763843E-02  5.3155862383692749E-02 -2.5557076984929346E+00 -6.4796649758958991E-01  1.0330660239374936E-01
 -8.8605427826721331E-02 -6.3617703672556661E-02 -2.7338624067163596E-02  6.7007834877313224E+00  9.2692236598720856E-01 -9.2918056445836089E-02
  1.1069132997077355E-01  7.9649342060691103E-02 -4.0058086301030360E-01  1.4622421965969546E-02 -1.4864897297014068E-01 -7.9333674584540687E-02
  3.4998633064761017E-02 -6.6300232142248117E-02  8.5998596427796462E-02 -1.5807103062876579E-01 -1.3574769101519948E-01 -8.5242654708869547E-02
  9.3720085745942774E-02 -1.5471117380835815E+00 -2.4852455020549200E-02  2.6182542584198800E-02 -1.0683089693930460E-02  7.5971664507136433E-03
 -2.9140526236877785E-02 -5.2382719307990299E-03  1.6290423987612603E-04  1.1798038782815741E-02 -1.5701120816931098E-03  4.3776097514895695E-01
  4.3079733340991337E+00  1.4083313576410841E-01 -2.8098412470812978E-01 -6.1876137002000653E-01 -1.1779438932008453E+01 -1.5139329557491210E-01
  4.4426460547594487E-01  2.7861227402172249E-02 -2.6830453964818281E-02  3.0879953728519760E-02 -5.3273120001854531E-02  1.5654784016980067E-01
  5.7402788702781145E+00  4.5541245951748938E-02  2.8562267617511187E-02  5.9279965012363758E-03  1.9826740922397557E-02 -3.2609083899872181E-02
 -3.7883607666861198E-02  1.3958952853136647E-02 -4.7951766735898332E-03
ORDER     2 BLOCK     2
  2.1098369323699182E+00 -1.5508690784434274E+00 -1.5151864262800154E+00  3.2420965626951970E-01 -3.7844102479177617E+00  2.9292319675560674E+00
  1.6681905958921404E+00 -4.1992591061366497E-01 -6.6496684826374053E-02  2.0809007113195035E-01  7.4336994888593710E-01 -5.1260088632368403E-02
  3.5437874114708078E-02 -2.2460568573766967E-04 -1.5733359951718991E-02  6.6080948477582890E-02 -4.2863917908442822E-02 -4.8639041722465653E-04
  2.4130534890690482E-02  1.8254629451152984E-02 -1.1404860596841713E-03 -4.7858526210426090E-03 -8.3017452939883896E-01  5.7108525633598717E-01
 -7.9498246873137224E-01 -2.2642832916311662E+00  1.0706450865031911E+00 -1.1835721401885686E+00  1.1692567176703748E+00  2.5566702629699467E+00
 -1.5396356569182168E+00 -9.4564962406402753E-01  1.0750458118779362E-01 -1.0320331077337017E+00 -1.4135748803894006E+00 -8.8816565588116370E-01
 -9.0383127521580481E-02 -2.6545918205352081E-01  8.3053763403307646E-01  4.9261564198666530E-01  1.6564810982133173E+00  2.6668237911069985E+00
  1.4703643918316905E-01 -2.0301325101778381E-01 -7.6985521330273710E-01  9.0101690919525690E-01  1.6460599886942393E+00 -4.1692313907039719E-01
  2.7459026124914238E-01 -2.7229158996906216E-01  9.8215296878778141E-02  1.5595222733139531E+00 -1.5448851194305630E-02  8.5177463933932140E-01
  2.3207758922221322E-01 -2.0760281572378294E+00  4.6550230404890036E-02  1.5364307165192372E+00 -4.9641912208517369E-01 -1.4256533041336747E+00
 -3.5046329568999618E-01  1.1926271034695667E-02 -1.9336147809389118E-01  8.4684174827664971E-01 -1.2389133606248909E-01 -3.4617019576537421E-03
  2.5609321993382630E-02 -4.9760696771983015E-01  9.6858281748709929E-01 -3.8060537804489071E-02  1.7468686093302550E-03 -1.7905781016045366E-02
  5.2180004911016676E-03 -5.7263730232704625E-02 -2.5683775831130535E-02  1.0988166707369491E-03 -6.9046516549955028E-02  5.1155523394845588E-02
  1.2558784151726149E-01 -1.8616274034573353E-02 -6.0422246530521728E-01  1.3190972475005835E-01 -1.8693709867255845E-01  1.8878144688413971E-02
  3.5082765404756516E-01 -9.7541431305089155E-01 -4.5929201106583767E-01 -4.0943007569786988E-01 -3.3583393001699068E-03 -7.1560389237944588E-01
  5.8643450292634169E-01  1.1054223565544603E-02 -8.1554671200627374E-06  2.5907499328403999E-02 -1.4835832543040969E-01 -7.8702867169088558E-02
 -6.5304170950715806E-02 -5.2793581872506816E-03  7.4895865727700628E-02 -3.3924458877179964E-01  1.8328726418080626E-01 -7.5902560414727802E-02
  2.7541838333003067E-03 -5.5012538969277935E-01  2.3130815344572467E-01
ORDER     2 BLOCK     3
 -1.9029919171542138E+00 -4.8560514736199547E+00  3.9918002729185470E-01  1.9045944906154715E+00  1.7892797839919072E-01 -5.4001225551904375E-01
 -4.3067129223740643E+00 -5.7902713591745982E+00  8.3782013217489446E-02  3.9059752696891414E-01  6.2969402276288600E+00 -6.0408610737991331E-01
  2.5680639755341810E+00  5.0701225292058680E+00  4.9705213621264495E+00  1.6010230198714746E+00 -5.4692694052532920E+00  6.0968549623232549E-01
 -1.8495727864947507E+00  4.3909677606706170E+00 -1.2455362199211852E-01  3.5000530703693064E-02  4.6572205263349664E+00 -1.4356659929779352E+00
  2.4876080438763535E+00 -1.1714522601982823E+01  5.0137546993150330E+00  6.5017318771940760E+00 -4.7524438225449224E+00 -5.4330851606638921E+00
 -5.8687555804646063E-01  2.4420030186754166E-01  1.0364872439336239E+00 -3.4017907462098942E-02 -2.1578466265095626E+00  1.5865260998937545E+00
  1.9024212532006017E+00  5.1589289615080869E-01 -8.4752830258094780E-01  2.9830245491476576E-01  3.4109420704111195E+00 -2.7793922155972011E+00
 -2.2970770223661039E+00 -1.1887432926732273E+00  9.8139585630352311E-01 -7.4873334082828324E-01  6.9030625043345140E-01  1.0584144027160804E+00
  6.5286739090574031E-01  1.6808875644616468E+00 -1.4702526110673215E+00 -1.4740727629505768E-01 -1.7355534208140394E-01 -7.7451569641072460E-01
 -8.9014191826037559E-01 -2.5993338506402548E+00  1.9459347172036228E+00  1.1799169475780136E-01  1.9518230527461075E-01  1.3301013664212660E+00
  3.2208200690094912E-01 -1.3038657181641364E-01 -2.9233655458853547E-01  6.0607098750423548E-02 -1.1638315346764396E-02  9.0801989723755983E-01
  3.8415760579268072E-03  1.7810629241529577E-01 -1.8178816101132184E-01 -1.2132694738353502E+00  1.4651832516498242E-01 -3.0764211286534454E-01
  1.0055023705486066E+00  1.6486569588817052E-01  2.2369662282504937E-01  1.1559518086502767E+00 -1.2715302200100306E-02 -1.9252301865106820E+00
  1.6433703830027164E+00  2.2168126295415858E-01  1.4797516574853276E-01 -1.9888499731413703E-01 -2.0010505191506271E-02 -4.4193828505138011E-01
 -2.5724322941447161E-02  4.5196936008597310E-02 -1.0707655168545181E-01  1.8899039170408958E+00  3.7607616031527424E+00  2.6322030140556114E+00
  1.0944981181288610E-01  3.3363436876222352E-01  4.4926343963114956E-01 -2.2769982811271308E+00 -3.5177867298962129E+00 -2.6585496005502596E+00
 -4.6765383761986368E-01 -1.6134551310020924E+00 -1.1578517091190630E+00  7.6223403290898117E-01 -1.2151882030639056E+00  6.0561525241006720E-02
 -1.8510726929721138E-03 -1.1839205757434565E-02  4.4648346407804240E-01 -5.6234569163759418E-01 -8.9043982341813044E-01  1.0561665731895656E-01
  1.5396726437093624E+00 -2.8990667735413755E-01  1.3175897987185145E-01 -6.1920430312703989E-01 -3.2488100927830471E-02  2.4506109820117667E+00
 -3.1018446813557499E+00 -8.7113220340246889E-01  1.2679321565040422E+00 -6.4292858873879588E-01 -1.6702275760744092E-01 -1.2300133281974939E+00
  5.9772692550311453E+00  1.3364284700242202E+00 -2.1857820429564310E+00  6.8386580689237197E-01  1.3908904481297177E-01  1.9809474110636280E+00
  7.3065005041423742E-02 -4.2930812430293014E-01 -1.7281782709271523E-01  1.7966660557590228E-01 -2.0141082584847272E-01 -1.5231105828830202E-01
  3.4907880211642617E-01  6.9251080405731213E-01 -8.9377152427439543E-01  2.4020593300920520E-01 -6.4927229701107078E-02  9.4671969720621785E-01
 -3.4128839482163870E-01  2.9420950415774691E+00  1.6365785365797404E-02 -4.7724614154564388E-02  1.6869915198662827E-01 -1.3117947365687364E+00
  5.0214240632955998E-01 -7.8491734761021430E+00 -8.9489582603782970E-03  1.2765656746216772E-01  2.9257490257254487E-03  1.1120012153200826E-01
 -9.8883491717089822E-02 -8.1964298350935827E-02  5.5192882882856675E-02 -1.2664165145042891E-02 -1.2797316243347800E-01  6.0684321055201598E-03
  3.9497206552408175E-02 -4.5612519764039405E-02 -2.7206070348512232E-02  1.7454848636065237E-01 -6.7105513992734889E-01 -1.2361303470069511E-01
  9.8511874419563272E-01  1.6676387921532515E-01  4.5628807377013608E-02  7.4798871445166004E-02  2.7610564730186100E-02 -1.2148223625173515E-01
 -1.1775197025580243E-01  1.3433785898378479E-02 -6.2709115787025815E-02 -9.3491965082342177E-01  2.6227578467228840E-01  1.6397366299486071E+00
 -2.4976359108876675E-01  2.0988650940752274E-01  2.4247133413523511E-02  2.2568553523888396E-01  3.4128304886003941E-01  5.6056087076577304E-02
 -1.7782638019785950E+00  5.2875343079354498E-01 -9.2917109678906351E-01  1.2331783853065863E+00  1.1259203000179702E-01  3.1639231672722934E+00
 -2.1280197571814981E+00 -6.6760825342051089E-01  1.3177848604759843E+00 -2.0409483978788723E+00 -3.0220855826374743E-01 -5.2604529941847264E+00
  4.8810567636039220E-02 -3.2136201685087512E-01 -1.5414759979623949E-01 -1.0816907088736723E-01 -4.7315927437564728E-02 -6.5243678439906180E-02
 -2.0848218467751134E-01 -1.8661194392990452E+00  2.3794820021789206E-01 -3.3478452458529284E-01 -3.5308016836576922E-01  3.8198355493838676E-01
  2.2536112108542095E-01 -1.6095265812279620E-02  5.2332615978038100E-01  4.4277161509197350E-03 -4.7225032345840456E-01 -4.1825723656536512E-01
  6.3827005024747230E-01  1.4713318638501854E-01  2.8277599668139416E-02  2.4090161955584836E-02  2.4160271825188462E-01 -1.6117106018872942E+00
 -1.2641037657759971E-01 -2.1106508991301145E-02  3.0550620038450793E-01 -1.7017508602273457E-01  1.0488351603827857E-01 -3.5386080919998392E-01
  2.2792296431935249E-01 -1.5676827907500676E-02  4.4177424017962194E-02  2.4414211238479558E-01 -1.0224263461855691E-01  5.2410546358742971E-01
 -3.6454885833551492E-01  5.9403891412557900E-03 -6.4884245623450604E-02 -6.3599224492327050E-02 -3.8269931628277618E-02 -4.9076089557048105E-02
 -4.5692923750673149E-03 -1.7893392001710050E-02  1.5411949166444906E-02 -1.1301123777312870E-02 -2.1531019490770343E-02  1.3421060595342451E-02
 -2.5710739848960738E-02  4.6328186502055200E-03  7.5744377349649145E-02 -1.7489074972232552E+00 -1.1867795444997980E-02 -6.8447041689284234E-03
  3.0041429883627374E-02 -2.4766520126009758E-02 -4.6034679847409644E-02 -4.7818750474422789E-03 -3.5667665605738363E-01  1.9294617276455577E+00
  4.9776750664673763E-01  2.2993173391151551E-02 -2.6443828556894494E-01 -3.0496317418185398E-01  5.0355368296775260E-01 -4.9953221441859554E+00
 -7.4374644892983599E-01 -2.1007941857782274E-02  2.6629677648228145E-01  3.9124549635695000E-01 -2.3606748219078968E-01  1.4501432757460214E-01
  3.6983351963532654E-02  1.3367583915697406E-01 -1.6631871890127248E-01  1.2200040686226762E-01 -5.3647734916558609E-02 -1.5470358335898179E-01
  6.4524141972450477E-01  3.4143685425445706E-02 -1.0286196022212897E-01  2.7311779189843399E-02  3.7251267923744315E-02 -2.4372884816724675E-02
  7.4157373233188800E-02  3.7702446540238549E-02  1.4789329769568310E-01 -1.2812244186953831E-01 -1.7990886699330334E-02  1.1191947624730983E-02
 -1.2458266224026119E-03  2.5729374407827726E-01 -6.2802937549392493E-02 -3.7104557588704035E-01 -7.4682064449821273E-03 -6.2259656745213363E-03
 -6.7324456333711077E-02 -3.9387843938644251E-02 -1.3198409446145271E-01  1.1758460499395644E-01 -1.7135605847709463E-02  7.4662370004450179E-03
  1.6393638156816919E-02  2.3350120231756328E-02
ORDER     2 BLOCK     4
 -1.1369642650855771E+00 -5.4006923955743968E-01 -7.2521359772613736E-01  5.7741990068214100E-01  9.1167484452110842E-02 -4.3346902475477228E-01
  1.8029249423006930E+00  5.1945092195326364E-02  1.1245639292776770E+00 -1.8067190943745277E+00  1.4360311581633269E+00 -7.3545080175085553E-01
 -3.7718677143616508E-01  7.0992056716544860E-01  5.1924923218408481E-01  2.7383942922372642E+00 -1.3173897199749314E+00  6.6406630734403826E-01
  2.5864774819616616E+00  1.1571920513541956E+00 -4.7011309806112123E-01 -2.3572618458207710E+00 -1.9622324266081059E+00 -3.7387792966896041E+00
 -1.0516069683616742E+00  4.5622006582502861E-01 -1.9276479019560280E+00 -1.9025880684823263E-02 -5.7550624471757683E-01 -1.6121993366475915E-01
  1.9572327907220834E+00 -7.0327071185255641E-01  2.7883452318399895E+00  1.1140778719613551E+00 -1.7813331470768190E+00  4.9415941296232219E-01
 -3.5393390614403875E-01 -8.0851470077465870E-01  2.4519703346488368E+00  2.2906656469751444E-01 -7.0670911168191053E-01  1.3547613133785839E+00
 -7.4056808408460029E-01  9.7922075433272771E-01  7.2498024312203391E-01 -2.3354692485393924E+00  6.4991378332650884E-01 -1.4142359269821041E+00
  2.9051874050557985E-01 -7.2038171154771835E-01  5.2015116212529910E-01  3.7480494664666386E-01 -5.4427706214921663E-02  1.3546164209202873E+00
  4.1735867420508455E-01  1.3369143179653453E+00 -6.0910709086225368E-01 -3.4797088679267951E-01  8.3188447095654638E-01 -1.4843547659343734E+00
 -3.1611443732119043E-01  1.3348052552251768E-01  1.2320286138502567E+00  2.7346268296706366E-01  1.6724125270136467E+00  1.4346611050809507E-01
 -2.8191202052957054E-01  2.7990187812582956E-01 -1.2547504416538773E-02 -1.0797586031806321E-01 -9.3430083496046090E-02 -8.0464473135104159E-02
  5.4174155133386115E-01 -4.2848638112429949E-01  4.4548277699680207E-02  1.6098111146912714E-01  6.5946702361511872E-02  2.6844646775818298E-01
 -4.9962212418317642E-01  4.5793651188478685E-01  5.5029791255357972E-02  1.2734265356456081E-01  3.1582327867351218E-01 -1.6401664955311424E-02
 -5.8045563520288834E-01 -6.0227609165481977E-02 -3.5580304361915355E-01 -2.2626233241155067E-01 -9.7379342838195646E-02 -7.4190372978384230E-03
  5.0349034510546893E-04 -5.4149607461279137E-01  1.9332443889648835E-02 -6.0208785085672323E-01  6.0322157036318891E-01  3.3892158303545071E-03
  1.3165209447938002E+00  3.7163360154906875E+00  4.3826216353948446E+00  9.3314779410209052E+00 -2.7417683667871451E+00  2.3282274405228673E-01
  1.0722667208278771E+00 -1.3112590690199564E+01  1.9150398012757701E+00 -2.5614452141214256E-01 -1.2969646869006366E+00  1.1605321204574433E+00
 -2.5780417529654960E+00 -7.0100599220174475E-02 -1.9421890721614604E-01 -3.5011284765771089E-01 -3.9805165574564971E+00 -1.3899099259986774E+00
 -1.3951628834789220E+00  2.9105073245027163E-01 -4.2737869260631756E-01  8.1036006556306250E-01  5.5042206012621060E+00  2.1341684474742695E+00
  1.6271827010805182E+00 -3.5979552490730432E-01  7.7138422241737170E-01  1.1349404556393630E+00  4.4652875894566402E-01  4.2379351398956167E-01
 -3.6623391761048585E-01  5.1096684125715101E-02  1.8875955839352374E-01 -4.7677387003507304E-01  1.6310780593066515E-01 -6.9096766334177917E-01
  1.1083222562422010E+00 -7.2464076709882008E-01  7.3614086730607264E-01  5.3157711102485061E-01 -1.5491055992008340E+00  5.8203703766949300E-01
 -6.7155548121369457E-01 -5.9772961583413198E-01  3.8617855572141957E-01 -4.0088825573215262E-02  8.2699535211679290E-02 -2.1273165349510967E+00
  9.6127801410965164E-02 -4.3191816136550459E-01 -6.8148680683392771E-01  9.7694503002099281E-02 -2.1401152710898289E-01 -7.4952008946895660E-02
 -5.7364132724115591E-01  9.6544444035215649E-01  1.0428558358824835E+00 -2.6124612110402867E-01 -1.8879343939072424E-01  8.4544813941879862E-02
  7.9485364874173348E-01 -5.9206978173293283E-02 -3.5366653493966060E-01  6.3464325230352140E-03  2.7542507352094142E-01 -8.7834257931657181E-02
  7.4675347200833936E-02  2.1063798025397813E+00  1.1006143439333685E-01 -8.4089593985615141E-01  1.1103174208702080E-01 -5.5073467636138795E-02
  2.4793820515969553E-01 -9.7990020601888290E-03  5.8373041060989606E-01 -5.0657225345136364E-03  3.0700042705939082E-02  1.0858654536474976E-01
 -3.5060801133586067E-01  1.6050566844169247E-02 -1.8515789260403932E+00  1.2359900629753727E-03 -4.1030080169307925E-02  2.2841097209171910E-02
 -5.3648497412831564E-02  4.3769668569955539E-03  1.6968158688065178E-02 -2.4597803067172790E-02 -5.9447373424407054E-03 -7.5173833406171300E-02
 -8.9527032115430921E-02 -3.0550052802768651E-02  1.6266642994497812E-02  2.8713830802101731E-03  7.9628741542339190E-02 -1.9038832292009977E-01
  8.7789103090253529E-01  1.4375344079234156E-01 -2.7854594115968800E-01  2.7087655927153315E-01 -1.1731077398216405E+00 -1.7326445736170576E-01
  7.7736048546678127E-01  1.4087018505805199E-01  1.0530699295577869E-01  3.4961957604089981E-02 -9.6656806291996286E-02 -1.2351001230121215E-01
  2.1258140601410264E-01 -3.3167361896230423E-02  9.6709624416092977E-03  7.4381410629942535E-01  4.3760170338634197E-01  1.1418603258428250E-01
 -4.8445356570228032E-01 -9.1272152134783868E-01  5.4591883730297441E-02 -2.9360624675159747E-01  1.8145138743009503E-01  2.1232868877831551E-01
  2.4564462207901427E+00 -1.1289928475370338E-01 -5.7377278046862079E-01 -4.1326082548289450E-01 -2.0359505275322563E-02  2.3731800583504531E-01
  1.2485256622114084E-01  5.4898484854970633E-02 -1.8163440482050902E-02 -1.7532368118080746E+00  3.7954241228234675E-01 -4.0478494739532406E-01
  1.0889254513093434E+00 -1.4765725057628482E-02 -2.1228878537882900E-01  2.4234316019601323E+00 -5.1684986452527026E-01  6.7210259714181753E-01
 -1.9766771987592384E+00  7.8448533257585509E-03  2.1255757845815823E-01 -1.1555706737275313E+00 -3.3292525524362654E-02 -8.1945898287369937E-02
  1.1956553274760397E-01  2.6375820337174054E-02 -1.1012554387868090E-01  2.7039160736707440E-01 -5.8569417173843508E-01  1.4298133876248340E-01
  5.6686369838259504E-02 -4.1239926087115186E-01 -2.3226712133262026E-01  7.3019817806845265E-03  2.3988670201725995E-01 -2.3259302630465890E-02
  5.3959884581875306E-01 -1.0329379392974356E+00 -2.1122483292182637E-02 -2.3715388429529392E+00 -8.9264742677007558E-01  1.4574880046637273E+00
  1.4630504262327987E-01 -1.1807793475777852E+00 -4.3492464566624639E-01 -2.6407279896299085E-01 -1.5682090412373134E-01 -4.9280539677242508E-01
 -1.3773898636635700E+00 -3.9625104241046288E-02 -4.9140433909430563E-02 -4.0943079756768204E-02 -2.4696564247161829E-01 -8.3396426762074524E-02
 -2.0834789207566604E-01  3.1873410139109154E-01 -9.6996158877067140E-02 -9.9033963283336413E-02 -4.2557549228194635E-01 -8.4203484315433230E-02
  2.7951276393145291E-02 -4.6906034460182544E-01  1.8067415500099673E-01  1.3201512478116464E-01  2.3782120392084978E+00  8.1579128754117491E-02
 -2.8294321926852033E-02  1.2238310277451304E-02  1.3121801416450614E-02 -2.4715604709615462E-02  1.3669219860544217E-02 -1.3863392802615645E-03
 -7.2794202811560602E-03 -3.2816525126082179E-02 -1.8223715881053648E-02  2.9884298713621926E-02 -3.6300224167104309E-02  3.3290892427110350E-02
  7.8221126724417507E-03 -1.4435645033040672E+00 -8.7889292371480000E-03  1.9315326568758437E-02  9.8311429981147794E-02  1.7388477643956962E-01
 -1.3701955852774361E-01  2.2806323474417890E-02 -6.6938438149100069E-02  3.6106863599282581E+00 -2.4588063751706446E-01  3.6001542662478192E-01
 -1.4029800568400685E-01  3.4609576459775970E-02  2.0020730092831433E-03 -1.0106730443637881E+01  3.2097032574461076E-01 -5.3589679707027060E-01
  1.7876916302278190E-01 -3.9634802570454146E-02  9.0398447063847850E-02 -5.9041040716268110E-02 -1.4349715732008730E-01  6.7734015869704067E-02
 -9.9331424783066259E-03  3.1850517169955037E-04  3.1387573405428554E-02 -3.1038400303155655E-01 -1.1332836839645274E-01 -2.0428378365090375E-02
 -2.8446763003822536E-02  1.0320734401224723E+00  2.5675639472339414E-02 -3.3777101451792073E-02 -7.0888462775928404E-02  4.9280311364624380E-02
  1.0377385599184417E-01 -4.8105430067501960E-02  6.4847027545647487E-02  5.3278166590163519E-03  2.3430841895908987E-02 -2.0487759259657318E-01
 -7.1110209979142205E+00 -1.6581424637439453E-02 -6.2479184828987407E-02  3.9844654137543345E-01  1.9503399806062244E+01  5.2064356378132622E-02
  6.5763087608802839E-02  1.1913681991419749E-01 -7.0497715881790504E-02  8.6763665211541871E-03 -1.7364850170357954E-01  1.3212788108771867E-01
 -2.7637569925902530E+00  1.5588508021926510E-02 -1.1133618309798214E-02  1.8784744993105378E-02  1.5158230448248959E-03 -6.1369475621647726E-02
 -1.0090123979621730E-01 -9.9023739098655066E-03  1.9050484797537390E-03
ORDER     2 BLOCK     5
  8.8987022184178755E-02  4.7792004323615918E-03  7.2803054341721629E-01 -1.8517814710526559E+00 -1.7428344727330742E+00 -1.3185703299310203E+00
 -1.2326027004536884E+00  6.9822972763913763E-02 -6.5227782019361213E-01 -5.9071033888860514E-01  1.5963853606727585E+00 -2.0726260305374053E-01
 -1.5767151525777448E-01  5.6070448756382854E-02  9.4696779951238458E-02 -1.6323329742238195E+00  3.6304485208835642E+00  1.8275710065458504E+00
  1.4981884972786490E+00 -1.0138363946702666E+00  9.2695975949895815E-01  1.8919696870666063E+00 -2.0616872454909756E+00  2.5586668627046696E+00
  2.8173388165771893E+00  1.1077883254265155E+00  2.3454184757778966E+00 -3.0580141212702212E-02  3.0625998074477306E-01  4.7056074975902812E-01
 -6.3119195240695589E+00 -1.5389335641206527E+00 -4.0335251181928591E+00  1.9785343443163876E+00 -1.6690713221689684E+00  2.6075399105645225E-01
 -1.6726043592264936E-01 -4.8126177753136430E+00  2.1621127182470512E+00 -3.1193056185742446E-01 -3.0620124240396098E+00 -1.0463383184338835E+00
  3.7433618193307504E-02  8.3162379867344827E-01  4.3775440221091797E+00  1.2608273696453498E+00 -5.0915499912618373E-02 -1.3586938456030804E+00
 -9.7517946727226279E-01  7.0865271178730516E-01 -1.3506990815308360E+00  8.4886125616668329E-01  1.6775120252249300E+00  2.9487075681357083E-01
  3.3439536252134326E-02 -1.5869906119208741E+00  2.3461632698109893E+00 -1.2602906249189110E+00 -2.2954762448228534E+00 -2.4575601530383046E-01
 -8.8450534752462465E-02  6.0515306822364190E-01 -9.0997675851050297E-01  2.3676296589121512E-01  1.1925188584833222E+00 -1.0862502074877281E-02
 -1.3249473624814131E-01 -4.8081590527714652E-01 -3.6029555053131247E-02  2.9922967469421080E-02  1.2460342897980423E-01  1.5992742167194673E-01
  1.0925862134917777E-01  6.3741038374303294E-01  2.0948850407252754E-02 -3.7964599446385187E-02 -9.2788125556268711E-02 -3.4247579506379972E-01
  3.9294988446930107E-01 -2.0029086116820086E-01  3.6772319652681858E-02  4.5175309133203750E-02 -2.3535989741194049E-01  1.2810599217176541E-01
  2.2039655730007573E-01 -1.1706844605548296E-01 -1.8750453949835622E-01  1.6349299219394899E-02 -2.2686016934304477E-02 -3.1968999579227845E-03
 -4.4008643864296615E-04 -1.0599478145120678E+00 -4.7816453311033732E-03 -2.4040814354513027E+00  1.8713978440975039E+00 -2.1391180602918409E-02
  1.6115311241362611E+00 -1.6463362177110765E+00 -1.3370693574491748E+00 -3.0189660775924763E+00  2.0059124532447430E+00  1.7558795042265227E-01
  5.1850483581684460E-02  3.7405603373160896E+00 -2.3896370077124267E+00 -2.7834318832513422E-01 -1.6537447484543033E-01 -4.1172440612833766E-01
 -2.7634758468242704E-01  2.3649204881051084E-01 -7.5595781655891503E-01 -6.2141498552066405E+00  2.9606221951563110E+00 -2.4054139786015547E+00
  7.7246742659417145E-01  3.2425173714883460E-01  8.0362565629893723E-01  7.6715373403835381E+00 -3.1671903048397967E+00  3.4611105400398716E+00
 -5.7708486703586392E-01 -3.3171780328292422E-01 -6.7103147661205731E-01  7.6496991012314186E-01 -1.5444984177009711E+00  1.0468510262279673E+00
 -8.3925316816690868E-02  1.5932002560933653E-01 -8.6960402217198113E-02 -6.2617762267150512E-01  1.8244553742016358E-02 -2.2311178614853408E-01
  3.2147153265423156E-01 -1.3958267472216992E+00 -6.1466829166593062E-01  5.0740394428674540E-01 -4.0770616329366849E-01  3.6030129570592564E+00
  4.9931373966889220E-01 -5.0801398388061458E-01 -4.2125092697313882E-01  5.1568806873726114E-01 -1.4987928106756249E-01  1.0193215101465183E+00
 -5.5506157461684559E-02  4.4353681488759022E-01 -1.4136619934471320E-01 -4.3647994156658337E-01  1.2825933592668706E-01 -3.4899934901357538E-01
 -8.8951459883733361E-02  1.7040113050233430E+00  3.3483243638413890E-01  6.4024187872096405E-01 -5.8757075606412656E-01  3.0225279699908580E-01
 -4.8942753497786540E-01  1.4332692421808682E-01 -2.0112009879622134E-01 -3.8762295116390483E-02  1.6794779835882351E-01 -3.6496030194060503E-02
 -2.8029674920090702E-01 -1.3129460831355382E+00 -2.3503654592374077E+00  2.5566295384235436E+00  5.8817597485227448E-02  2.4062651973173826E-01
 -6.4347010834871932E-01  7.6027564196115824E-02 -1.9874922477135090E-01 -3.9914906008931113E-02 -2.3934292876993762E-02 -3.0145090663600099E-01
  8.1098469593892986E-01 -6.7021506951370644E-02  3.7227564104490518E-01  3.8367198126641328E-02  2.3245378842948580E-02  8.9497911482664935E-02
 -6.3933992999498090E-02 -4.6382236594157841E-02  2.2419345654074319E-03  8.9275593999071073E-03 -1.3299489226678812E-02  3.2019553599927940E-02
 -2.0814690157826107E-02  4.3992336588849150E-02  3.2449030868842751E-02  7.9617225869247424E-02 -2.5328230523961398E-01  3.7058916765049361E-02
 -7.3081783465416841E-02 -2.3916644614507486E-03 -6.7825086374403021E-01 -2.8646092506078507E-02  4.1337809293644591E-02  3.9134364203642783E-03
  2.3605913190779475E+00 -2.0534250802516918E-02  4.7231345779351931E-02  1.4165227762013418E-03 -8.6026627559306536E-03  2.4844802052376623E-02
 -6.1092849768694717E-02  9.2116549035478751E-03  1.4733981854570869E-02 -9.0113341317001960E-01 -3.3811212471436647E-01  2.6235824584830714E-01
  8.4791600047220106E-01  1.2411050059119235E+00 -8.7443480772416526E-01 -4.0264549900232305E-01 -1.7394626208889947E+00 -3.0566333720800899E-02
 -3.8600719888943080E-01 -7.7100073120710331E-04 -3.4494413865305279E-01 -9.1259777048840543E-02  5.7373566354889688E-02 -2.2248657284003079E-01
  1.0407059755866686E-01  1.8928668295255205E-02 -3.0301718354625023E-01 -3.0958063948818365E-01 -1.6004086155467503E-01 -1.9819356784674555E-01
  4.5384864075364689E-01  7.3373172234221989E-02 -4.5778326518826257E-01  4.1980469073538584E-01  2.1763533218087919E-01  3.2079850899095957E-01
 -1.2642211334885218E+00 -8.7232170815447319E-02 -3.7530768531902492E-01 -2.2613639505807076E-01  4.8227889378913674E-02  1.5592451856272181E-03
 -1.1444876215985111E-02 -1.1487365256906220E-02  2.1568078573749846E-01 -1.3783554076229215E-01 -1.9541940449696008E-01 -3.6684011332312402E-02
  1.0138326834280548E-01 -7.8798422680497318E-02 -3.4231674960648002E-02 -7.2463182585222070E-03 -2.6482225153221023E-03 -2.8475521498286115E-03
  1.3306307602046767E+00  1.0144136076060872E+00 -1.9702705800205444E-01 -7.5094371590657261E-01 -1.8812503849417859E+00 -1.2839216871750567E+00
  1.4866327600443957E-01 -1.0422659266307150E+00  1.7573846573772550E-01 -6.1813687429659203E-01  5.6602823381544334E-02 -1.5114983647710739E-01
  7.5937885151000617E-01  3.5904167767663347E-01  1.9656420837075916E-01 -1.9178956799294065E-02  5.7153291309501109E-01  3.3991387424063761E-02
  5.6881281582895474E-02  1.4310263552230920E-01 -2.0773032595952867E-01  1.3224156947590607E-01  1.6592155322792981E+00 -1.6603772901721790E-02
 -1.8355120589606252E-02 -1.9265289397591576E-01  2.5413353454889581E-01 -1.9577300018956126E-01 -6.9013980237900361E+00  1.2575850729569458E-02
  1.9185332200084636E-02 -3.1208498055447700E-02  6.5039289886344095E-02 -2.9972188536918885E-02  7.7280078729144112E-03 -1.2048789680782877E-02
 -1.0722419012146576E-03  5.5753035090491135E-02 -4.7827188534824601E-02 -1.1398535494884610E-02  7.1610873924657535E-03  4.3664393796742404E-02
 -1.2353532926816985E-01 -3.1383459494488508E-01 -6.0653030294150426E-03 -1.5600754424613286E-03  2.0000874775464119E-03 -8.3113947400362612E-03
  2.8121141448350147E-03 -1.1597787545851040E-03 -3.2224982609432729E-01  8.1535267896518491E+00 -1.3609203753979018E-01  1.7926036639898238E-01
  3.7531241642570649E-02  1.2170729512728695E-01  4.5485156638004065E-01 -2.2189433092550718E+01  1.6228637980055777E-01 -2.4322278341780015E-01
 -4.5536722640613633E-02 -1.4125742804780556E-01 -1.9799837995622949E-01 -3.0041629633309824E-01  4.4720248243218930E-01  3.7393334441826485E-02
 -5.2945771655733616E-02 -2.1661387160690219E-02 -1.8908187900699810E-02 -4.9388558188088222E-01  1.6454870685742920E-01 -4.5039024222370612E-02
 -9.1496172491648917E-02  6.0643264175042972E+00  1.7598798927632355E-02  9.5362434888900827E-03  1.4181659479165476E-02  4.0970678299383891E-03
  4.4702152460128998E-03  7.6922020163241031E-03  4.6516167720319419E-02 -5.3639484547590406E-03 -4.8461275949909987E-03 -5.5183620617682783E-01
  2.7774035291003831E+00  1.6075367378527053E-01  1.6566595153908545E-01  7.8406791299012157E-01 -7.4034995280972868E+00 -1.8991720775030427E-01
 -2.9520998350090077E-01 -6.5865227592230444E-02  4.6474013404271342E-01 -2.8817542050308662E-02 -3.9541134315852655E-01 -1.5362512896538214E-01
  2.1657137730771505E+00 -6.5596648823026502E-02 -4.5939816327371071E-03 -1.6344804079181934E-03  1.4349424238742504E-02  1.2121289487503215E-02
 -8.3700312572335830E-02  2.0097063984998782E-02  6.8351056914111811E-03
ORDER     2 BLOCK     6
 -1.5324123879389777E+00  7.2447780099250880E-01  2.4094937971684032E+00 -5.1989831839869793E-01  4.2525769183505091E-01  1.9321224952223853E-03
 -4.6209605336242904E-01 -8.1046796896059418E-03  1.3140132544423352E-02  2.4686717893032291E-03 -2.3871314416063733E-02 -1.6008543607562604E-03
  4.8401395078767062E-03  2.6058914990736530E-03 -1.0072972016309434E+01 -6.9227715137552737E-01  1.3127881806310990E+01  1.3781089886294424E+00
  6.0908104362461613E-01 -7.6154391263395227E-01 -3.4683859157029351E-01  8.0320969984174262E+00  4.7735297124042138E+00 -3.9237310334797582E+00
  1.3264251024550229E+00  1.3840148832003485E-01  4.0174353366474458E-02 -1.1057023348881465E+01 -7.0995202192351314E+00  6.8870240518962706E+00
 -2.9553006741459429E+00 -8.5144139010536579E-01 -1.3578455076222884E-01 -5.8639134690024597E-01  2.8977133485083140E-01 -1.5039009701204087E+00
  3.5870883682464894E-01 -8.5013784906949574E-01  7.4482490934818929E-02  9.9513107963713354E-01  2.0421992975786556E+00 -7.5371349368592768E-03
 -1.4765041856272902E+00 -1.1735083923429512E-01 -1.3745744293065258E+00 -5.9652709147581118E-01 -7.9398538876727121E-01 -1.0554028887407602E-02
 -3.6256597049930024E+00  1.7986840897375571E+00  5.1207548994151297E-01  7.4055846528702680E-03  4.9425002367063479E-04 -9.0449858565827893E-03
 -4.6094640970957161E-02 -1.1706143288520104E-01 -1.7217602263085066E-01 -6.5890180733494758E-02  2.8958521383157698E-01  2.6890930832599571E-03
  1.6567370078750471E-01  2.5135018414819077E-01  1.3551495811323716E-01 -2.8448711133406523E-02 -2.6742484946524894E-02 -5.2043556753329952E-05
 -1.3845085866753393E-01  2.9470302526897751E-02 -9.0591689179717855E-02 -2.5705960553576551E-01  3.8480248384971643E-04  6.5981191516903182E-02
  3.8076565928209360E-01  7.3064350379325960E-01 -1.6167901301131388E-01
ORDER     2 BLOCK     7
 -3.1231317727560102E+00  6.0087009263331970E+00  4.9363884478580894E-02  1.2780113205023973E+00  4.2826733543320321E+00 -8.5352387837524279E+00
 -3.3396017697599722E-01 -1.8903224886100354E+00  3.0983078266798764E-01 -3.7573023605852118E-01 -4.5548529042674873E-01  7.1330914011645220E-03
  1.1116633176329127E-02 -1.2341102792699661E-02  1.0129557173639321E-02  6.7723852340666607E-03 -1.2987168292050832E-02  2.4170905355282737E-02
 -2.1171574635651554E-02 -2.3229110975177679E-02  2.6789267727759063E-02  5.1418085916875916E-03 -4.7484657703369004E-01  2.8834613572756789E+00
  7.7377110731445109E-01 -2.2374309042659228E+00  2.0506542384439364E-01 -4.0947105100592811E+00 -1.6630968928718808E+00  3.3881593858470014E+00
 -5.4553757795497804E-01  2.8164070926314757E+00 -2.5646973356119435E-01 -1.0907540043032711E+00 -4.1908146996521758E+00  5.2501329659328722E+00
 -1.1407060220266942E+00  2.2371259325371493E-01  6.8777116691967377E-01  1.6683310977139536E+00  5.9608891848185959E+00 -6.5530264969003653E+00
  2.3311662292144661E+00  4.1039502335002073E-03 -1.8567491734360797E+00  9.0618532536050744E-01 -1.9299100155780740E+00 -1.0987744643257116E+00
 -2.2613641783184112E-02  4.3319073335729191E-01 -7.6023326900663907E-02 -2.1612433611473043E+00  2.2856491040700158E-02 -4.6555497728114376E-02
  2.9800540032520817E-01  1.1386614270413449E+00  7.4823558830907798E-03  1.5416383071026474E-01  8.5229844678258093E-01 -4.0197865559363127E-01
  1.2681940901359336E+00  1.2313778637311633E-02  8.5071177087362282E-01  1.1993105308404191E+00 -7.2250225171968219E-01  8.4376440335335728E-03
 -3.8244896856589938E-01 -6.3723634504813526E-02  5.9969882765436378E-01 -4.1463441872254127E-02 -1.3484401833352503E-05 -2.2611821231474552E-02
  8.3714094988933271E-02  8.4441864784127546E-02  5.7846657418654676E-02  1.1068448823945674E-03 -8.2536833809210133E-02  1.3603942040159669E-01
  5.3913676688635156E-02  8.1874247253622048E-03 -9.2619838498546381E-02  1.2702208966331077E-01  2.1557711073305647E-01 -1.4134687339137212E-04
  1.3012381951669780E-01  3.0654224031318977E-01  5.7237093357029936E-02  4.5498649740234581E-01  7.7412716623854122E-03  8.1063571458117967E-01
 -3.2841889201877766E-01  4.1101868693895004E-02  2.9316444965855665E-04  4.6230620920358893E-02  2.3587838311349859E-02  1.2647955696556513E-02
 -2.0488532431160369E-01  1.4491064083081145E-03 -9.3065002765010896E-02 -3.6787866930113045E-03 -1.1577671568605466E-02  2.4100834809719879E-01
 -2.7408469196327891E-03  2.2842699070352751E-01 -6.8147504177747037E-02
ORDER     2 BLOCK     8
 -2.6088307725784210E+00 -3.8173689606023675E-01 -5.0058265185140067E+00 -1.2449986166332727E+00  4.9955210129133044E-02  4.0831221717814197E+00
  3.9427645618920901E+00  1.2187262466986248E+00 -4.1458156333882029E-02  2.6885439841822438E+00 -5.7566978772487098E-01  1.2446506423852850E-01
  1.0979114671410595E-01  1.0466437867207041E+00  3.8336249700528413E-01  6.6066487549604886E+00 -1.3747947790628321E+00 -5.8586320701952275E+00
 -6.9464609824645160E+00  5.5354670010494100E+00  6.6937701101382724E-02 -5.2138714571595504E+00  7.3405481693437014E-01 -7.0548038205759180E+00
  1.7610918576774204E+00 -3.7040256826070674E+00 -9.3956185048959195E+00  2.0049669474251261E-01  1.5206296089258919E-01  2.7562124912192371E-01
  3.1872412875307066E-01  5.2864104006732378E+00  1.2094143418145999E+01 -4.3814479999106792E+00  7.6587941680650351E-01 -2.8114371304730457E-01
  2.3326007986537101E-02  1.0811796143558706E+01 -1.0026486626850886E+00 -3.9782967885516267E-02  5.6546072091526414E+00 -1.1681975275392567E+00
  5.8963169711579200E-01 -4.0224987380447830E-01 -7.8871809231968069E+00  1.9991625884374786E+00 -4.7604262648129220E-01  8.6494849494076043E-01
  6.1946208856766249E-01  1.0192883701307049E+00 -2.4528867605942937E+00 -1.1676505717285273E+00 -9.1282768323027286E-01 -7.3223998165974347E-01
  1.7262548263188390E-01 -6.6325060646883183E-01  2.9713298877196186E+00  1.4616753438683887E+00  3.1903248007498228E+00  7.6011544854436264E-01
 -1.6019285312737894E-01 -1.6684164883579625E-01  4.1213561021506517E-01 -3.8914759557662204E-01 -2.2057639086418708E+00 -2.0626596560775812E+00
  1.7763870592402153E+00  6.2039277600786646E-01 -1.5274673145731171E-01  1.1988143416982090E-01 -5.8725249746184670E-02  2.5519523201774441E+00
 -2.2280357485013993E+00 -8.5447170236045322E-01 -8.4712875614450428E-02 -1.1745506027870713E-01  2.5684862331978579E-02  3.2448828752772323E-02
  1.7759145382516200E-01  1.9856801984361719E-01 -1.7343660792441778E-01  8.4998874151696810E-02 -1.3750025800199728E+00 -2.3276718425688092E-01
  2.1955836031558738E+00  1.0986423441645767E-01 -2.3767261574733696E-02  9.1933929990065250E-02  5.3950397879376097E-02 -3.1840200546642244E-02
 -1.0478091575016347E-05 -3.4062777738718414E-01 -1.6902117280005763E-02 -1.3630950327339495E+00 -4.5201221686833284E+00  1.0004496576373537E-02
 -4.8719784930378879E-01 -1.1926208801817008E+01 -5.2739415470117708E+00  1.3890525522826103E-01 -4.4358453650376468E+00  2.3219816700013821E-01
 -1.0255001615665089E+00  2.3992979628651651E-01  6.3238758169968152E+00 -1.9954427411743952E-01  1.0880864509617409E+00 -7.2222483953348215E-01
  1.2998100182351640E+00 -1.6541115987897645E-01  2.8665473722864199E-01  1.3949120736223346E+01 -6.7917110554636402E+00 -3.6312363516297528E+00
  5.9381286430129276E-01 -8.2510309613808874E-01  5.4319709934744956E-02 -1.8533656132326680E+01  8.6235194842577894E+00  5.2742525491958139E+00
 -1.1065526058182502E+00  4.6607712991199435E-01  8.1077696155689716E-02 -5.8757430768318220E-01  5.7802872610663292E-01 -1.0067307231053280E+00
 -2.5093007727008559E-01 -2.8287283688990115E-02  2.5352983701918973E-02 -4.0536514673353431E-02 -1.7736799751494159E-01  6.1703584970807224E-01
 -1.6581877053153105E+00 -2.6879867142728981E+00  1.1392994289764757E+00 -2.2183058188374793E-01  1.9699337090017475E+00  6.9039518764902645E+00
 -2.5004048209317751E+00  2.4800702701006261E-01 -1.4855823437453408E-01 -5.2722381136383600E-01  7.1812874720409772E-02 -7.9155167900760059E-01
 -6.4096923621852364E-01 -2.8028249391016695E+00  5.5073646877282856E-01 -5.6511401135696770E-01 -1.3517195337004257E+00  7.4640296309605803E-01
 -1.7575461327851551E+00  7.4036272215685353E+00 -9.1019335260956147E-01  4.6997623527983207E-01  3.0947111279589037E+00 -7.6219152137769863E-01
  2.2050026779089196E+00  4.3412939249189603E-01  6.1661846124113862E-01 -6.6674229051192291E-01 -7.8538093786336849E-01  5.3587783644285802E-01
  1.3671793305748820E-02  1.6304735784949014E+00  4.0563345863751561E+00 -2.6460709574691008E+00 -3.6304256617063330E-01 -1.0688112264063265E+00
  9.0029122579120757E-01 -8.6123841307440474E-01  7.0588327721489361E-02  6.5694359803650682E-02 -4.6852330055423420E-02  1.5559523280529635E+00
 -1.1702532743001000E+00  1.2056075689736245E+00  2.4701821191535181E-01 -1.1755529237786574E-01  4.3063892237910413E-02  2.9550545541222915E-02
  1.0384112818814259E-01 -6.2477594964568270E-02 -4.7032959582344276E-02  7.7826650682963128E-02  2.2266706271526104E-02 -2.8189309286092562E-02
  1.7940893265359407E-03 -1.5441627147751702E-01 -1.5250379214403811E-01 -2.0359009704670575E-01  2.5873423245362148E-01  8.4080901554198659E-02
  1.8154871614175377E-02  2.0496062339897585E-02  1.9402948044830441E+00 -3.5578874704732721E-01 -2.1945182750136464E-02 -8.0496775128293868E-02
 -4.9846721577995892E+00  2.0821830700923825E-02 -1.3863388632597429E-01  4.6255564177750383E-02  7.5943248396436011E-04 -6.8256433654455509E-02
  4.1366618748706521E-02 -1.1974215111454219E-01 -2.3725802274900638E-02  1.2508110068520115E+00  9.1830707682017709E-01 -1.6800009178608154E-02
  7.4803001858587570E-02 -1.7166774755565017E+00 -5.0719118913776962E-01 -1.7492445094215502E-02 -3.3639432885939174E-01  3.4360826473067152E-02
  4.7883758401236709E-01 -3.8840344000092536E-02  4.1397898252797238E-01 -6.1450101225782650E-01 -3.7995271968523703E-01  2.6978839850450415E-01
 -1.4285015414174656E-02  2.0661204464108032E-02 -2.5567617024326533E-01  1.3472156582447246E+00 -8.5378387835786895E-01  1.7079098665596151E-01
 -5.6797098215774411E-01 -1.0789182930858622E-01 -8.5990505789308669E-01 -1.8953628512307923E+00  1.1587335050443293E+00 -1.0607488022806447E-01
  1.2032953789972802E+00  1.1435237402069123E-01 -5.7529488126351103E-01 -4.9151454312536980E-02  5.1292752492003359E-02 -1.2275265312481738E-01
  1.1545390621313170E-01  6.3786050588649527E-03 -8.9372976526492898E-02  9.5004121722913959E-01 -6.9534372983676040E-01 -2.3218136537666395E-01
 -2.6080281689711460E-01  3.7022415997704711E-01  1.4215459752643939E-01 -7.1878443733817354E-02  1.7437181011515948E-01 -8.0619642720811090E-03
 -1.7407230272811771E+00  5.7695410992278179E-02  5.7500700664732410E-02 -5.3812834895882766E-01  2.0718418935283314E+00 -9.3731095794048647E-02
 -4.8999361801662783E-02  2.1243507761744476E+00  3.3078813269893359E-01  6.6774280243055983E-02  1.9086579657074179E-01 -1.2387635825465115E-01
 -7.3905468588365875E-01 -2.8968615425166988E-01 -5.7931885083369594E-01  6.9319283651055691E-02 -3.4554168066840818E-01  1.2418141974462926E-01
 -3.6457199206985219E-01 -2.7313216849108407E-01  4.7473074539594823E-01  7.7549431743392627E-02 -1.7646958298559774E+00  1.3565890573063394E-01
 -2.1893958197514024E-02  3.1483213912646951E-01 -5.8361012375830690E-01 -1.3448841087128419E-01  6.6574386496790749E+00 -1.1482415216846525E-01
  2.3470434582305202E-02  2.4422841344003954E-02  7.5079015545114328E-02  6.0451433885466248E-02 -3.7762832442455381E-02  1.0072342843532660E-02
 -1.0243160536867442E-02 -3.5156799404362993E-01  2.4212480402314912E-01  1.7855993975314871E-01 -1.3017890976166823E-02 -1.1849467036950338E-01
  1.5375494386671920E-01  9.5903359191663773E-01  2.1893394143222790E-03 -1.2514702983234175E-02 -5.6247629678557433E-02 -3.6912801080296841E-02
  3.0892786966830912E-02 -1.6524577334067581E-02  3.2031172307820838E-01  2.6450667998780801E+00  1.1986010717859404E-01  5.0096472878014120E-01
  2.6201707438093685E-01 -1.4329196541989561E-01 -4.0964970267848055E-01 -7.6260136509230732E+00 -1.6372235273579544E-01 -8.7497137483050291E-01
 -2.9843161460884543E-01  1.5470554977498083E-01  1.0445615847732146E+00 -7.5511424433480384E-02 -8.4267050115251291E-02  6.0950618222747679E-02
  2.2828314931063697E-02 -2.7090685347090526E-02 -2.6396089719398030E-01 -5.6410723695356303E-02  1.0936954726186972E-01 -4.4240465299437296E-03
  1.1740580533043267E-01  5.6037955591839879E+00  4.3926659425833174E-02 -4.1292137874624948E-02  7.3627778490356843E-02 -7.6537002256887032E-02
  6.7996933698224685E-03 -6.7421200396612872E-03 -2.8934776838685405E-01  2.6156341412819917E-03 -2.1896706931865548E-02  1.5972665241004139E-01
  5.7249414817848807E+00 -3.3825531867018604E-01  1.0719161286342355E-01 -4.0328909993772150E-01 -1.5388028526196420E+01  4.6773266523935042E-01
 -9.0602419479072854E-02 -3.2550870273047072E-01  5.1783295197581361E-02 -7.6449979440692387E-02 -6.5164776286837492E-02 -2.0916826146392642E-01
  4.8494730961455268E+00  3.4272220707930498E-02 -1.1620341620057749E-01 -1.9254133489742906E-02 -6.9351545183743729E-02  6.5126506785698701E-02
  6.9343707386089956E-02 -1.2799150089120205E-02 -4.1589684573795832E-02
ORDER     2 BLOCK     9
 -3.7279194476925553E-01  5.7784534073637630E+00  8.3318719085657877E-01  2.0105655656689954E+00  2.1517042962527744E+00  4.6457249409867213E-01
  2.0938427120265164E+00 -2.0403622355527058E+00  6.7425978901287342E-01 -1.9590191101795080E+00 -6.8155543916753807E+00 -2.7965634396019374E+00
  2.8557163326459953E+00 -3.9057165803438312E+00 -4.3920575876350290E+00 -4.7645677633121961E+00  5.0620303883084423E+00 -1.8683336982751431E-01
 -1.2422429233043681E+00  4.9528250998935687E-02  8.8496218261266663E-02 -1.3505646519702767E-02  2.6086218369402103E+00  1.0300125056303060E+00
  1.8126892180150316E+00 -9.7831801717957623E-01 -5.0086070896194528E+00  4.3808600493816847E+00  9.3331479411991047E+00 -4.1147352861637581E+00
 -1.7654467420946729E+00  4.0340092448715381E-01  2.2953912553191858E+00 -6.2818997338697857E-01  2.9013321238702403E+00  1.6655430788916061E+00
 -3.1179653285798281E+00 -6.1159954116270440E-02  3.1773863769814137E-01 -6.8554535797770710E-01 -3.9601758246680729E+00 -2.3514431115057319E+00
  4.5260923709684047E+00  6.5356704042825386E-01 -5.9636072873447377E-01  2.9451843403524286E-01  1.0179604126318481E-01 -1.7985325643844671E-01
  7.9202484330253820E-01  3.6014233288307895E-01 -2.0496564193430826E+00  1.7862439419074760E-01 -1.5231671045400424E-01 -2.9413842587914979E-01
 -8.6961679051944418E-01 -4.3015190416237487E-01  3.4712349266179316E+00 -2.1137803168803584E-01  1.7710829870568981E-01  7.8588296321410456E-01
 -2.1543526214048748E-02 -2.9180439143124409E-01 -3.9360906160414467E-02  3.3660780656909708E-02  5.4440371803852339E-01 -3.5024285259982970E+00
  1.8275122249073550E-01  1.2383916149374520E-01 -9.0285433864570752E-01  4.7396691723888180E+00 -2.0488774594312897E-01 -2.2205415238274220E-01
 -2.6595692776566032E-01 -2.2719893918874137E-01  1.0350593804558272E-01  6.7210168702993522E-01  4.2593311727657504E-03 -7.5686229932231630E-01
  1.0516316351830512E+00  3.1371301611572702E+00  7.3063096932841010E-01 -3.9925511948141161E+00 -1.0332929184123414E+00 -5.7708088120066961E-02
  5.4614940637685350E-02 -3.4070784427858530E-01 -2.4576594140066499E+00 -2.2643386399472716E+00  1.4032374081333301E+00 -1.8213823804589427E-01
 -9.4904282577699239E-01 -5.0511718880089795E-01  3.4568399101176039E+00  3.0762804116950417E+00 -1.3285393248928852E+00 -2.3391754468119644E-01
  8.5142146990519618E-01 -5.0705719149044293E-01 -4.4547258886052049E-01  1.9884113858097904E-01 -1.5741758627276055E+00  3.1948109080692394E-01
  3.7695924098348765E-01 -6.8531886860855901E-02  4.3286238820868028E-01 -8.9926972874272415E-01  4.3932326143735967E+00 -1.3723596314688609E+00
 -5.9195734766051196E+00  1.2437984823415673E+00 -9.8235985340569087E-01 -1.1454988002957713E-01 -1.2798629572014251E+00  1.5308773355667132E-01
 -1.4620932135699776E+00 -2.0680555364432336E+00  2.2634183718627883E+00 -1.3513227427440617E+00 -3.6547282715554086E-01  4.1978540407712200E-01
  1.9655551541656147E+00  2.9587418376711612E+00 -2.4760251749169115E+00  1.4511270814921899E+00  1.6521517078832937E-01 -1.1658885305957385E+00
 -5.0297449202573929E-01  4.7359449979880885E-01 -3.9205826689425971E-01  4.6433322003421124E-01 -7.2270215214407338E-02 -8.4008552038860582E-02
  1.4073066600024262E+00 -6.1759613680124570E-01  8.1207480868168258E-02  9.0146435501708189E-01  7.4365856629365645E-01  7.1806485392461605E-01
 -2.2306437839156787E-01  2.6262155860759001E-01  4.5746375644806235E-02 -2.6263159085015486E-01 -9.7700645425057819E-01 -9.5048426151571130E-01
  2.2752298713510724E-01 -1.1339011628373263E+00 -3.8135577671104967E-02  3.5484185227783493E-01  8.0088696773440465E-02 -2.4971204055244636E-02
 -1.3620235772216742E-02 -1.7067847726160566E-02 -2.2687607085247901E-02 -5.0131985913182860E-02  1.7906393219265227E-02 -2.1691450615161388E-02
  1.2040240045236925E-01 -1.2145049601055660E-01  1.9214429617357801E-01  2.4512815054943268E-01 -2.9687449417921769E-01 -5.5001440448238501E-02
  2.3445327873172850E-01  3.8052283654984934E-02 -5.9859736249081592E-02 -3.4210291214959734E-02 -3.5761550998800726E-02  1.5374690916863146E-01
 -2.3123639621427453E-01  1.8665391688085944E-03 -3.2796199273593962E-01  1.1292997215318631E-01  4.2358978343952935E-01 -2.1042518654236325E-01
  1.5409212147405436E+00 -8.8709451801135777E-02 -2.7970741970465805E-02  3.3064856483626387E-01 -1.4518810342643201E-01  8.6696144420328278E-03
  1.9008945584716539E+00 -6.5240438361055642E-01  9.3910776475494728E-01 -4.6948226743731357E-02  4.9851378222676740E-01  2.4291599089166591E+00
  1.7482115183758007E-01  9.1346610166716247E-01 -1.2780709828479884E+00  1.1449753407969927E-01 -1.2120228273626146E+00 -3.9518528544377571E+00
  2.5920213113080559E-01 -2.6201322138628214E-01  6.1117462601210003E-02  1.1233615022035642E-01 -2.9689384879741459E-02  5.9382563719796451E-02
  5.1371130297186895E-01 -1.1204404537098245E+00 -6.9674007129681484E-02  2.0446685900798836E-01 -1.7022176838349570E-01 -1.6700423233782000E-01
 -1.6216335601432266E-01 -1.0187295388906024E-02  3.7608483931810055E-01  5.0602824622097342E-03 -3.0695314136169000E-01 -1.8950275241876446E-01
 -7.6616231364788675E-03  2.8412860697748382E-01  1.8570237410055665E-01 -5.3795110694609467E-02 -1.0800446620739748E-01  2.1849727266859870E-01
 -4.2327446339874608E-01  1.1827296115248130E-02  2.0535149952677975E-01  7.8160420932218733E-01 -7.2232189318832699E-02  2.9974759136609458E-01
 -2.2633421274378643E-01  3.0704705897004903E-02 -6.6485694822661354E-02 -1.1128227267467472E+00  5.2053297016025693E-02 -3.1383754410963394E-01
 -6.7818367623998932E-01 -3.4051793846512461E-02  6.2976939263722970E-02 -1.4342977625797887E-02  1.0823406409912988E-01 -4.6670999288485941E-02
 -7.5186698518435492E-03 -9.4809468390177063E-04  2.8975218590109080E-02  3.9468954256717002E-02  9.5784141753512006E-02  1.1515901036937401E-01
  1.4192275769739221E-01  1.4655300243245339E-01 -9.2362354091243923E-02 -1.0933053276948896E+00  1.8391786930816022E-02 -3.3480165893252263E-02
  3.0947063489434195E-02  1.5865028009133922E-01 -1.9306732310895299E-02 -3.0532877701375770E-02 -5.6089400032119124E-02  2.0423699848946373E+00
  9.2802656860714228E-01 -2.1474853301281779E-01  9.6912727475531479E-02  5.9007074701001021E-02  5.1695596437523347E-02 -6.0848271637826734E+00
 -1.3781352136870553E+00  3.1614310310882787E-01 -1.0465971232437786E-01 -1.9894962900636948E-01  3.0653272138342602E-01  8.5509811521875451E-02
 -7.5070431815104510E-01  1.9758346774251753E-02  6.8952720171020457E-02 -3.2661042602433145E-03  2.3571111666645034E-01 -5.7525041212889455E-02
 -8.4896422203159946E-02  6.4243977393704826E-02 -6.8027648287555115E-02  2.3013512790102482E+00  5.8284679941279453E-03 -1.9099504911301100E-02
 -1.7514102335117600E-02  2.0308195921521974E-02  3.7355908608136375E-02  1.0360152736416511E-01  1.6063711937055650E-02 -8.3049665284057935E-03
 -6.6824586484456688E-02  7.0028460834986295E-01  1.9719427353659447E-01 -9.0284777575936870E-01 -2.2548582915531351E-01 -7.3347743903707949E-02
  1.6431416762574216E-02 -7.0813742318643520E-03  1.3662478101268263E-01  2.3308118704383335E-01  1.7653709594007197E-03 -4.3686179931085997E-03
 -1.0411751379806640E-02  5.2542380800426189E-03
ORDER     2 BLOCK    10
  6.6572699772087118E-01 -1.3271836234394498E+00  3.4616719580756405E-01  5.4802254302508202E-01  3.5220208001162154E+00  3.5166530533865797E-01
 -2.4482346559284496E+00 -1.1773638406558182E+00 -5.2717603661397872E-01  1.4050626585397119E+00  1.7596058652436222E+00  1.0830670159096578E+00
  4.2165841559661560E-01 -1.5792137448752924E-01  1.3201468184661935E+00  2.1080548777406052E+00 -6.9475238600329554E+00 -3.6062898340109889E-01
 -1.6756595565804582E+00  7.8393727126444768E-01 -2.5643111111747530E-01  1.8786031708363122E+00 -2.4646797534530984E+00 -5.5703620366796427E+00
 -5.9077571428942646E+00 -9.5960506193344619E-01  3.6115186494783926E+00 -3.1842086514009543E-01  2.7798965887895533E-01 -1.3763870119061257E+00
  1.1134732477943844E+01  1.1898153046842612E+00 -1.3445312688877995E+00 -2.8440212449515601E+00 -2.7156801083669899E+00 -1.3688640914584991E+00
  2.1830097319229764E-02  3.8635095912486932E+00  3.8133817526943190E+00  1.7964856643234546E+00 -1.7726102825012047E+00  2.7656969794654657E-01
 -5.2452378008146749E-01 -9.9474226603073723E-01  2.6431177494326858E+00 -8.3941024308495915E-01  8.2467341963660323E-01  2.2818321286426917E+00
  3.2784599623758126E-01 -1.6792748403398137E+00 -6.7886515027900463E-01  1.2645929654237662E+00 -8.2720444486016020E-01  3.0520474228007621E-01
  1.9117412751156632E-01  2.3492638394731373E+00  1.3634772739718963E+00 -1.5591301452472088E+00 -5.6379678472495509E-01 -6.0482690036510467E-01
 -4.8886901954971744E-02 -2.5227411752891758E-02  4.2192600975253974E-01  7.2870688721053123E-01  6.3653617996303746E-01  1.1841130662266459E+00
 -7.5515471353939378E-01 -9.0096229874374618E-03 -1.1982045840375065E-01 -2.0540536789128933E-01 -4.3785942425429672E-02 -1.4354856086340766E+00
  8.4133637978788289E-01 -2.5531531490371168E-01  3.2114927887890982E-01  2.0620827579127624E-01  5.4975105044044695E-02  1.1088807211574792E-01
  2.8638285155769348E-02  4.0539631036526309E-02  1.0391999252560719E-01  1.9945070544923199E-02  8.8760262890279018E-01 -2.9526121950092337E-02
 -1.4074465004849674E+00  1.2576322409366023E-01  3.4018808436434782E-02 -1.6030597307464953E-01  2.3374536943746142E-02  2.4122010138686700E-02
  3.7783337290250233E-04  9.2533151873138464E-01  1.6068332558405191E-02  9.1704725851160118E-01  1.6980981964435145E+00  4.9533225037655592E-03
  8.0169105920515837E-01  5.6157228197323130E+00  3.2579143511887474E+00 -7.6614256039435891E-01  5.6924789732178838E-01 -9.8670003502490955E-01
 -4.0628372349517251E-02  7.9576525289906008E-01 -1.1326947330755845E+00  1.4509630711151180E+00  6.3025916660607262E-01  5.2331841922312505E-01
 -5.9622921042362309E-01  2.2994269166516393E-01  6.3739679175142061E-01 -5.3368369305705441E+00 -1.9913398013571768E-02  4.0854330113079484E+00
  3.1558130058277278E-01 -2.9323423412032479E-01  2.1910350082605365E-01  7.6153003005554103E+00  7.0630779260693721E-01 -5.0901959156074490E+00
 -2.9291219855635370E-01  6.1577196083753660E-01 -1.0442553663065784E-01  8.0093532916832938E-02 -9.5917245706586263E-01 -1.2984554077135471E-01
  2.2010360990357097E-01  9.4051685917010158E-02  2.0458969231410482E-01  5.4257758359332220E-01  1.1474500001967938E+00 -7.8368420174897913E-01
  1.6865035063330405E+00 -4.8649255666911795E-01 -1.8323525221268340E+00  3.8272238657188573E-01 -2.2848524398404848E+00  2.0429098766816214E+00
  2.9211565568733140E+00 -5.5967879464915704E-01 -2.7481989074328794E-01  5.3289520007782765E-01 -2.0380852090297488E-01 -7.6559020599895133E-01
  2.1520076881225569E+00  1.3072712297980441E-01 -9.8923427515793960E-01  5.5150309917973273E-01 -6.9102653912529108E-02  2.7527914639245654E-01
  3.2749740154003060E-01  1.3715212470579543E+00  1.2926677800877457E+00 -7.2378205709508991E-01 -8.8133158251724930E-01 -4.3479481216313814E-01
 -4.4273943075937094E-01 -8.1759409565164295E-02 -2.5294044515596031E-01 -4.2258201529663003E-01  3.8350577011913872E-01 -1.7325280130136542E-01
 -6.1160370805614470E-02 -5.1623927392620028E-01 -6.6425821740464774E-01  2.8689015579825117E-01  2.3565487648412811E-01 -8.0376471668579558E-02
 -1.9044877221550585E-01  2.6584330804254458E-01 -1.5337513350350857E-01 -1.0118853182367799E-02  5.2967504454740084E-02  7.7057053729374117E-02
  2.3186203341055289E-01 -4.3892378181510544E-01  2.2444542347499546E-01  4.4026223801865952E-02 -4.2436594919583959E-02 -3.4949220653870128E-02
 -1.8586684350164560E-02  5.0255375593670645E-02  6.0093183504802507E-02 -3.5057565031547201E-02  2.0825196890656400E-02  3.5427705636261554E-02
 -9.7090302183157423E-02 -1.4751833645099208E-01  3.3225782946334870E-03 -2.7067142896326630E-02 -9.4437581072971552E-02  7.2930738921368910E-03
  1.8707843598826399E-01  4.3744923741573349E-02 -1.1606830304868727E+00  7.5836787791290411E-02 -2.5791548556835125E-01 -1.7471370173894777E-02
  3.5774666822102570E+00  4.2141659598707373E-02  4.1531596361492826E-02 -3.5331833648752503E-02  3.8470011116052610E-02  1.2185525874303456E-01
  4.2612751319704434E-02  7.5135256533823247E-02  4.2874543479889662E-03  1.0071349144832396E-01 -5.0020289090175396E-01 -7.9684387796663300E-02
  2.6937606104517753E-01 -1.9312011285904407E-01 -2.6095949088263881E-01  2.0234710618626880E-01 -6.3016537457010946E-01 -1.3658198309554462E-01
  5.2706994807989815E-01  1.1884234731342767E-01  2.5621893436480342E-01 -2.9470338118636624E-01  1.5257316844295565E-01  3.3871150166370032E-02
 -6.3676238107266053E-02  4.6751239236100294E-03 -2.5152260106772167E-01 -1.3486427376832315E+00  1.1764548634197136E+00 -8.5842463883012629E-02
 -1.0522853965332228E-01  1.0367300811234129E-01  2.8943570242469085E-01  1.8778503360387953E+00 -1.5936403384004705E+00 -1.9510592176275932E-02
  6.4728283510036455E-01 -1.2109209018772435E-01 -1.3295144251341878E-01 -8.9541854854000180E-01 -1.4926066382092720E-01  1.2287884888116382E-01
 -7.5809383295965566E-02  3.5925432908526157E-02 -5.2800267318346050E-01 -2.1626832480615771E-01  1.6384271921077413E+00  3.4230880143134212E-01
  1.8410423990379735E-01 -4.2024766709247452E-01 -1.2997290079556642E-01  7.1337245561188603E-02 -1.6742631893707216E-01  1.3087148919519634E-02
 -1.6640974462637118E-01 -2.9029651345995822E-01  2.3847782010217131E-02 -6.9026018942910244E-02  8.4474587362356732E-02  5.8001337624633986E-01
 -1.1754125659438958E-01 -8.2992558459219279E-01 -2.4300638426342966E-01 -2.9835044235628849E-01 -4.7546317859243029E-02  3.5160122361777385E-01
  8.6026732645752790E-01  1.2137495888875537E-01 -5.4659908242365954E-02  1.5966193242760773E-02  1.0198682808890527E+00 -7.0830924261740355E-02
  3.0953763011238927E-01  5.8738923749853711E-01 -3.0798126375462959E-01  1.9425560422174309E-01  5.3463350620734063E-01  5.7444982190564715E-03
  2.2421964748519672E-02 -8.0126456292311321E-01  2.4626660668374384E-01 -3.3836582545438104E-01 -2.4659768915134701E+00 -2.4204346924179880E-02
 -2.4577706316126834E-02 -9.2546022548069443E-02 -3.2449926233163889E-03 -6.0027691377344393E-02  1.5185227385879501E-02 -4.9275461192902084E-03
  3.8207123119429567E-03  1.4109109649251861E-01 -6.4774730300893979E-02 -1.4421857996915316E-01 -2.9823960180426181E-02  1.2890129217075230E-01
 -2.2001095658394146E-01 -5.5423143404878239E-01  4.7021144722697522E-03  1.2145410129879755E-02  1.5173488094757949E-02  6.1013135230442361E-03
  1.7371686612084776E-02 -2.2352644938705441E-02 -3.0614235116720394E-02 -3.8852016852235876E+00  8.0483028999095751E-01 -5.6490928926052959E-02
 -9.3110133016472960E-02 -5.8688592366023277E-03 -1.3269538517765215E-02  1.0458977917781944E+01 -1.1480787911447303E+00  1.5304315141331526E-01
  1.2611472502787374E-01  2.2434920827782572E-02 -3.3982989237775402E-01 -9.4793202726667691E-02 -1.5298741463531904E-01 -2.2674370193251268E-02
  6.7383747864709409E-02 -8.6309372254264480E-02 -3.6251617982427564E-01  5.5317332590391666E-01 -1.3343339789926961E-01  2.1227952686973900E-01
 -6.9336903764068536E-02  2.9387318621776779E+00  1.3255527663195295E-02 -3.9835860586731962E-02 -6.5824296024351331E-02  3.9969252618839483E-02
  4.4014055621287608E-02  2.4382356257237028E-02  6.1247192081802501E-02  4.9400432805554390E-03  1.6222476570184330E-02 -3.7539264741887055E-02
 -1.8584946026101319E+00 -6.2015643004417489E-02  1.5621690275255865E-01  2.1731494470133833E-01  4.6600292184603624E+00 -6.5287561771708944E-03
 -3.6325094258858770E-01  1.6592779958418261E-01 -1.1561170594758174E-01  5.5502171438282601E-02  6.4530245344619808E-01 -1.2433539300316476E-01
  1.3309870428520916E+00  4.2242340742089796E-02  2.6453799725698432E-02  5.7831742107431749E-03  4.6293254414235381E-02 -2.8950693866480144E-02
  5.7718476097190531E-02 -5.9170883983058675E-03  2.2886572664353757E-02
