SURFGEN.GLOBAL Hd COEFFICIENTS FILE V:2.8.8
high order tester                                                                                                                                                                                                                                              
ORDER
    2
COEFFICIENTS
ORDER     0 BLOCK     1
  1.4013007214782439E-01
ORDER     0 BLOCK     4
  2.1278089837202385E-01
ORDER     0 BLOCK     5
  7.8645512558188274E-02
ORDER     0 BLOCK     8
 -4.5691268248170974E-01
ORDER     0 BLOCK    10
  1.9907280808700651E-02
ORDER     1 BLOCK     1
 -7.0597899007200027E-01 -8.9563199602662347E-01  7.7799540253721733E-01 -3.0334295997888434E+00  2.0767620720106743E+00  1.5412222200547383E+00
 -3.3002779101170381E+00  7.1990930890409581E+00  5.6506767679323344E-01  7.6234275292771680E-01 -7.7927735719526645E-02 -8.4510511501009500E-01
 -7.7215387646248967E-02 -2.0508644089909092E-01  1.5021377887636672E-01 -1.3423358897250284E-01  3.7088342879510176E-02  1.5196399722104464E-01
  2.3140675191312941E-02 -5.8557237117248351E-01 -4.6448698462212817E-01  9.1551989431703507E-01 -3.2914277590491636E+00
ORDER     1 BLOCK     2
  1.5112488385368619E-01  6.6874402423305031E-03  2.9516858397446044E-01  8.9838367226955840E-01
ORDER     1 BLOCK     3
 -2.8309837381796279E+00  9.2532912755131991E-01  4.9799624921722341E+00 -2.2476161126719632E+00 -2.4887073235799093E-01 -6.5745968468701066E-02
 -8.3881594266560833E-02 -2.7581453628403065E+00  3.3123771605918717E-01 -1.7219121082008815E-01 -3.8335008499354684E-01  1.3296357639923801E+00
  1.3219159080076803E-01
ORDER     1 BLOCK     4
 -2.3130325648659716E-01  1.5965863308733552E-01  1.0367515921850003E+00 -3.8942869852144137E+00  1.0484041301989047E+00 -1.3513383529852647E+00
 -2.7396528572751953E+00  3.3966505897243402E+00  8.0824106230147996E-01 -4.1831050406038663E-02 -1.3901806899522462E-01 -1.0018594056127310E+00
 -4.2808975342146638E-01 -2.4744131686459395E-01  1.3358417151469221E-01 -1.2958895864597739E-01  1.8516152685500992E-01 -2.7930695011485696E-01
  2.7490530325735751E-01 -5.4789889669930114E-01  1.1083975299757913E+00 -9.6274167344286887E-01  1.4962763078421182E+00
ORDER     1 BLOCK     5
  6.3012233343632751E-01 -1.0085582302156264E+00  6.4157093568696699E-01 -1.2435046291041101E+00 -1.8400644804451789E+00  2.8563934783924108E+00
 -1.2085241584976969E+00  1.2549999136545482E+00  1.6376663895095791E+00 -7.0296971365485905E-01  8.4367710618375655E-02  5.5461790563310265E-01
  5.0322439631850913E-01  8.9840788027042276E-02 -2.8679563499687510E-01  1.1633477852152099E-01  1.6993596845807310E-01  2.0461658288933390E-01
 -7.0026354074945738E-04 -9.5191881366747022E-01  3.6457520992966869E-01 -3.0615278478070751E+00 -2.9947787567411255E-01
ORDER     1 BLOCK     6
 -1.3323570950212027E+00
ORDER     1 BLOCK     7
  3.1296894775185845E-02 -9.2794403373097911E-03 -3.1731388263041294E-01  2.5126621151773132E-01
ORDER     1 BLOCK     8
 -2.1638259433571716E+00 -9.6309497408019529E-01  1.3409103703460468E-01  2.1800975523430877E+00  7.4287004967557708E+00  5.6674717706645641E+00
 -3.5621577458394631E+00 -3.4662270685764716E+00 -1.2926411393565729E+00 -6.9157614681691737E-01 -3.2176173917758039E-02  3.8679608881405508E-01
 -4.1721089899310815E-01  7.8426285551728647E-01  4.6627375316263786E-01  4.3066507048793490E-01  3.6972133413171557E-02 -1.2638729479100505E-01
  1.5237983704409785E-01  1.1628849043471756E+00 -4.6690183351269210E-01 -2.1494630060988622E+00 -4.0809962314676729E-01
ORDER     1 BLOCK     9
 -1.3492426708772860E+00  8.2768468406036066E-01  3.3069168112260092E+00 -2.1593669646487776E+00 -7.5382539047368158E-01 -1.0150927170149460E-01
  7.8447854062345268E-01  6.6318490051464096E-01  1.5443939050052494E-01 -4.0487659099133000E-01 -3.5596998389327000E-01  7.6688840611959241E-01
 -1.3409549918720300E+00
ORDER     1 BLOCK    10
 -6.1284095829091911E-01 -2.2465826300997236E+00 -9.4360454750061917E-01 -2.9220411535053137E-01  6.4865016996366853E-01  3.9143983114764884E+00
  4.3405005064462685E+00  1.1503080916149391E-01 -1.4084623816587332E+00  1.1701870762510842E+00  9.1064376688415702E-02  3.4991422318288369E-02
  7.3325622285593228E-01 -3.0466691816463831E-01 -1.8314364359227064E-01 -4.8562944341227661E-02  8.3297892613227745E-02 -8.8925367546267772E-02
 -7.1556534769805891E-02 -2.1074001396121980E-01  4.2651718140753464E-01  1.2170857991501971E-02 -6.3593324022005537E-01
ORDER     2 BLOCK     1
 -1.9596974058604661E+00  1.3657908413318327E+00 -9.3116638993689227E-01  1.2574636923023308E+00  2.5164623931764474E-01 -1.8798181135923044E+00
  4.9694254293986002E-02  1.5663916988955451E+00 -4.9579694373186947E-02 -1.4479687044373903E+00  3.3672198682164090E-01  5.0944167791519634E-01
 -2.3471762372250611E+00  1.1584142562148285E+00 -1.5594468083278421E+00 -4.2350086523674846E-01  1.7304861051423850E+00  2.6394775501258843E+00
  2.8524997720103022E+00  1.6697376476638837E+00 -6.9519760376642503E-01  2.5288422135345956E-01 -7.6767760118367190E-01  4.0938458377457504E-01
 -2.3673639317459830E-01  2.1941974071892747E+00  1.4092966575428938E+00  6.3738862301035659E-01  2.4839417507491721E-01 -1.5668130070823683E+00
 -3.2278056526854089E+00 -3.0458039628981313E+00 -3.0955537890698959E+00  2.4924874737806917E+00 -5.3783981845349782E-01 -4.5908552012977888E-01
 -9.5968367264114218E-01 -4.5289123170549832E+00  1.0374172748965624E+00  1.5994050486280504E+00 -1.7556952849176870E+00 -1.9670885792922174E-01
 -5.8294729062766316E-02  2.7237612142708678E-01  2.2731087857620413E+00  6.5482362473185673E-01 -1.1471302049720676E-01 -7.1619605463560221E-01
  3.7544928954774087E-01  4.9889627809587084E-01  2.2180540124506506E-01  1.9393325998970085E-01  1.7541547270470709E-01  3.8588719734221649E-01
 -2.4570655451592507E-01 -8.4667939667060632E-01 -1.1704312489467347E-01 -1.4881233715749599E-02  3.1886382559576787E-01 -2.8269445962826367E-01
  2.2138659633782551E-01 -3.2108951962519372E-01  6.9068645271143947E-01 -3.4978798965477814E-01 -3.9555399606186594E-03  7.3736654721903816E-01
 -8.5945334176349442E-01  3.1501151043501646E-01  6.4050541639777109E-02 -5.7048537673019657E-02  1.5635391541212845E-01 -1.1462532555607510E+00
  1.2527352133511291E+00 -2.2041326269986936E-01 -6.6140991995531501E-02  7.4441647495120847E-02 -2.1994210474958725E-01  5.3091204093082531E-02
 -3.3937254206681672E-01 -1.1801977028327719E-01  1.1855791602214988E-01 -7.9363954098951958E-02  1.4621742056410376E+00 -9.7649578412191927E-03
 -2.2091100444328426E+00 -4.0849584474591874E-02 -1.7213916319533409E-02  8.5309849811194438E-02 -3.0205537698934089E-02  4.0728959238091923E-03
 -7.6008598947806263E-05 -1.3023541339021432E+00  3.7277550304355075E-02  2.3925439317189006E+00  1.3254844893542161E+00 -2.4384708174738819E-02
 -1.8099614595067561E+00  1.3278151500326003E+00  7.0522053290970832E-02  4.5585600395837513E+00 -1.4065501832956118E+00 -1.2663003742853979E-01
  4.1601391343088734E-01 -5.8311986191422331E+00  1.4402873732064454E+00  2.7380292540351486E-01 -8.6583691554590059E-01  4.8361658864103768E-01
 -8.2227374327784186E-01 -1.4451823813129447E-01  6.3783129426541729E-01 -5.6955622099370407E-01  8.3646883695199326E-01  1.6290792119568636E+00
 -7.4722695498095260E-01  1.0435085216207314E+00 -1.3593979192748507E+00  1.5280092319324765E+00 -2.4117485180551634E+00 -3.3426837804979552E+00
  1.3368606365995808E+00 -8.4368596035329912E-01  1.2696376727783474E+00 -2.6024971549090037E-01  6.9568085172477923E-01 -2.0315306162589020E-01
 -2.0476990245417712E-01  1.2145920058725003E-01  3.4455126996454588E-02  1.3429771578440358E-01  3.6758344035152452E-01  1.2991514929181266E-01
 -5.5488253864619075E-01  3.6353063420538700E-01  5.1417649103403429E-01 -1.7520286585469144E-01  9.3824116525525947E-01  1.9112329446394107E+00
 -6.6434361950148635E-01  5.8601568243826951E-02  3.8234026274547406E-01  3.9149892271354764E-02  2.4706381907250105E-01 -5.4199694693001133E-01
 -1.0111217717143788E+00 -1.1680422739460634E+00  4.8830591653101385E-01 -3.0675258052915400E-01  9.7809891452733733E-01 -2.3809351795731062E-01
  3.8641971762775879E-01  1.3661750818631604E+00 -7.8452349641563646E-01  5.2727720633775610E-01 -1.6699408817613495E+00  2.7432196490100941E-01
 -4.8892590399363578E-01 -3.1847803265582669E-01  7.9399598664600668E-02  2.6856320470292211E-01  9.3738008327688249E-02 -3.2106252008210417E-01
  2.9522900486187714E-01  1.0972502377457412E+00  6.2325384618600366E-01 -6.0036073970067760E-01  5.2238874808535667E-02  5.6155261840074988E-01
 -2.8053342418263588E-01  2.1847295104763681E-01 -1.5165573993445267E+00  6.8365960718157232E-02 -1.8064856049326374E-02 -7.7798317858540111E-01
  4.0897929787892545E-01 -3.0284070834577326E-01  3.8277975301618170E+00 -6.8424548642833635E-02 -9.0661810392073244E-03 -7.7419530583927976E-02
  6.4698690981789767E-03  4.3266921511491724E-02 -1.8225746330337127E-02 -7.4498641568868290E-02 -4.6916145977185436E-02 -9.0999942060817449E-02
  1.2133242892103544E-02  2.1216627963558238E-01  4.5821621730503984E-02  1.0999236168539753E-01 -2.1188169612671916E-02 -7.8738317351475698E-02
 -1.3972556906357614E-01 -5.5480621449968348E-02  2.0895919919613126E-01  1.3638779288832614E-01  2.2442818861686312E-01  5.6021452492776194E-02
  1.4470364832363705E-01  2.0538727796957593E-02  3.0820457596312245E-02  8.4024642004202916E-03 -5.8029896505087195E-03 -2.1373054358696492E-02
 -1.8279417697444775E-02 -2.3498781072845142E-04  5.1744346991042843E-03 -6.7481655234107973E-01 -1.0502719102190392E-01 -2.3453805941614400E-01
 -1.9029708495283415E-01  9.6199081616135995E-01 -1.6155970601878439E-01  3.3370411345601397E-01  7.3641673068285518E-01 -2.4145406128856232E-02
  9.9717165466437530E-01 -4.0021337516588693E-02 -4.0852871689263359E-01  2.6920563405836340E-01  2.1323148058311470E-01 -1.5693621402145222E-01
 -2.1463442575386987E-01 -1.0250729163492869E-02  2.1666586341420624E-01  3.4890109574754546E-01 -5.1738928207790758E-01  1.4295317924888346E-01
  4.4133734703180427E-01 -2.1722246098439824E-01  2.9818532234949979E-01 -5.0138674260740912E-01  7.1198610951679386E-01 -1.9836969780456382E-01
 -7.1677481066584459E-01  3.1272574431950728E-01 -5.1217279719541753E-01  1.5954771150610276E+00 -1.2441257118597036E-01  5.1107651159977292E-02
 -5.4176692626014829E-02  6.6168572384851659E-02 -9.0025313169079996E-02 -2.9982916733880172E-01 -5.9374266416250443E-01 -1.0005113136440413E-01
 -1.4425236621853450E-02  7.8159954316639579E-02  4.3030509858312992E-02  3.2735981325339343E-02 -1.9986587627963245E-01 -1.4359872942100111E-02
  1.1393419806045295E+00 -4.7909002687369362E-01  6.0207555444166019E-02 -3.6772940772220436E-01 -1.3119384946932493E+00  2.3239597164238512E-01
 -6.0667379572989018E-02 -3.7769605171010938E+00 -1.0952157388019178E-02  2.5643807024153487E-01 -7.8600669603812845E-02 -2.6075133926197436E-01
  4.8790231277666657E-01 -4.0102650474499751E-01  3.5563326202063533E-01 -4.7041755981065456E-02  5.0542189803735793E-01 -1.3730345071143699E-01
  4.5553981010875294E-02 -6.3230155123323431E-02  1.2574582758416358E-01 -1.5683875169104936E-01  9.5858625255266061E-01  8.7225002131466993E-03
  6.0680951583656315E-02  5.6036466548186649E-02 -9.3440563241228194E-02  2.5796134245154018E-01 -3.1631445737114592E+00 -1.3663695037044277E-02
 -6.1872942020384299E-02  3.8537721376460846E-02 -4.9099069445431229E-02 -1.9709907207258452E-02  2.3328057325032459E-02 -1.3045468376013988E-02
  8.3599527359726547E-03  1.1706711728034758E-01 -1.9492255191643945E-01 -1.9107798467811171E-01 -2.8261189069252762E-02 -4.4486630628155319E-02
  7.1973038481084287E-02  7.3606504795419536E-01 -2.8439991573696341E-03 -5.3638900316933229E-03 -1.2744490521768520E-01 -1.1390498718632047E-01
  1.3610728100170816E-01  2.7964325925796649E-02  3.2396812160296234E-01 -3.7200880085088674E+00 -6.4561827955639051E-01 -1.2182705839198477E-01
 -1.3805687471481703E-01 -1.3200102542026942E-01 -3.4982593124331052E-01  9.8605736338225292E+00  9.2815643006832516E-01  2.4012599221100245E-01
  1.7144830659949328E-01  1.7268069097217051E-01 -5.4161350762534788E-01  8.3528764720601112E-02 -1.2117209320908959E-01 -8.0185542572673255E-02
  3.5719498448632821E-02 -6.0364420469775158E-02  1.7051027975414576E-01 -1.0043371530507794E-01 -6.5821152084309623E-02 -1.2075503066027952E-01
  1.8332485193881501E-01 -1.7282446521687373E+00 -2.1256357300198307E-02  3.1095458153502016E-02 -1.0892786266082045E-02 -2.6056850177066490E-03
 -1.2560648149309867E-02 -1.0277386730090224E-02 -1.1917697495718131E-02  7.1576524613635260E-03  5.4332995835482860E-03  4.9342662329974929E-01
  3.5930349144791367E+00  1.5104427848579158E-01 -2.0352663106875113E-01 -7.3421560800379604E-01 -9.8789820710188057E+00 -1.7096533657881691E-01
  2.3905988618189267E-01 -8.4066939072685262E-04 -4.2361848630912635E-02  2.0384865383106660E-02 -1.2650032193269950E-01  2.1406549136372402E-01
  6.2567802386895917E+00  4.4564256342850710E-02  3.8842297474532703E-02 -3.2608889397439810E-03  2.7655103984406924E-02 -4.8978003953235837E-02
 -2.5869036288803569E-02  1.2871885368872996E-02  6.3009913857730426E-03
ORDER     2 BLOCK     2
  1.7949048034924340E+00 -2.2520351455578878E+00 -1.9996804505543455E+00 -2.6404741856353153E-01 -3.3797434103487487E+00  4.1273726837836353E+00
  1.6587828861672311E+00  9.6957654542293714E-03  2.4831195550674501E-01  2.6321538245856879E-01  7.5189070805961167E-01 -5.3135607000585186E-02
  3.4514086812158278E-02 -3.0269783909887818E-03 -2.3815019241242835E-02  6.6144093190037695E-02 -4.2717985061400052E-02  1.1885456573619943E-03
  3.1477865182743356E-02  1.8102606670877368E-02 -1.5751635990058871E-03 -5.8707051368150380E-03 -1.4409274820665063E-01 -1.2156203678499562E+00
 -1.1348690962528833E+00 -2.7238132822724261E+00 -8.3172335741984516E-02  1.2469970909692725E+00  1.4126609624792221E+00  3.2030030212139708E+00
 -1.0058350735250792E+00 -1.3026299588318202E+00 -8.1403160023743260E-02 -2.6317858657718922E+00 -2.4639034206918327E+00 -1.1236868309355310E+00
 -2.0706309696680303E-01 -4.2076643630955995E-01  5.8887405608844279E-01  2.6886414247107377E+00  2.7990162462324992E+00  3.0192791855936019E+00
  2.4170252695405900E-01  1.3947929748971232E-02 -5.1834298307166704E-01  1.1345615172006522E+00  1.7124327500206245E+00 -4.7460635055679955E-02
  2.9093999266661830E-01 -1.6718349254409448E-01  1.1069927096731860E-01  2.3337189060168302E+00 -1.8929346729968332E-02  9.1588079072605255E-01
  6.0231993897223890E-01 -2.2729545929919328E+00  6.5906297254652552E-02  2.6762038848539111E+00 -2.5822208594903412E-01 -1.3585171563112814E+00
 -3.9235500561545078E-01  1.0259004257685559E-02 -7.4637715657861681E-01  1.0614578360384803E+00 -3.0276414919719147E-01 -2.3066873134192922E-03
  2.0115486587759160E-01 -7.7430409097292663E-01  1.3394725273147081E+00 -4.9082871470702671E-02  2.1590467921230095E-03 -2.5819611892739507E-02
  1.5734218245246737E-02 -7.5272658657147953E-02 -1.7539115105027418E-02  1.1588807282233301E-03 -1.7432507486369039E-02  1.9241762136680142E-02
 -2.8483904177302843E-01 -1.7633557869205792E-02 -7.4875407945697769E-01 -3.3374796424028200E-02 -9.5925057751859721E-02  2.1039921501261914E-02
  4.3393535174862702E-01 -1.0902035170698818E+00 -6.1998972168689093E-01 -4.1411281117744780E-01 -4.2518949199688121E-03 -6.6367516890696299E-01
  5.8709086768771823E-01  1.9354082076058952E-02  2.1093259288535888E-04  4.8343652027950205E-02 -1.4075354775585114E-01 -8.0867646350639255E-02
 -6.2169941544205416E-02 -6.6864375195539475E-03  1.4026974825693583E-01 -3.5281354641799023E-01  3.8508803400667385E-01 -1.9623310688883264E-01
  5.3767352255833572E-03 -6.6883278993778406E-01  2.7481083621129593E-01
ORDER     2 BLOCK     3
 -1.5930277510839872E+00 -3.6207387432586859E+00  6.7362315262295502E-01  2.0565123097425824E+00 -1.2126113463315104E-01 -8.8612065684609531E-01
 -4.9058284592203716E+00 -5.7966938405507547E+00 -3.8076105845391839E-02  1.2803488808468335E+00  3.4903299243972490E+00 -3.7961319235809193E-01
  2.7470987864614931E+00  5.3302112198093567E+00  2.3485796647959445E+00  2.1146961170774863E+00  3.0435773275178345E-02  4.3366469010684011E-01
 -2.2527708517221945E+00  4.6643890608205130E+00 -2.0056029439219844E-01  1.0732859422243402E-01  4.4784945330338468E+00 -2.1634796878102738E+00
  3.0061992403375504E+00 -1.2558664406784164E+01  6.2571296137364047E+00  6.5227168201367896E+00 -5.7133739590371846E+00 -5.2405875520313376E+00
 -8.9515717200047928E-01  2.4265019431242793E-01  1.6235591264499805E+00 -3.3365395994652734E-02 -2.3853152779781244E+00  1.9183212639651765E+00
  1.8712470105901615E+00  2.3034224830721012E-01 -8.9621509118831022E-01 -4.1015720261078838E-02  3.6795928530647579E+00 -3.4062827665794027E+00
 -2.2901251404035823E+00 -6.4655812666351986E-01  1.0380801877442365E+00 -1.1682606187891384E-01  6.9822830346370734E-01  9.5431076259314018E-01
  3.8971557065282658E-01  1.6245818560068812E+00 -1.0020099921379468E+00 -2.6861073832742069E-02 -1.1544351718036579E-01 -9.7130886455796372E-01
 -5.8629321562536518E-01 -2.5553652661339208E+00  1.2812592586352480E+00  1.7992502189849203E-02  1.4004635615244562E-01  1.5403698701315172E+00
  3.2975152166340710E-01 -2.0951288614553112E-01 -2.9352133972053734E-01  1.5092588239565330E-01 -4.1926941474907768E-02  1.1332702249301085E+00
  2.4620295346485062E-03  1.1412115169173791E-01 -2.1277616791645099E-01 -1.5268473279531489E+00  1.4916334396749906E-01 -2.1044252328131924E-01
  1.0085725756462802E+00  9.3497567628300096E-02  2.5274056514353410E-01  1.0809353830962738E+00 -1.6529906578899911E-02 -1.9696945144562108E+00
  1.1605316755487427E+00 -1.5726482250282052E+00 -1.0859956856711463E-01  2.1759624093499674E+00  2.6088260165286398E-01 -3.4837334504906337E-01
 -8.4922998941622252E-02 -5.6270013694587374E-02  8.0849729174390028E-01  6.8175833995167068E-01  5.3446623313444892E+00  2.8517356376202061E+00
  2.0389563001625899E-01  2.9729361866657888E-01 -7.3684027414569264E-01 -6.2667599046591327E-01 -5.4994917794074887E+00 -2.7699341610753314E+00
 -6.0203979752118719E-01 -1.4983018258104805E+00 -1.5920359908741593E+00  1.5370988912401786E+00 -1.6855612697462585E+00 -7.5569480482794257E-02
 -2.4463006438819556E-02  2.2288863583116277E-02  6.3700911662356996E-01 -7.0994065774542203E-01 -1.1308939401341185E+00 -7.3806317419208289E-02
  1.8740815392227372E+00 -1.6755688823240084E-01  1.4267972778116461E-01 -5.4217867887736426E-01 -5.1373846458024558E-03  3.0673435860169307E+00
 -2.9214081416387567E+00 -3.3078687700818460E-01  1.0524228569909699E+00 -5.3123285123159425E-01 -1.2408038527327876E-01 -1.6288341015909049E+00
  5.7464199750668454E+00  5.2627426685575585E-01 -1.8358219362577788E+00  5.3369545025431075E-01  1.2039202717263257E-01  2.6110918502017988E+00
  5.5181734546053213E-02 -4.0392344277318837E-01 -1.5103191759616033E-01  6.6598413773062054E-02 -1.9330998187941698E-01 -1.9232103796227629E-01
 -3.1685338567696503E-01  9.1058213769066809E-01 -4.8912521080297283E-01  2.1606082766590209E-01  1.5464017000540453E-01  9.3509372956072601E-01
 -5.7708205705521742E-01  3.9501536969179196E+00  2.4198349917482476E-02  4.4469137324203468E-02 -1.3385657285621366E-01 -1.2911526917214089E+00
  8.2153672282641033E-01 -1.0710122844771272E+01 -2.1616974253132089E-02  4.5688761896145354E-03 -7.9913120532146952E-03  1.0430365579029867E-01
 -1.0875219116105338E-01 -7.7431954540919404E-02  5.3975825674594947E-02 -1.3099004571099138E-02 -1.4701355473526084E-01  3.6431087339895203E-02
  2.1368146506770984E-02 -8.4043848956122449E-02  5.5434035555124526E-03  1.6293016500267504E-01 -9.4204050857312016E-01 -7.2896058850378045E-02
  1.3732562135662019E+00  1.0575679059079900E-01  4.8724751412657551E-02  6.3898846983708416E-02  4.7595015185680697E-02 -6.3320259983731586E-02
 -1.6768175978413544E-01  1.0744785689351279E-02 -9.5905241194132085E-01 -1.5308835832724110E+00  1.4739787350462248E+00  2.4890256852314776E+00
 -3.0925415015813244E-02  2.5967400254774009E-01  5.0361270782350455E-02  6.6018083412910622E-01  1.5230535439387743E-01  2.6042744446201173E-02
 -2.4211238153845462E+00  7.2560231373595616E-02 -8.9431843417919366E-01  1.9492228942914698E+00  6.1923910600833132E-02  4.6419760931428025E+00
 -2.3330167760152554E+00 -6.1676929370475912E-02  1.1726631112345154E+00 -3.0844739711513109E+00 -4.7311432924540792E-02 -7.8000149750763406E+00
  6.9811635751278955E-01  4.5949377833833893E-01 -2.6916736154150256E-01 -9.9500068947304884E-02 -3.9894527653792020E-02 -5.4568263730159702E-02
 -2.4477046069933422E-01 -2.8951104975532127E+00  2.3421982068420158E-01 -3.6487840425759099E-01 -3.5816577880977313E-01  2.7451962832971394E-01
  4.0595024630141868E-01 -3.1352279303551660E-02  7.2981098772560071E-01  1.7452303282111245E-03 -9.8762074549703663E-02 -4.0542389506375059E-01
  1.4285861633687125E-01  1.6591759887485499E-01  1.2990904552169924E-01 -2.7084830519244214E-02  2.4956361647268163E-01 -1.4714258814299659E+00
 -2.3880022685433107E-02  1.0048673591982729E-02  4.2936770184789191E-01 -2.2066865530008822E-01  8.4223087538288430E-02 -4.7963949582350834E-01
  5.4755941514760098E-01 -1.8371078788120623E-02  7.7290213173340380E-02  3.1141737035165379E-01 -7.7252748763560877E-02  6.9028508736904759E-01
 -1.9790244691333962E+00  5.5795871468645453E-03 -9.6874143778898941E-02 -4.7515290442372890E-02 -4.4313437495121615E-02 -6.5267551581438751E-02
  1.1261001712448546E-02 -5.2642835028238041E-03  1.2888574719924190E-02  1.1801529136538629E-01  2.2224457980118257E-02  7.8138191324601727E-03
 -5.5956524047782667E-02  8.2472126617697190E-04  7.1131003189873573E-02 -2.6157569404951992E+00 -6.5480551478963164E-03 -2.8485247262115560E-03
  1.7845046113862697E-02 -5.3495948874812883E-02 -5.3820533018316366E-02 -1.5816100024738571E-03 -3.7936095356182942E-01  3.7635705273723419E-01
  5.0100304057529266E-01  7.9679459539899120E-02 -4.2018700824249394E-01 -5.3376113478644849E-01  5.6327633803966493E-01 -7.1436061692354769E-01
 -7.0828616857675641E-01 -9.2273570810549890E-02  4.7694498483580877E-01  7.0065885842698972E-01 -2.4369420552757359E-01  1.5796958939587891E-01
 -2.9864561783357769E-03  1.3035286898068116E-01 -1.9283343332408770E-01  1.3711376020801253E-01  1.9268384922054321E-02 -2.0072917139118229E-01
  7.7667113649029151E-01  5.0193490296367931E-02 -8.4493393599350708E-02 -5.8660556835934408E-02  5.2002922563177983E-02 -6.6827912124468508E-02
  9.0302030784002063E-02  4.5637941171968892E-02  2.2946756947772040E-01 -1.9106330495232057E-01 -5.9565501354337580E-02  1.4360509477591165E-02
  1.1880334019857807E-02  3.3242287731215531E-01 -1.5802915121488972E-01 -4.8671725258612014E-01  1.0468611097881662E-01 -7.9399781667070825E-03
 -5.5751072239178689E-02 -7.0418039263764803E-02 -5.1419231622463812E-02  1.2532472421523347E-01 -5.5117713826917734E-02  2.5897349171454972E-02
  2.1045547869643555E-03  4.0967517955882958E-02
ORDER     2 BLOCK     4
 -1.0790154677255905E+00 -3.8872237882853833E-01  2.5018895381588496E-01  1.6126174315034596E+00 -2.0557471947263864E-01 -1.1540077092872452E+00
  1.3994793655977202E+00  1.9969882119065249E-01  1.4690894560154377E+00 -2.0431015958123502E+00  1.3244271904367162E+00 -6.4577812606256180E-01
 -6.1670795685942537E-01  6.8856288959586465E-01  3.2367703502539402E-01  1.4256009284478208E+00 -1.1208722799405839E+00  1.7282605699817888E+00
  3.0192251977801856E+00 -4.7943993216031816E-01 -8.5030749372320213E-01 -1.8505056698894977E+00 -1.9412556645738157E+00 -1.3275795916613617E+00
 -7.0220795250856760E-01  1.5794032386541255E+00 -1.7406841560560664E+00  2.6593577871392261E-02 -7.6513988912367514E-01 -4.2995283907768989E-01
  1.8877613240545119E+00 -2.3417108569401131E+00  2.6945037629381807E+00  1.3520156051495280E+00 -1.8352580613461542E+00  2.1590494756539197E-01
 -5.9878899429128507E-01 -1.1951488139722799E+00  2.6759457034068856E+00  6.3686154689460062E-01 -3.0014496516470801E-01  1.7921932311506679E+00
 -8.3720920450012837E-01  1.1797464329121767E+00  1.0196521957887324E-01 -2.9286232099056559E+00  7.6422889329257859E-01 -1.7304357377342239E+00
  2.5411089741003307E-01 -9.8335311360303124E-01  7.4134547274766904E-01  6.3692143025926284E-01  2.4362140039361499E-01  1.6163875943497152E+00
  3.7167523007753289E-01  1.8695580978930537E+00 -1.0199436745364461E+00 -7.8148804793090221E-01  5.7108847176624289E-01 -1.7895415107351262E+00
 -2.7197956439810111E-01  2.0361330939831146E-01  1.3963790131748908E+00  3.2142630667164174E-01  1.7330253064175924E+00  1.5792355613659062E-01
 -3.4169227469264407E-01  3.3573601574537881E-01  6.7133433960263778E-02 -1.8066566084990066E-01 -8.2510002917716915E-02 -9.5779596528185906E-02
  5.4620547655953666E-01 -5.0511138651539111E-01 -4.0688330502140310E-02  2.3221714287175391E-01  3.6513011779003263E-02  2.4644158890429138E-01
 -5.2938506509126526E-01  4.2193116339724090E-01  8.3162728530646143E-02  1.2985345927491485E-01  4.0094092597534775E-01 -4.0225698398885353E-02
 -5.7978209296635241E-01 -5.3233032278995000E-02 -3.5586798175834450E-01 -2.2153517554445282E-01 -7.5115337085904801E-02 -9.0146009472597769E-03
  4.5252927377668201E-04 -8.4501966353607516E-01  2.0265229390251747E-02 -1.4171934956385728E+00  6.5093323999532848E-01 -3.6810201805079250E-04
  1.7308395768820459E+00  3.7887782398654695E+00  4.8056624791703051E+00  8.9359523346062186E+00 -3.1166730121578090E+00  4.0282733985245411E-01
  6.7619838417177047E-01 -1.2656581312396751E+01  2.0310097655037094E+00 -4.3135008371092903E-01 -8.4883014490638653E-01  1.3784750269502866E+00
 -2.5679084120852398E+00 -1.6138785059026017E-01 -1.2500511844242254E-01  6.6311346742843280E-01 -4.4894920810205612E+00 -1.6940413115322399E+00
 -1.7419875874163460E+00  6.5053486753565581E-01 -3.9306849446155451E-01 -5.0624269999525207E-01  6.2989534391740527E+00  2.9409193443519950E+00
  1.8675807224246745E+00 -7.2915721983270121E-01  9.1360801336313679E-01  1.1737716228931445E+00  7.1073408625053636E-01 -2.2550981411591464E-01
 -4.2720215815865986E-01  6.5884069727362202E-02  1.8488696520440073E-01 -5.1032728059169452E-01  3.1997353372965096E-02 -1.2104983314943005E+00
  1.1878000534570774E+00  6.0035610549134022E-01  6.3520245600748437E-01  3.5670090192784532E-01 -1.6114275234090434E+00 -2.1299129562325145E+00
 -4.6724288419111881E-01 -4.3257468449792746E-01  5.1810867236992608E-01 -6.2740260228907302E-02  1.1718516194173084E-01 -2.5767840779094926E+00
  3.4083366640075602E-01 -6.9297198930287784E-01 -5.2224949998091696E-01  1.9454452920010325E-02 -2.7587803216741680E-01 -2.2442487539742226E-01
 -4.7354985313413700E-01  1.9017996188618578E+00  7.6532466567673829E-01 -1.2823272613222234E-01 -4.2037750145720185E-02  3.0614573072192930E-01
  6.7219693648055179E-01 -2.7246837269637624E-02 -3.4910398083012761E-01 -3.7096164892931521E-02  3.1035601880388669E-01 -1.4412070026482654E-01
  2.1958311001977629E-01  2.0712362264459019E+00  3.6440204585038838E-01 -9.7059597393673069E-01  1.1976714377321963E-01 -2.0233842903414928E-01
  3.2102576218089562E-01 -1.7797879362740823E-01  6.9918259813806494E-01 -1.1608081695579940E-02  5.1754785972391353E-02  3.3179277157321718E-01
 -4.4754205868942193E-01  2.5589587493737498E-01 -2.3130762714449724E+00  4.2101666841827153E-03 -6.1679339768849047E-02  4.2685283473621098E-02
 -6.6219963601247780E-02 -1.7129642416381322E-02  2.5665487458713526E-02 -2.3905242995030669E-02 -2.0116383590653024E-04 -7.2524600967530037E-02
 -7.2395040862338195E-02 -2.3557574099379235E-02  9.7518251569525386E-04 -1.8349760650005088E-02  9.7868901442953612E-02 -4.7795016501038144E-02
  7.4745313932921176E-01  1.0607079438051875E-01 -1.3277320305139603E-01  7.2399837666613634E-02 -9.8038867624334913E-01 -1.3003632081971075E-01
  6.7398547592603586E-01  1.1603201470103722E-01  9.9174996510307908E-02  3.1482196825424198E-02 -7.9066229294725981E-02 -8.3234317451499479E-02
  1.8397229351464969E-01 -3.8556362765298307E-03  1.2431385507044835E-02  1.0298695425755133E+00  2.9164199566685056E-01 -8.8267948349686973E-02
 -5.1265448282979209E-01 -1.3279000922086093E+00  5.1036868148905068E-01 -1.6912571613708696E-02  3.3164277305522993E-01  2.3508469090753217E-01
  2.0532251858584400E+00 -1.2318182753073761E-01 -1.3228878222243874E+00 -4.9166580199893339E-01  3.7450460726219811E-02  2.4577981037867611E-01
 -1.6484538300815896E-02  8.2301385150434725E-02  3.2892407641190158E-01 -2.3146961622333300E+00  5.3759828016731304E-01 -3.4552650157810377E-01
  1.0253593783282144E+00 -2.3357497189252320E-02 -5.3300145297345791E-01  3.2106208633995990E+00 -7.3215849094111640E-01  5.9739832651802294E-01
 -1.9356043598194062E+00  1.8772518356788868E-02  1.5299385211499494E+00 -1.7473088031668529E+00 -1.0124663976771232E-02 -1.7017276417129373E-01
  1.8811660387041482E-01 -1.7277726091349675E-02 -2.7243295219259323E-01  9.7081320327930798E-01 -1.0017036001087321E+00  1.8003120989512844E-01
  1.4574273728625062E-01 -5.0603386068466216E-01 -2.3741156778791653E-01 -1.5324245458452476E-02  4.1706049783673399E-01 -1.7737824610951355E-02
  3.5978359834036638E-01 -1.0696190959296203E+00  1.7603800551138299E-01 -4.1938180325492924E+00 -6.1994055881962307E-01  1.4476956355845869E+00
 -6.3289838397157530E-02 -1.9542587389030233E+00 -3.6391716923351664E-01 -3.2094770441532605E-01 -1.7808326124099794E-01 -6.6505890163706716E-01
 -1.5383349188126314E+00 -1.0673506836095897E-01 -2.2459663245659622E-02 -5.1415562295792423E-02  3.7547129447855800E-02 -1.2261244184378192E-01
 -3.0008909092321878E-01  3.1600626560181894E-01 -1.6588558542662310E-01 -1.4922063550931383E-01 -3.9310196634594105E-02 -8.2222801604534212E-02
  2.5893097501913674E-02 -4.7338391250495110E-01  2.7914911819240346E-01  2.0260518047253645E-01  6.5301686291623129E-01  7.9248958925705049E-02
 -2.5758378040834362E-02  1.6112101645642987E-02  2.8644706915616491E-03 -2.1878489820293879E-02  2.3559027525259280E-02 -1.0152934033396182E-02
 -3.2739592417104012E-03  3.4364532846528829E-02 -2.2012673117206269E-02  1.7511612374341699E-02 -4.1854655292810836E-02  2.6057785804065311E-02
 -6.8627596224263667E-04 -1.9905826122263330E+00 -8.6428326876585235E-03  1.3329961159764019E-02  1.8621486613561450E-01  2.7012116981076123E-01
 -2.4147335909512427E-01  3.2076800288404386E-02 -4.2111172037779171E-02  3.4759663123763098E+00 -1.6295801732125945E-01  3.5612549419344763E-01
 -2.3518342541818715E-01  2.1666117696023068E-02 -6.1512895801753890E-02 -9.9018576779725596E+00  2.0978196763044818E-01 -5.2428636245165205E-01
  3.3099971870974226E-01 -2.3407708295957962E-02  1.0263364896810323E-01 -5.5723851342053217E-02 -1.7075716305444838E-01  9.4726227271712718E-02
 -5.4535273495675891E-02  3.4967700155323633E-02  4.2492533611806611E-02 -4.6641631274653328E-01  6.5901743488700731E-02  4.2038158334440565E-03
 -4.5123907786623355E-02  2.2558505145489272E+00  3.4120412213904917E-02 -4.2791231882065857E-02 -5.0078919288464793E-02  9.2618230447151464E-02
  1.2300224688810711E-01 -8.1003494768845843E-02  4.6862894195950147E-02 -1.4034222174557360E-03  2.7055928319207438E-02 -7.9586493687396814E-02
 -4.6141132303807693E+00 -4.3217714399950355E-03  4.9237303959010326E-02  2.3114740236627079E-01  1.2587596854864127E+01  2.0783107923618181E-02
 -7.7711817144111767E-02  1.5427394538342107E-01 -5.0238500652909156E-02  3.3280888298318533E-03 -1.9251022553565214E-01  1.0362553323323773E-01
 -3.1821397457141640E+00  2.7653819847561378E-02 -3.9466014391034449E-02  3.3363954183801663E-02 -1.2846540998302243E-03 -9.3082036285474221E-02
 -7.7206459841103997E-02 -7.9552797660215266E-03  1.0463070926515180E-02
ORDER     2 BLOCK     5
  5.3788492618752926E-01 -2.6048000505020576E-02  5.7489374219200995E-01 -2.6659921999373637E+00 -2.0649165223638910E+00 -1.0505196539067672E+00
 -1.1940430575281358E+00  2.2115581986400440E-01 -8.7808705195719039E-01 -1.3447897586332550E-01  2.2015960870055111E+00 -7.4556140359805656E-01
  1.1558478243986110E-02  1.2724968796951380E-01  1.4115087368256540E-01 -1.5316823584831183E+00  3.9983789013836253E+00  1.4440834148761006E+00
  6.2777841774804255E-01 -5.9838405702456809E-01  1.4005930554594264E+00  1.9539928948903205E+00 -2.8496828449241853E+00  2.1024088128739336E+00
  3.0822713716183250E+00  9.5662524271192118E-01  2.5935928695948145E+00  2.3724138364323282E-02  3.5844294018374423E-01  1.2922193288142205E+00
 -6.5352472217621207E+00 -1.3163388993241214E+00 -4.5913370065032675E+00  1.7096763452126764E+00 -2.3835921613257636E+00  8.0995928347891710E-01
 -9.6556436431872478E-02 -4.2713170064585775E+00  3.0941273463408416E+00 -1.0628662141526981E+00 -4.2415974271066483E+00 -1.1499714048415175E+00
  1.3183659987711793E-01  1.0146023861083737E+00  6.0003798295219628E+00  1.2860968313323171E+00 -1.9227507868514065E-01 -1.7706619154296446E+00
 -1.4390003557090414E+00  7.0868147032500661E-01 -1.2706476826361919E+00  7.3801979016886909E-01  1.9490342538687879E+00  2.5966664365194342E-01
  1.4340244623319479E-01 -1.7508287423152136E+00  2.2087868171739302E+00 -1.0251414216406818E+00 -2.7344431110216085E+00 -1.4519830993658819E-01
 -2.0230870263802347E-01  7.5440114731213181E-01 -1.1910240996123136E+00  4.0988762552970387E-01  1.4507197140163091E+00 -1.0245952277014420E-01
 -3.5790985782473284E-01 -5.7233910766463258E-01 -5.1348725404605229E-02  4.8457892890152204E-02  1.3579809456268130E-01  3.3383109530245975E-01
  4.0212837550957137E-01  7.3966717727632014E-01  4.3485790292698868E-02 -6.4753624714062999E-02 -9.5306513943908377E-02 -4.4269515710352642E-01
  4.5892599306085119E-01 -2.0405931736090627E-01  4.4758580402661716E-02  4.6918980478022142E-02 -4.2980219221313615E-01  1.2761490143951637E-01
  5.1975667268835357E-01 -1.0523590985435713E-01 -1.9619896466124279E-01  7.7350075576629474E-03 -3.6585811249270982E-02 -7.1679973714988653E-03
 -3.3956002491047682E-04 -1.1078121084749915E+00 -9.2999902232721830E-03 -2.8756470026193743E+00  1.6546337228918757E+00 -1.8634537485133405E-02
  1.8629423234756077E+00 -1.4758073472414848E+00 -7.4263980495701820E-01 -2.8702397473124877E+00  2.2872883557670791E+00  2.6260979662146661E-01
  1.6612854018393602E-01  3.2474253160987745E+00 -2.7910049229175153E+00 -4.8403213964041059E-01 -3.8575122135340278E-01 -3.2765137533851973E-01
 -3.1694224400377441E-01  2.3363932255219366E-01 -1.1148351852470615E+00 -8.0351688218793669E+00  4.1257496545885362E+00 -3.0081118395470527E+00
  1.4498462526179439E+00  6.0425079877117527E-01  1.3622647247361552E+00  9.7008120570760745E+00 -4.1467598723986390E+00  4.3856803481138726E+00
 -1.2120669467489902E+00 -5.8741759755686607E-01 -1.0822182218791794E+00  8.8979880270996359E-01 -1.4199339648888707E+00  1.0198266624466898E+00
 -2.1717026673468201E-01  2.8612672344719337E-01 -8.5591621355048719E-02 -9.3663885027775562E-01  1.3981271467440763E-02 -4.8113780372730391E-01
  5.7893522092642169E-01 -1.6527560181143925E+00 -5.7819558861041864E-01  6.9252429380546165E-01 -8.1498364787041322E-01  3.5983571944899717E+00
  4.2594435585906681E-01 -7.1198987511542877E-01 -4.5094677078299406E-01  6.1030991220618636E-01 -1.8005106323441195E-01  1.1863137603826950E+00
  4.0418653645440554E-02  1.5146229723356393E+00 -2.0590402756918266E-01 -5.6120778467647681E-01  4.8920560089502289E-02 -3.4539872222194190E-01
 -5.4244048729286138E-03 -3.1320669437103354E-01  4.4359350170841050E-01  8.1442389371140933E-01 -5.1105669188555047E-01  3.3321677630854274E-01
 -6.6854762093779130E-01  8.2302495590416594E-02 -2.5043934848685945E-01 -7.3127592304981767E-02  1.9744018234799796E-01 -1.1032382361753858E-01
 -3.1518344526325842E-01 -1.5952024941614213E+00 -3.1954821072071198E+00  3.5270997589458024E+00  6.6339936164095614E-02  2.2326683767470415E-01
 -5.9511582545077923E-01  8.1392231964800416E-02 -5.3882673404476705E-03 -3.2836065414705878E-02 -3.0431249185983032E-02 -2.7939161042003735E-01
  7.2984822039222985E-01 -3.8103073887846999E-02 -2.2338630585435951E-01  3.1875368207265074E-02  2.6633061440202731E-02  1.1176599765581494E-01
 -9.2624515283300485E-02 -5.2989762721249167E-02  3.3366916832698497E-03  6.1285836192577691E-03 -1.0474217186192817E-02  1.7628733456258865E-02
 -3.4358576292948584E-02  2.7584081075258084E-02  7.3956739511291308E-02  8.3138091135499650E-02 -2.5585053277704639E-01  5.6244651196143712E-02
  1.9985660374258842E-03 -1.8123681457160035E-02 -6.7286987674850196E-01 -4.0829259212195324E-02 -8.0674137481637709E-02  1.7876815132877213E-02
  2.2357761912713250E+00 -3.7489547514398223E-02  5.6123511441347626E-02  8.4411016919532060E-03 -1.1288051816823828E-02  7.1482542548588802E-03
 -5.6750054640945756E-02  4.0206483247063649E-02  1.2615085983886278E-02 -1.4129305668035355E+00 -4.3465840464962446E-01  4.1191561713824720E-01
  1.3541533711183060E+00  1.9598299488680115E+00 -1.1390665564451128E+00 -6.4445791431986288E-01 -2.7211544114340858E+00 -7.0277102900746574E-03
 -1.0305566829190793E+00  2.2768619101553597E-03 -5.8890075430860667E-01 -1.7448307398233032E-01  7.6617630736652481E-02 -3.2140096263485585E-01
  1.6162874107388153E-01  4.4027733134653455E-02 -4.2668268609146009E-01 -4.2898041355160726E-01  6.2914749875873546E-02 -3.1449926596735811E-01
  5.4874847261967874E-01  1.0854348189546956E-01 -2.9262664296260749E-01  5.6238240551979835E-01 -9.0382333515190719E-02  5.1621063314625704E-01
 -1.3387923424337504E+00 -1.3124126181194257E-01 -1.3320518278134977E-01 -4.0426528306910081E-01  4.4124160306123636E-02 -4.9348475721129885E-04
 -2.1161080846404931E-02 -1.2858665526787917E-02  3.0385464342951518E-01 -2.4758999430561976E-01 -2.8926701716596914E-01  2.0624014976546846E-02
  1.7133872329974101E-01 -1.3804282627456266E-01 -8.8445525351908028E-02  1.0006844623512513E-02 -3.0382789829658838E-02 -3.0297638474543697E-03
  2.2280041417197087E+00  1.1711745297079310E+00 -2.5655158665125538E-01 -8.9860334715514611E-01 -3.2134564040368345E+00 -1.4806375749847218E+00
  2.0750834008807714E-01 -7.1510974840634267E-01  5.8038664629484753E-02 -6.7475318480913937E-01  5.1658093497161675E-02 -1.5895895567911461E-01
  9.3895915565595223E-01  4.4993400538095757E-01  3.4275578232126536E-01 -4.0570483523018966E-02  4.5107243484396298E-01  4.2205811889028041E-02
  9.0789074707435566E-02  1.8296877206804327E-01 -3.0536933815618345E-01  1.2078033743035080E-01  2.0473693565493436E+00 -2.0994228214904716E-02
 -2.6398649141481403E-02 -2.5281840753400592E-01  3.8535454066996810E-01 -1.8474738024934248E-01 -8.4762927326096111E+00  1.6756363922226666E-02
  2.7505964114547150E-02 -1.7438117201313528E-02  3.9840502438374649E-02  4.4925631893328452E-03  1.3864891812286759E-02 -1.6549296282042408E-02
 -3.4717630368257279E-03  5.2803268521259480E-02 -8.2520055758866118E-02 -1.3013267703725835E-02  2.1991718343845777E-03  5.1549178937610171E-02
 -1.6968776588400106E-01 -6.8039212102853930E-01 -4.5811150693844125E-03 -2.8573957552059663E-03 -3.5795749277053477E-03 -1.2190422638686150E-02
  8.5150812709920976E-03 -3.2245516042189305E-03 -3.9673343182024634E-01  1.0059725641339451E+01 -6.0758241954452778E-02  2.8801946077959795E-01
  6.9241664722116070E-02  1.6193319309357551E-01  5.2276699165706142E-01 -2.7658140093016570E+01  4.5681961839207405E-02 -4.0465775808744092E-01
 -9.1053478593560652E-02 -1.9268330511904863E-01 -1.5218946791785895E-01 -3.2929301280289480E-01  4.6341572249237062E-01  5.2756905384288594E-02
 -7.5106567330532961E-02 -9.5173303662174583E-03 -4.1968876311967857E-03 -7.6773614349726127E-01  1.8001167506263796E-01 -2.5660544960060729E-02
 -1.3178874244506458E-01  6.1957517097906987E+00  2.6125263054822535E-02  1.5312411862146939E-03 -1.9701811802739218E-03  1.3017549748339926E-02
  4.5658066872354680E-04  6.5355951455985167E-03  6.2160201150088454E-02  1.2237690441445754E-03 -8.0439434371123511E-03 -7.1220851160181786E-01
  2.5296303992096107E+00  1.7904379345645877E-01  3.2969129339465197E-01  1.0079630122551939E+00 -6.6174673306321132E+00 -2.1149966215589791E-01
 -5.7727167323877138E-01 -7.2586482741757302E-02  5.3815092239774320E-01 -2.5707277429255507E-02 -5.7165436785293622E-01 -2.2038592472735216E-01
  9.2236868500972102E-01 -9.9208357790508767E-02 -2.3275780132205260E-02  1.2091623475447478E-02  1.2667928413772553E-02  8.2828986301131374E-03
 -1.1243970217995926E-01  1.5255759240546393E-02  7.3782574635176713E-03
ORDER     2 BLOCK     6
 -9.0175701552321907E-02  6.1190417833595312E-01  3.5401212428259266E-01 -3.5047122440936662E-01  2.4859745506024639E-01  1.2920916836667823E-02
 -5.2124015271086710E-01  4.6286328147543843E-03  1.3884469407120020E-02 -1.6117622688543564E-02 -1.6684659399914037E-02 -1.5701973366251572E-03
  4.4992468965617833E-03  1.7608896243862483E-03 -7.8121672036732273E+00 -3.5038031059305597E-01  9.9886650546895321E+00  1.0957439190627674E+00
  5.5531200238651790E-01 -6.9315195811457042E-01 -3.0012284170119652E-01  1.0334277640541663E+01  5.6003281898998134E+00 -4.7707593135817135E+00
  1.0483690281536466E+00 -3.8288643469614470E-02 -4.8940091082652626E-01 -1.4554541302079219E+01 -8.3775333730310599E+00  8.1125877000838429E+00
 -2.5814018196769073E+00 -6.2936851510221015E-01  5.2844576337161220E-01 -7.7963850229762888E-01  3.5167215347315650E-01 -9.7021880636178626E-01
  3.1065017416692381E-01 -8.7638606417810228E-01 -2.9554313323731325E-02  1.0262604733091663E+00  1.8146781061685231E+00 -1.7393848517550211E-02
 -1.4223577337629505E+00 -4.7818814419770234E-01 -1.2591051573247007E+00 -5.7323167569847111E-01 -5.2550863422955352E-01 -1.0050808709312438E-02
 -3.2478137465068424E+00  2.1435546945157018E+00  5.3737194076840367E-01  1.3015402633427880E-02  6.6152662032800680E-04 -8.0328834324755377E-02
 -3.1337626955170242E-02 -1.9045620035607694E-01 -1.9632226779078299E-01 -7.9419858672799520E-02  5.0243262618363027E-01  7.0202871209702148E-03
  3.3788973816504553E-01  4.8431854544711511E-01  2.4833541116246910E-01 -5.5963744389359349E-01 -2.1210174761918735E-02 -1.7939179110649291E-05
 -1.7208839761552991E-01 -6.5499830228287897E-03 -1.6259881918971775E-01 -4.8221087990915484E-01  2.5496054166642725E-04 -2.2357357399853223E-01
  4.1107854743395400E-01  7.9663947856034223E-01 -1.0717369987346589E-01
ORDER     2 BLOCK     7
 -2.9293046102305595E+00  5.7381157011545403E+00 -4.0142692586593420E-02  1.2853261446385942E+00  4.0200501279339313E+00 -8.0409305010840377E+00
 -2.3488120275831303E-01 -1.7733568436414839E+00  3.5704456417459463E-01 -3.9142359107334651E-01 -5.2196814877453757E-01 -8.7325675842052537E-04
  1.0442960140946657E-02 -1.1925311360704391E-02  1.3477277108108960E-02  1.4933076997888130E-02 -1.3977991913163512E-02  2.4415543064214385E-02
 -2.2279897078076705E-02 -2.7677008680998753E-02  2.7033854498362851E-02  5.2919676821851893E-03 -7.0844758856706935E-01  1.4430710233472985E+00
  8.3271390345602014E-01 -2.8628216879939825E+00  5.8410132271268234E-01 -2.0363447863356687E+00 -1.7695342430836618E+00  4.0516872902341854E+00
 -5.8436682156445752E-01  2.6285149537133692E+00 -3.1831362495228532E-01 -1.4722913006971987E+00 -4.1963979328451941E+00  6.1043737082061842E+00
 -1.2771271500115600E+00 -1.1459251158969244E-01  8.7029210299518911E-01  2.1105588564041224E+00  5.9991643850359626E+00 -7.5213875744734988E+00
  2.4392728129064545E+00  3.2788103601624979E-01 -2.1099511774476989E+00  8.7757012430895820E-01 -2.1515117153251038E+00 -1.0825931435259240E+00
 -8.9238870361066300E-02  4.8390393854831515E-01 -3.4683004945979645E-01 -2.1533820332758093E+00  2.7669689077114753E-02 -3.6803198839215195E-01
  8.0082373907850302E-01  9.7870388430674871E-01  1.4966973316900627E-02  8.3471667971761498E-01  1.0266904747908796E+00 -6.0390743676478109E-01
  1.3109227458804245E+00  1.2187933957711717E-02  6.5235234041155921E-01  1.4339754394808266E+00 -7.3972345282016327E-01  6.7312244005923120E-03
 -4.6651774420819847E-01 -1.3218843714468875E-01  7.0147018859300736E-01 -6.0705912234960316E-02  2.6358355784750887E-04 -2.3714476959748109E-02
  8.9927525581220760E-02  8.9553039749874691E-02  6.5283746309306376E-02  1.3876025919754105E-03 -6.6558936226212562E-02  1.2806136597372236E-01
  4.2070508741179832E-03  9.4542123603157582E-03 -2.5587776041174320E-01  1.8420232679983092E-01  3.2495904445238749E-01 -5.0969753810667139E-03
  1.0202950798552207E-01  3.1823833996916495E-01 -3.8831665949588430E-02  3.4919886335913530E-01  8.0278769388970779E-03  8.0462957096700760E-01
 -3.7251306713782117E-01  3.3776261344029938E-03  5.6058379276155109E-04  3.8724567058928912E-02 -2.2557223095360478E-02 -2.2899917360083524E-02
 -1.2834965280074845E-01  1.1103893114572914E-03 -1.0574349516434201E-01  7.3385961649418963E-02 -3.5634558727194732E-02  1.4048302506989427E-01
 -2.1752232800032016E-03  6.3114220139766170E-02 -6.6564864986023653E-02
ORDER     2 BLOCK     8
 -2.8001940239846199E+00 -2.3631267768563363E-01 -6.5839472075346075E+00 -2.0393585092788706E+00  1.2281001775461244E+00  3.5189750287122976E+00
  3.2953680566355072E+00  2.1464586221591913E+00 -1.8578863435535997E-01  2.7756513603329980E+00 -1.1436875616068327E+00 -2.1233062057803093E-01
  2.0390331248708254E-01  1.0660931806454372E+00  2.4654987835131267E-01  8.4550099037662001E+00 -2.1214614239003926E+00 -5.1100504997247178E+00
 -7.0424847484736484E+00  7.4221249418887529E+00  4.5886199831560431E-01 -4.3179163171473194E+00  1.5012663504418633E+00 -9.2398688924102750E+00
  8.0243342597712070E-02 -2.2697780632710018E+00 -7.9484068276205608E+00  3.5059533448619612E-01  2.8623673952225415E-01  6.9067948764563480E-01
  1.3608216013757835E+00  3.3205500914356940E+00  9.9586876812567660E+00 -4.2847918231355626E+00  1.4795491413252606E+00  1.3274442653375690E-01
  6.6931436595270496E-02  1.0232169300465742E+01 -1.9665588535199627E+00 -5.9355517486354437E-01  7.0283536471216088E+00 -1.0809608566398650E+00
  6.4713995863831109E-01 -5.5957941738484873E-01 -9.7504047173145398E+00  2.0190761043055194E+00 -5.3615126120122147E-01  1.2458536222241632E+00
  7.5572821093688547E-01  1.4414967092551474E+00 -3.2576998611747294E+00 -1.1532833964534472E+00 -1.8815860941098099E+00 -7.0564365776601801E-01
  1.6241898525259496E-01 -1.1797734655907162E+00  4.1438263600809275E+00  1.4206896964538975E+00  4.7175338999134313E+00  7.9843868459768730E-01
 -1.7474088631524506E-01 -1.5243170088850966E-01  2.1310422210965296E-01 -4.3845962669435923E-01 -2.5385593231096020E+00 -2.2750886649582518E+00
  2.4177440617023032E+00  9.3047719601176415E-01 -1.8142076881226993E-01  6.8932183234018021E-02 -4.7451156264765405E-02  2.8108728244592505E+00
 -3.1241748290373219E+00 -1.2936955122718823E+00 -4.9342161104885235E-02 -4.7090963494103223E-02  1.5502209032395801E-02 -6.6270653734769966E-02
  4.2164632279584968E-01  1.8609212323600847E-02 -2.9160471195781684E-01  1.0877456726096051E-01 -1.0422124282326350E+00 -2.9923066946832072E-01
  1.6888727918948772E+00  2.7822272217773153E-01 -7.1583293426991407E-02  1.4605220441290351E-01  6.6156347621827441E-02 -3.0895045169719190E-02
 -1.0057255568221084E-04 -3.2961138564485420E-01 -1.5808324100212837E-02 -1.4493731361312305E+00 -4.6376798050106505E+00  5.2498446061880373E-03
 -4.9145006930430668E-01 -1.5092133341922592E+01 -7.4828220387838389E+00 -5.9982169036900879E-01 -4.7342591397332923E+00  2.0001207647446481E-01
 -6.8791888064991313E-01  1.6000448084922785E+00  7.0683521336706612E+00 -3.6547035696427463E-02  6.5954109101475111E-01 -1.2079922945769448E+00
  2.1909849169848652E+00 -2.9849597158076635E-01  3.0430183992633542E-01  1.6425370637396369E+01 -8.4742105075191887E+00 -3.3831840592444005E+00
  6.3250596878826693E-01 -7.4548933645894822E-01  8.6256642862993768E-02 -2.1670357697007216E+01  1.0232694770992408E+01  4.8757787989716679E+00
 -1.0846974528408735E+00  3.3933155545768118E-01  1.1526973654537816E-01 -2.9105327296954375E-01 -5.3683684806688003E-02 -1.4621973110846334E+00
 -2.2052892421642323E-03 -1.4099051194039458E-01 -6.7267353514461517E-02  2.7320541327388873E-02 -2.0605202994635688E-01  1.0423411106632743E+00
 -2.4396819892594861E+00 -2.7854032550349879E+00  1.0751989222334271E+00 -3.8346059332899657E-01  3.0707796009031734E+00  5.4868023839128632E+00
 -2.4121505772580583E+00  4.4497965355173136E-01 -1.1743281457158132E-01 -6.0016494681174015E-01  1.3729237806208738E-01 -5.7961050066851905E-01
 -7.4823005643117246E-01 -2.9522871781689095E+00  6.0667686957227807E-01 -4.8059288627112562E-01 -9.2332114048033431E-01  6.0883577958337953E-01
 -1.7207635977222722E+00  7.1249573859675470E+00 -1.0011050574357292E+00  3.3853217720068296E-01  2.4770021833991795E+00 -4.8145348221668571E-01
  2.1291943815248269E+00  6.0009391688170610E-01  7.8138289804358485E-01 -7.5720714544398637E-01 -8.3679939967394612E-01  6.8903206972636422E-01
  1.2609870219913488E-01  1.7955589160191645E+00  4.7184123071018922E+00 -3.6945475933818956E+00 -4.1405842083655042E-01 -1.0535348148298085E+00
  8.8290034949627449E-01 -9.3016541068319403E-01 -2.2972053882030319E-01  4.2254970392883173E-02 -2.0264185627626215E-02  1.5494085915393829E+00
 -1.1495929971662955E+00  1.3075535691220990E+00  8.2944781909732690E-01 -8.8697425456827836E-02  2.0094892886751724E-02  1.2375763271048121E-02
  9.8604721700068315E-02 -5.0600422241593022E-02 -1.4346450147298283E-02  4.6696667568988347E-02  2.4319315146942317E-02  1.2919256616453328E-02
  7.0905579065036958E-02 -9.9376454573150488E-02 -1.6393752701177788E-01 -1.9874230796344136E-01  2.5282552524702129E-01  1.0270090093707063E-01
  1.2048774416835259E-02 -4.1319457796737985E-02  1.6597763934099938E+00 -4.1659206091907758E-01 -1.6601890474270832E-02 -6.9703635290785920E-03
 -4.4332379619459203E+00  1.3619430641362623E-02 -1.4221702650652107E-01  3.5193147116019216E-02  2.0088272991942768E-02 -1.7478285024370665E-02
  3.0729109085209649E-02 -1.3778656497943698E-01 -3.0370725885765028E-02  1.3020646237663742E+00  6.6348595857276615E-01 -2.8603657397363974E-01
 -3.2154230422537411E-01 -1.7220567003177609E+00 -2.4895957619384818E-01  3.3481599629912229E-01  4.7995350706119172E-01  1.0532915982364448E-01
 -1.7211506862291623E+00 -2.8681848227853801E-02  1.1689206297537102E+00 -2.7580914699379483E-01 -5.7043901801711994E-01  2.9567644015786954E-01
  1.6141918250587337E-01  4.0201640682170331E-02 -2.7380286559307565E-01  1.7380736774872310E+00 -1.4262575915636850E+00  3.2753224479046189E-01
 -9.7603587123077928E-01 -1.4407281290946938E-01 -7.7506525037515428E-01 -2.4425728431105775E+00  1.9420883917296901E+00 -3.0883916077338697E-01
  1.9624394722794303E+00  1.5348839384391746E-01  1.7654979019048420E+00 -1.0267360012076099E-01  9.1619985241073371E-02 -1.2630941005719257E-01
  1.1819942110281538E-01 -3.6332912660670090E-02 -5.0506071219841867E-02  9.7609173190052378E-01 -5.5108623910558208E-01 -4.0327775231230245E-01
 -3.1985369896908172E-01  4.8661951219154553E-01  2.6916655118591054E-01 -1.1666234419156962E-01  2.7670296243410275E-01  2.2138335022941508E-02
 -2.6508574547864798E+00 -1.9237868643688852E-01  2.2605049390544731E-02 -2.2904423869549259E-01  3.3141567321998973E+00  2.9775413415158458E-01
 -4.3155338924476837E-02  2.0330638392398148E+00  5.6184457309969538E-01 -4.6467197606151200E-02  2.9112782320799185E-01 -9.4763262965318520E-02
 -1.0220254101327539E+00 -3.5394207957447116E-01 -8.1845712667463932E-01  1.4157128245869191E-01 -4.4273094088912623E-01  2.6683804907520237E-01
 -4.8466062115902087E-01 -2.5668945308574048E-01  4.8038537141684406E-01  1.2449504329811989E-01 -1.9704617170974601E+00  1.5052108382439514E-01
 -1.9851119004484493E-02  3.0238846618256926E-01 -6.1161004621310500E-01 -2.0531943756822740E-01  7.2524491180995607E+00 -1.2838994739677215E-01
  2.0235441703953957E-02 -6.2061363100044554E-03  1.2320220556209981E-01  1.3566617422784918E-03 -4.9175272768798794E-02  9.0110109955313603E-03
 -9.4428978166445198E-03 -3.5577196720254289E-01  2.8548186837020095E-01  1.8975786410964390E-01 -5.4151990026601463E-03 -1.0719172575114796E-01
  1.6594495181496433E-01  7.5660930412669969E-01 -1.0022577957411108E-02 -1.3976546947599472E-02 -9.1092705416600722E-02 -7.0136808833208455E-02
  6.0761812884824386E-02 -2.5035935929078542E-02  3.3868737681538580E-01  2.3031037683414565E-02 -2.6945895408290654E-01  6.6820902577708996E-01
  2.1078917751374157E-01 -1.7038412311371615E-01 -3.9418480487648938E-01 -1.5282473069176117E-01  3.7307981731799450E-01 -1.1073612718276638E+00
 -2.5687587069127094E-01  1.8718463847224048E-01  1.0760936474621468E+00 -5.5401157657442891E-02 -8.7437109654712589E-02  4.0377661388380524E-02
  3.3425080219461840E-02 -1.1894719292963978E-02 -3.5734964162031579E-01  8.1345690887833041E-02  1.6207641162739819E-04 -1.1168327996359488E-01
  1.4153903953452757E-01  4.1934715603185175E+00  5.1844302205698752E-02 -4.9019517050375411E-02  7.4229724400704480E-02 -2.0646686810150881E-02
  8.6882877946733005E-03 -1.5977315569477346E-02 -3.1843112993825240E-01 -1.5807087595968324E-02 -1.1147603473191388E-02  4.0228355169397967E-01
  2.0065088923194478E+00 -4.2699550296745370E-01  6.4334704320478470E-02 -7.1624956378223226E-01 -5.4074408667532454E+00  6.3793694678431756E-01
 -2.9967217926998312E-02 -2.9290258359664273E-01 -1.4107545812468928E-03 -7.2573917044506525E-02  2.0407158267899939E-01 -3.3683196812633143E-01
  1.0544490817282757E+00  7.8773840002548029E-02 -1.1381761602902378E-01 -7.2993999353501422E-04 -1.1546155768208907E-01  1.9623149020987649E-01
  7.8698486745868407E-02 -1.3717910407447141E-03 -3.8757442017194686E-02
ORDER     2 BLOCK     9
 -9.8371476502710276E-01  7.5443373303323291E+00 -1.2652991914717169E-02  2.4183487623373123E+00  2.7493373868843620E+00  4.5898489268990766E-01
  2.4655643069331821E+00 -2.7856689586040280E+00  9.8284751766229728E-01 -2.2420229932123430E+00 -9.4704881591672727E+00 -1.2106734573830671E+00
  3.4605474461562293E+00 -4.9641989862670020E+00 -6.4096452153088483E+00 -6.2126138538044424E+00  8.4029735728488415E+00  1.1385176081345352E+00
 -1.3958296378574946E+00 -3.6254711049195087E-01  5.6817000472159290E-02 -1.7594318841614140E-01  3.7215811530578256E+00 -1.7376138945943007E+00
  2.0776300400946308E+00  2.2203804959458624E-02 -5.6771585275344414E+00  5.8820447119009529E+00  1.1531918185387884E+01 -5.7147935956111553E+00
 -1.7392781142539622E+00  2.9117352082188014E-01  2.1271621627731996E+00 -4.6394899004127316E-01  3.3689214236448315E+00  1.6911294389436282E+00
 -3.5594047774046755E+00  4.5593275586577930E-01  1.6747289493118972E-01 -9.3617529358707852E-01 -4.5985469106354735E+00 -2.3149276837783912E+00
  5.2184070867942340E+00  7.9609722661882473E-02 -4.1098894798631735E-01  7.1868893577037318E-01  1.4911413415836636E-01 -3.0137741510130445E-01
  7.3214778198992070E-01  1.3016178521063579E-01 -2.1590851764775483E+00  1.6613526264114342E-01 -1.8372725236929818E-01 -4.4994896504102633E-01
 -7.4388483894622048E-01  4.8544637522553093E-02  3.6487551951261925E+00 -2.1482395080723954E-01  2.0826420644423133E-01  1.0031605035209572E+00
 -4.9500053084364511E-02 -2.9264284838084342E-01 -1.5883133359595469E-01  3.7203912155726646E-02  5.8190275398373381E-01 -3.7578651773139136E+00
  2.1389451773976198E-01  6.5530939330992063E-02 -8.6011370433431822E-01  5.0489676067552471E+00 -2.5599668929867270E-01 -1.5368789421539666E-01
 -3.7088323609957019E-01 -2.4813842406555298E-01  9.9715436548032110E-02  7.3453339167289811E-01  6.7488108775912090E-03 -5.2433800434507120E-02
  5.4130708175870357E-01  3.1481090479216003E+00  7.9407403841507962E-01 -3.9155410073581516E+00 -1.2556359131376975E+00  2.4639428488127579E-01
  7.9651127428670129E-02 -3.7972627519811125E-01 -1.4520281575653284E+00 -2.7772591720395545E+00  1.0096686189281168E+00 -3.3737078921762642E-02
 -1.2863550366117373E+00 -7.6932608305237293E-01  1.7071320582195375E+00  3.8678301515109030E+00 -9.4054888750088939E-01 -6.1892580606110825E-01
  1.0961270633828710E+00 -4.5058234537204139E-01 -3.0900006580933498E-01  1.6058730013114841E-01 -1.1067708244351822E+00  3.6335959440325455E-01
  1.8496266037059361E-01  6.8913140869214518E-02  1.5467781784614976E-01 -1.3525643042574766E+00  4.9775191506971153E+00 -1.5118434002541166E+00
 -6.7487921623705098E+00  1.4365834225079335E+00 -1.1055238574271795E+00 -1.3706355001057460E-01 -1.3917217757569256E+00 -3.2327250391252704E-01
 -2.1933486033440062E+00 -2.2992755099011206E+00  2.6505391010883459E+00 -1.1654060803135537E+00 -4.4323651614163229E-01  4.7908054732408828E-01
  3.2145069609883357E+00  3.2693918650089335E+00 -2.9627188265469777E+00  1.1098756880626977E+00  1.8878904427166934E-01 -1.2338499115917758E+00
 -5.5895669611920362E-01  5.4091985425718236E-01 -4.1841201652220084E-01  4.9802225417953783E-01 -1.2302163120480983E-01 -2.3229106037954854E-02
  1.5927932392714699E+00 -7.8610726217377813E-01  9.5357484881288188E-02  1.0255008591126042E+00  9.4380751205641322E-01  7.7943004466774657E-01
 -3.5046961631630863E-01  5.8917461318606890E-01  3.0182552442830572E-02 -1.5603717254781807E-01 -1.2433627475927211E+00 -1.0299528905867292E+00
  3.9186839720974787E-01 -2.0769443268053975E+00 -2.3249532533700261E-02  2.0572368544366265E-01  6.6681890861583812E-02 -3.4465487060867488E-02
 -2.1554816873536040E-02 -2.0576175418101455E-02 -2.5930406840784057E-02 -3.1219713977117772E-02  1.2885059431443000E-02 -2.0240172973553072E-02
  8.2756993151554270E-02 -1.4863967406912218E-01  2.4326715652702377E-01  2.8338194818826851E-01 -2.0513803582881729E-01 -3.7820220831249779E-02
  9.1371642784763299E-02  2.0519559958227383E-02 -8.5900501179923816E-02 -3.3499138471133019E-02 -4.4599433001516413E-02  1.4512776533152241E-01
 -2.1581133860734389E-01  6.7685298035398715E-03 -2.0086785776587537E-01  1.9431460830035321E-01  2.6493791894490443E-01 -3.2528081112220580E-01
  1.0059859442219292E+00 -1.2504971294636838E-01 -2.2654513635974174E-02 -1.4559859949043635E-03 -1.1412332922207148E-01  6.5472573464819160E-03
  2.1797765135723326E+00 -1.2040747416405702E+00  1.5785723129138041E+00 -1.2365581827978737E-01  7.3065009858835006E-01  3.6350799092137001E+00
 -3.6296971012184764E-02  1.7025182614928807E+00 -2.1900733287523333E+00  2.2522149255839558E-01 -1.7347296704911688E+00 -5.9214163079313611E+00
  2.3578570857505851E-01 -1.8852629397333511E+00  6.6491987409497161E-02  1.8460715632575103E-01 -6.8456391553549253E-02  8.0487596256709634E-02
  7.3191779383279654E-01 -1.3836444571782893E+00 -1.4313147026034428E-01  3.2433825421293383E-01 -2.5575731775934607E-01 -2.7484204844101534E-01
 -2.7618839142103518E-01 -7.2085261098333818E-03  5.5888147979484959E-01  7.7590041761191877E-03 -2.0642442054647750E-01 -2.1677365542258162E-01
 -2.6255748664058992E-01  3.1383707650554121E-01  7.7213639539436760E-02 -5.8139053980934857E-02 -1.3697556925254933E-01  3.2429107913750355E-01
 -4.5990634226531724E-01  1.8505648674022837E-02  3.3666023977408077E-01  8.0093327067061215E-01 -1.7082492450393663E-01  2.7261182081630703E-01
  1.7176902679124395E-01  1.1760548097307357E-02 -6.8423985912152124E-02 -1.1397469064670664E+00  2.1601804527208332E-01 -2.6959883121031247E-01
 -2.2395719406842960E+00 -1.0581225150335601E-02  5.7847077350537568E-02 -1.2865500906877547E-02  5.2858409394969920E-02 -4.7776630607067855E-02
 -9.0721504352925392E-03  1.3465902092372669E-02  1.0257613030914084E-02 -2.9831445408616108E-02  2.8660827580642437E-02  1.8524103503134892E-01
  1.4363683092120882E-01  1.5925776865768351E-01 -8.2793779369861389E-02 -1.6444304872731454E+00  1.6062744904745609E-02 -2.7245033602024349E-02
  3.3734531096424908E-02  2.6011079277047833E-01 -2.2192855274493672E-02 -3.5585689588725142E-02 -1.9518493295014283E-01  1.9454528781888021E+00
  1.0884358780786827E+00 -1.8555792070585131E-01  7.6495999509689841E-02  1.2387221301304820E-01  2.1438612102030477E-01 -6.0888620826204081E+00
 -1.5873297487765081E+00  2.6330216501934450E-01 -7.9834336201754855E-02 -2.9507725878968988E-01  3.6913338033236776E-01  2.4837728279050921E-02
 -8.6541107429212960E-01  2.2520350859820591E-02  6.8309122687994703E-02 -1.9455818007084853E-02  3.0755605447793899E-01 -1.7952201156076403E-01
 -1.2056768703403124E-01  1.1790323761913520E-01 -1.2470190177506360E-01  2.6145874501266242E+00 -6.7942708453566788E-04 -5.2916677988376133E-02
 -1.2584772516356308E-02  1.5665726683667253E-02  3.3312015712354303E-03  1.3168423392902590E-01  1.3020197958224724E-02 -8.6436723200546007E-03
 -7.7529409526802137E-02  9.2285822208613821E-01  2.4211179868244684E-01 -1.1794483547241881E+00 -2.8383727824789623E-01 -4.6805441312189992E-02
  1.9781158753386149E-02  3.6458606378867746E-03  3.9323592206201757E-01  3.0525640638913343E-01 -1.6775666374663559E-02  1.2981699065760515E-04
 -1.3959233775880859E-02  8.1084628596510538E-03
ORDER     2 BLOCK    10
  3.5463002489595208E-01 -1.6253174677570825E+00 -9.7603032033920845E-02 -1.0738370144553339E-01  3.4079191948990384E+00  2.0261263843479465E+00
 -2.4825777989921143E+00 -1.4276277082793578E+00 -4.5502381159403543E-01  1.3860560210578980E+00  1.8824673770159577E+00  1.4142605979347551E+00
  1.1420167264732262E+00  6.9220128089962252E-02  1.5711995032634531E+00  3.5698621372912416E+00 -7.6334026610199892E+00 -2.6150011534382003E+00
 -1.7427223086614900E+00  1.6681048885807253E+00 -4.4234317623912250E-02  2.2885816654657738E+00 -2.6339709013711623E+00 -7.9964997064903951E+00
 -5.3174214587855868E+00 -3.6543446876452728E+00  3.0101831564621921E+00 -2.8961231766129586E-01  2.8360518229561765E-01 -1.8850176558725127E+00
  1.1527572184670102E+01  4.8507409628840783E+00 -8.2561173539082711E-01 -3.4416171635145387E+00 -2.2830478164739825E+00 -1.8441567432248598E+00
  2.9909938548514980E-01  5.2936995033660743E+00  3.1807305657373228E+00  2.4671771337843200E+00 -1.8664293641278387E+00  1.3120936943115585E-01
 -6.1689307439836549E-01 -1.7643476008442895E+00  2.6960848677320581E+00 -7.8848144671035458E-01  9.3026538621288579E-01  3.3825819346620829E+00
  2.0310439214380341E-01 -1.7477090222265876E+00 -5.1273512439580982E-01  1.6792034196681769E+00 -3.9748507665571975E-01  2.9957308846230735E-01
  5.1778550554986653E-02  2.6557699406729065E+00  1.2617519289320906E+00 -2.1209620071301849E+00 -1.4176088610931503E+00 -6.5891933088313659E-01
  1.2702069684058551E-01  4.8667372094803379E-03  7.7213631840958064E-01  8.4612624575037754E-01  1.0990550145879778E+00  9.7719199370508392E-01
 -9.0591145073512380E-01 -1.6434918699996487E-01 -1.8141898424062497E-01 -1.6761509055012297E-01 -7.8296204464331109E-02 -1.1389218811187956E+00
  1.0080175809525234E+00 -4.7781070190785153E-02  3.6862430867117441E-01  1.4855167540983386E-01  1.0415900804799240E-01  1.2954545364818121E-01
 -9.1967804113680066E-02  2.2606840490001218E-01  1.4833508402834453E-01  2.1161400916123608E-02  5.8638431759066179E-01 -2.5478402587970805E-02
 -9.0370362856991149E-01  6.1723924574351954E-02  8.8595153429234005E-02 -2.4336605153947533E-01  9.5796123773601756E-03  2.4435762133726148E-02
  3.8188081979185281E-04  1.2452499673630604E+00  1.7243153273641208E-02  6.5372212186242284E-01  2.0954180893003915E+00  3.2135737601432885E-03
  1.6397043738593204E+00  6.7677581298986329E+00  4.5201622595628503E+00 -5.3939121632681553E-01  1.9766086358144097E+00 -9.8163682070736302E-01
 -5.7526161298548525E-02 -2.4446161541637410E-03 -3.8984018686957742E+00  1.3750207653732589E+00  7.8366752476769241E-01  9.1062166202674089E-01
 -1.5056329061825098E+00  2.6740691869492006E-01  7.3591974427915441E-01 -7.0194948136113506E+00  8.7836561994831353E-01  3.3756466272681536E+00
  5.0565512752080310E-01 -4.9433386908282984E-01  5.1476382376383467E-02  9.9515946987429320E+00 -2.9412974083455806E-01 -4.3279288430558518E+00
 -4.3877312979459598E-01  7.9739102518359661E-01  1.5954491961184261E-01  2.0376591581888434E-01 -8.7627028965419185E-01  1.7166114717588626E-01
  1.0464856003857559E-01  2.5874387516423247E-01  2.3415087870239529E-01  6.3460204972581902E-01  9.5325002935258762E-01 -1.3141807316308449E+00
  2.2022767387660238E+00 -1.3679022853296363E+00 -1.5652739957013351E+00  5.3809434720001559E-01 -2.9420041386488407E+00  3.7421816407047901E+00
  2.4723300377657615E+00 -6.7363867797166777E-01 -2.4656816729091099E-01  5.9582666264866391E-01 -2.3785171979641787E-01 -1.1973364061051333E+00
  1.7747986483706488E+00  5.5848920823529924E-01 -1.0357408274753266E+00  3.8281126531572496E-01 -2.7634309177698357E-01  7.3772838082890324E-01
  2.7317728534523654E-02 -5.4891094737406187E-01  1.3833826473122954E+00 -4.4818125782225277E-01 -4.8708483704038791E-01 -1.0901635588888623E+00
  2.8806505999376529E-02 -3.3403684282242781E-02 -1.9997342937257598E-01 -4.0554201850444221E-01  3.0109781449793466E-01 -1.8080872931366690E-01
 -1.1924187760149099E-01 -9.5351325264925224E-01 -9.3860930090649919E-01  6.3498042902363239E-01  2.5059884821561668E-01 -8.1929384453418574E-02
 -1.4014765340768531E-01  2.8120805723376707E-01 -3.9066853736358720E-01  1.6120873337202770E-03  8.6777550256257094E-02  6.3073811380057548E-02
  1.7663689079761655E-01 -4.9087945882913664E-01  8.2045722396596388E-01  3.0412960350260958E-02 -7.4669760772672608E-02 -3.8267182681813047E-02
 -1.1145869354220248E-02  3.9318048642489570E-02  4.1970003572052106E-02 -7.5530127059874079E-03  1.9247448746193462E-02  2.8829572930781918E-02
 -1.3452422636501610E-01 -1.9510455037428778E-01 -9.4637937385640865E-03 -3.6587289773771160E-02 -5.4369183603806784E-02  8.8743468163514222E-02
  1.4200403463720659E-01  6.4812252294902117E-02 -1.4755968116151092E+00 -5.0098303513665683E-02 -1.9128569394180908E-01 -3.9307929101543633E-02
  4.2275179679786481E+00  3.2562997302685061E-02  6.2638409143284640E-02 -3.3424369087390542E-02  4.6819181136360265E-02  1.0797870594190902E-01
  3.4459230005809097E-02  8.9209142632522581E-02  1.0625950839561086E-02  5.5862696547311641E-01 -4.1971960161898736E-01  2.9567196012536663E-02
 -4.1801478789954388E-01 -8.8801128384733785E-01 -6.4528374212811312E-01  1.1732458469118780E-01  7.8883867782355044E-01 -1.6891409937161736E-01
  2.0870744819421980E+00  9.7827284059066433E-02  6.0031989197898794E-01 -7.2472043167139311E-01  1.1207632736672815E-01  9.3756751157842586E-02
 -1.6044308913301497E-01  1.4170838308634657E-03 -2.2678127132666340E-01 -1.3601462129341466E+00  1.3792343689595068E+00 -1.2348140694189451E-01
  1.8766025418723711E-01  1.0620940061395738E-01  8.7463711261372001E-01  1.8975228259417194E+00 -1.8665530497726111E+00 -2.9008698833708955E-02
  2.7881309037215248E-02 -1.1412486420153654E-01 -2.8625447529055297E+00 -4.5741682540020551E-01 -1.7416026423963449E-01  1.3398231197270091E-01
 -1.1502183698675629E-01  9.2927313772388463E-03 -1.0941905470342743E+00 -1.4853621989712004E-01  2.1514825145026508E+00  4.2876400687433053E-01
  6.2525860776197706E-02 -4.3677833375381814E-01 -1.7556294031414893E-01  8.7124329440044071E-02 -3.0174716623385306E-01 -2.9367565369133770E-03
 -1.9126540245682727E-01 -1.0095267477069146E-01  1.8287200168847176E-02  1.0029509713482654E+00  9.7223699309677974E-02  2.2134307922902954E-01
 -8.6711157227608790E-02  4.6980901607993369E-02 -3.8601249444747626E-01 -3.6592475262470286E-01 -1.0154491258376085E-01  2.5265965761352976E-01
  9.8089856733682668E-01  1.1908604889275543E-01 -4.5072988765251412E-02 -1.8559281629027872E-02  8.9350806105861369E-01 -2.1950731868646456E-01
  4.2878883612373353E-01  4.7204134700927181E-01 -2.3679394710622831E-01  1.1348381386030594E-01  6.4804243220277458E-01 -8.7189138080143308E-03
  2.4901996991213857E-02 -6.6667957456006899E-01  1.6136004297845621E-01 -2.4158146776073325E-01 -2.4220378006768821E+00 -4.9329658516550391E-03
 -2.4549710881421910E-02 -8.6369306483560795E-02 -3.5508485419057677E-02 -3.1697437728326366E-02  8.9450151735138376E-03  3.7527769234797764E-03
  2.8891630838557033E-03  3.4070261859076599E-02 -1.1720751831236169E-01 -1.4947257287954968E-01 -5.8355737033391593E-02  7.9262485003559258E-02
 -1.8897729710092187E-01 -8.3039950154392062E-01  1.2641935210271389E-02  1.0059459126630466E-02  1.0809747585923603E-02 -1.2889170291126063E-02
  2.0935229989773509E-02 -1.3238644479792483E-02 -2.1550966648694997E-01 -5.6611563625892787E+00  8.6665839887460372E-01 -2.5085591759443950E-03
 -1.0343461869213975E-01 -4.3443073892047698E-02  2.1144481188018543E-01  1.5485965447893932E+01 -1.2098911892624222E+00 -2.7922272860573367E-03
  1.6853600373455341E-01  7.4636301676332409E-02 -2.3892366264177231E-01 -1.4913502146665353E-01 -1.5353094175517312E-01 -4.2890375095848920E-02
  6.1481817796545234E-02 -1.0746131049971698E-01 -5.6574601199645680E-01  8.5811691527556266E-01 -3.3682478310988107E-01  2.9017084675664329E-01
 -1.2837731049184062E-01 -6.1510794846562356E-02 -1.2351321661078272E-02 -3.0166501144345763E-02 -6.8920043942024098E-02 -5.3828338241333606E-03
  8.8604108133210104E-03  5.2605354213655191E-02  4.9194151674963119E-02  5.4818444053705640E-03  6.6631944198627599E-03 -1.2084822590891615E-01
 -2.8024578926521388E+00 -1.9557595683069130E-02  1.3497443512011645E-01  3.3220560913636527E-01  7.4984208886928219E+00 -1.0623946311768050E-01
 -1.9459046563713758E-01  1.6333442813359234E-01 -1.1951644918302654E-01  8.2479766674837113E-02  7.7045542813909995E-01 -1.9512576404940293E-01
  1.0844769787673183E+00  2.0495707709377774E-02  3.0334394567799315E-02 -3.0269245270795921E-03  9.8452539733343586E-02 -1.3414917149218522E-01
  7.4196034908927871E-02 -1.0256344592742205E-02  1.6642160733226847E-02
