SURFGEN.GLOBAL Hd COEFFICIENTS FILE V:2.8.8
high order tester                                                                                                                                                                                                                                              
ORDER
    2
COEFFICIENTS
ORDER     0 BLOCK     1
  1.6160777513763949E-01
ORDER     0 BLOCK     4
  1.7020307196011092E-01
ORDER     0 BLOCK     5
  6.3894793074186981E-02
ORDER     0 BLOCK     8
 -4.0949012592223305E-01
ORDER     0 BLOCK    10
  8.2386175159869082E-02
ORDER     1 BLOCK     1
 -6.1799820487589530E-01 -9.9445921854077457E-01  6.3302810062176484E-01 -2.7445447257590447E+00  1.7176734243664731E+00  1.6497718210762995E+00
 -3.0076496876126075E+00  6.4992891749578998E+00  5.1360336789914385E-01  6.8124344725658759E-01 -7.9134092634480541E-02 -7.0719396636374077E-01
  5.5970237675940719E-02 -2.1591779818170898E-01  1.3012833134155322E-01 -1.2770731641720229E-01  3.8264007728588102E-02  1.2306954874830602E-01
  2.3859855502857366E-02 -5.2571454141457763E-01 -4.6442233047634734E-01  9.0724355599594275E-01 -3.2079647090013683E+00
ORDER     1 BLOCK     2
  1.2924264759155946E-01  5.8285204659966226E-03  2.4119419339558809E-01  7.6519803207464676E-01
ORDER     1 BLOCK     3
 -2.7668687835739876E+00  1.0044561778001255E+00  5.1555921880192441E+00 -2.3554480513733371E+00 -3.9141604417778347E-01 -6.3811806401708457E-02
 -8.9905040774277495E-02 -2.5943338417835258E+00  3.6177386320735627E-01 -1.6988152776778759E-01 -3.4619226688616450E-01  1.1797391798835668E+00
  9.1949721578045596E-02
ORDER     1 BLOCK     4
 -1.6770821830018035E-01 -2.1813300965546992E-01  9.3516210093202723E-01 -3.4532707523276542E+00  9.0892602315779969E-01 -4.1161105045978141E-01
 -2.4200656002105623E+00  2.9876825627457126E+00  5.8619907417461914E-01  1.0500154078516272E-01 -1.4171985524635219E-01 -9.6435729588273722E-01
 -3.9303712877873065E-01 -2.2286606655741267E-01  1.5007060974413378E-01 -1.1017727046888966E-01  1.3396087563775663E-01 -2.8235718152586708E-01
  2.7353858316044610E-01 -4.4479886200410873E-01  9.9727927254140825E-01 -7.8203518314850384E-01  1.5280435844438913E+00
ORDER     1 BLOCK     5
  3.9821869358334239E-01 -1.0543580629393521E+00  5.6237618797366462E-01 -1.2940347167373121E+00 -1.1492751272456014E+00  2.9337622158843071E+00
 -9.7557778940040019E-01  1.4656633964654060E+00  1.4909670692024217E+00 -5.9828583967375804E-01  6.8106341664245229E-02  5.0946160222101533E-01
  5.3103630180968420E-01  7.5475154512179871E-02 -2.4968278266656055E-01  1.1742536515355452E-01  1.8811763481106655E-01  1.8430141417345680E-01
  1.2282873640355867E-02 -9.1728731387732121E-01  3.0598887282723214E-01 -3.0659161121650986E+00 -4.6467972461062024E-01
ORDER     1 BLOCK     6
 -1.3044939930729678E+00
ORDER     1 BLOCK     7
 -3.6266107041542470E-02 -8.9735089808024669E-03 -3.9366928275782409E-01  1.9665853144427697E-01
ORDER     1 BLOCK     8
 -2.1347363281836715E+00 -1.0803944296830770E+00  2.7517816178690886E-02  2.1436658668546289E+00  7.3712563211254274E+00  5.8653579060598231E+00
 -3.0386737879168821E+00 -3.5141627964195843E+00 -1.6343246910382097E+00 -4.2956713835155674E-01 -2.2499464625583593E-03  3.3192414608165277E-01
 -4.7977937097101525E-01  6.8509093509184693E-01  4.6818284083392903E-01  3.7931125921677650E-01  1.0281776447728630E-02 -1.4451598538164678E-01
  1.2809928104480889E-01  1.0689754271187426E+00 -4.7834019211253698E-01 -2.2943707531096260E+00 -1.0078386812640372E+00
ORDER     1 BLOCK     9
 -1.1959522720659210E+00  8.6359337481534904E-01  2.8651581559551587E+00 -2.1964951856627404E+00 -4.3561685841869441E-01 -1.1458361308662028E-01
  7.6736149129385467E-01  6.3444687212506445E-01  1.3564227013813596E-01 -3.7623649660040753E-01 -3.3214526329865279E-01  6.9416661401302349E-01
 -1.3482577123752246E+00
ORDER     1 BLOCK    10
 -8.8022436637047730E-01 -2.0800673279564692E+00 -8.4062819379734177E-01 -6.2561053203348671E-01  1.0745720079443908E+00  3.4285636885934441E+00
  4.1633970435661372E+00  6.1018171333859528E-01 -8.6741348165784304E-01  9.3771974158893445E-01  6.8592403728775717E-02  1.6764935846699629E-04
  6.1581512796447901E-01 -2.9595137181003855E-01 -2.2565582913934065E-01 -3.5940664907274711E-02  1.1349920391588469E-01 -7.9787306131564956E-02
 -7.6221812671092098E-02 -2.7245748488507399E-01  3.6306808746246366E-01 -4.2129378302643289E-01 -6.3120184299016857E-01
ORDER     2 BLOCK     1
 -1.6958277902882299E+00  1.2958310143070801E+00 -5.0533956071312325E-01  1.0537012250701085E+00  4.1473738090553081E-01 -1.5967174272158644E+00
 -1.3391425708728968E-01  1.4857276090953544E+00 -1.8249928771067906E-02 -1.4205883639432537E+00  2.3883235271843348E-01  3.9271583695233364E-01
 -2.0336310589425168E+00  1.0441819774154393E+00 -1.4846361996640869E+00 -9.5843678817145150E-01  1.4602819850444091E+00  2.2525477878693065E+00
  2.7930711779068549E+00  1.1034912331653808E+00 -5.5626150562317167E-01  6.2993981494165951E-01 -6.1546001435046260E-01  1.1167831319965458E+00
 -5.2266730865790667E-01  1.8221668286391808E+00  1.7318968448693923E+00  6.0728962799534814E-01  2.2057977706939805E-01 -1.3881163892281962E+00
 -2.7198356971886399E+00 -2.5380490164940026E+00 -3.7110302094301924E+00  2.4755856849272622E+00 -2.2203006820942206E-01 -3.2230172563011167E-01
 -8.3954056433749236E-01 -4.4671042140887947E+00  5.7229888964043807E-01  1.3898853023317299E+00 -1.5644759209624965E+00 -8.4300471108053596E-02
 -5.0415430306560406E-02  3.0159035709949178E-01  1.9862318550155491E+00  4.9082664461685266E-01 -1.3204096276926455E-01 -7.9051905311626047E-01
  3.5552777124350415E-01  4.9471277872228619E-01  2.7012671308179864E-01  2.6352437030384318E-01  2.6096522819455664E-01  4.2375697020134134E-01
 -2.3915738715915602E-01 -8.2648765423385839E-01 -1.7933519260689143E-01 -1.1210441609344994E-01  2.1018674991749892E-01 -3.0110960434641942E-01
  2.2153281308548811E-01 -3.0168772457946563E-01  6.9267376020526350E-01 -3.0846295997729578E-01 -2.8301445680517432E-02  7.0427907570869830E-01
 -8.1149749505644120E-01  3.1078721741640802E-01  4.4891772636347679E-02 -4.6006711936666937E-02  1.4890270919561649E-01 -1.0952235545668267E+00
  1.1739103239987050E+00 -2.2254755764570056E-01 -4.2283181982704962E-02  6.2666913026772089E-02 -2.0757182861753759E-01  4.2014655817237317E-02
 -3.2737963844953033E-01 -1.3837086967069062E-01  9.9654009378227063E-02 -6.4294322440372878E-02  1.3946401456722797E+00 -3.1659955778508615E-02
 -2.1133948442764887E+00 -3.2122436038015617E-03 -2.8086655191266290E-02  6.6410776176558758E-02 -3.6305970748231650E-02  3.8885893068621989E-03
 -4.4690516318714800E-05 -1.3101577358756782E+00  3.6008215783055721E-02  2.2345582157286437E+00  1.2637559865305272E+00 -2.3099480358746718E-02
 -1.7332093991096011E+00  1.3085006416711102E+00  1.4087314821746230E-01  4.4049051686017160E+00 -1.3303819070471161E+00 -1.2938390693761742E-01
  4.4663832308147744E-01 -5.6602981231860401E+00  1.2570684023819394E+00  2.4148827017667082E-01 -9.3081859860995675E-01  4.6699696789008399E-01
 -8.5260361033956233E-01 -1.2843134021425823E-01  6.6187635515361221E-01 -4.7012635628242783E-01  2.6103375154844527E-01  1.7573318707807497E+00
 -7.4083792999331688E-01  9.4894436155746409E-01 -1.2917570087511603E+00  1.3062868140253612E+00 -1.5867357231041201E+00 -3.5314129942857653E+00
  1.2954864393805321E+00 -7.8369731635542972E-01  1.2211289131095935E+00 -2.1753371668606386E-01  5.7923725942003912E-01 -2.2699650860933351E-01
 -1.7190747692410238E-01  1.3004696461719614E-01  2.0604584688608082E-02  1.3518237824005061E-01  2.6991831041726744E-01  1.3988078592101699E-01
 -4.2048576387307374E-01  1.9995665421178865E-01  5.4854300774049169E-01 -1.7086972297210107E-01  7.4711741941052945E-01  2.1313880758319170E+00
 -6.9720403519037799E-01  8.3286075253653183E-02  3.9985235742850112E-01  4.0553620818752106E-02  2.4117414193390421E-01 -5.5814595271081213E-01
 -9.7906009727133747E-01 -9.7633362778681987E-01  4.2195434004056986E-01 -2.5865802451901326E-01  9.9448896416682542E-01 -1.9862157721710205E-01
  3.8879078205957723E-01  1.0367672955007832E+00 -6.7397324709806672E-01  4.7234500603019935E-01 -1.6705734034147810E+00  2.1915051772487770E-01
 -4.8472137921212749E-01 -2.9187906619925064E-01  8.0716849616557229E-02  2.8364638946994242E-01  9.1634103858879920E-02 -3.1370053968420292E-01
  2.8628363670569218E-01  1.0351717135077612E+00  5.6260001700964379E-01 -6.9193009071890310E-01  6.5953495091819928E-02  5.6829622859194762E-01
 -2.6845781319380890E-01  2.2042471467861960E-01 -1.4664194880295460E+00  6.1165795290746755E-02 -1.4513051935228387E-02 -7.9009004979960551E-01
  3.9251462822681032E-01 -3.0332945432216607E-01  3.7112229750323018E+00 -6.0810843442864033E-02 -1.2412633947352193E-02 -7.1116449446995994E-02
  8.9163493092666440E-03  4.1799872428566316E-02 -1.6801967410934340E-02 -7.0000288685400744E-02 -4.2877369683383092E-02 -8.6481560500950141E-02
  1.5771886033508500E-02  1.9331817578464328E-01  4.8028165655965994E-02  1.1012153993849166E-01 -1.6846886025227940E-02 -6.7096277113283073E-02
 -1.2779653931102133E-01 -6.2173197353995117E-02  2.0187955258574756E-02  1.1681228507412253E-01  2.0692510795870989E-01  6.2562581608012285E-02
  5.4100365272894868E-01  1.8441267971265052E-02  3.0753561840960664E-02  8.7126382068889122E-03  1.0243837523224728E-03 -1.8495548668143576E-02
 -1.6437125094059875E-02  2.2865620847767206E-03  4.4553080692676730E-03 -5.7449893104414729E-01 -1.2592852652062980E-01 -2.2676342664327795E-01
 -2.7825767251641598E-01  8.2079418564960116E-01 -2.4938057276092346E-01  3.3298242628443803E-01  9.1339719803611796E-01 -1.4854583346338645E-02
  7.9929664119774912E-01 -4.7481533067389114E-02 -3.0044390568463808E-01  2.9334571812854243E-01  2.0955708268191284E-01 -1.4259503339288701E-01
 -1.9987241755419749E-01 -7.0118487909945088E-03  2.1573949608419313E-01  3.0985920911443021E-01 -5.6588790661324084E-01  1.6601211719966258E-01
  4.7574718163425866E-01 -2.0494060699048228E-01  3.4677486276945590E-01 -4.4635548568999123E-01  7.8246667120646252E-01 -2.3822162013061457E-01
 -8.0768096465213413E-01  2.9848206267755556E-01 -4.6354175995139757E-01  1.6818237534529223E+00 -1.2516550363376547E-01  5.7424975527674019E-02
 -5.4391202282878491E-02  6.0101555581250181E-02 -8.8925331037692110E-02 -3.3426229753147374E-01 -5.9212475395544784E-01 -1.0226162929737803E-01
  3.6403898155457914E-03  7.6342356076682688E-02  5.5357306467053558E-02  2.9496331024061333E-02 -1.9241141371099127E-01 -1.4172076893516116E-02
  1.1076611967176000E+00 -3.7092642297858680E-01  3.4155368519055582E-02 -2.7030265786430313E-01 -1.2938597588141163E+00  8.1909502373388524E-02
 -3.7987938949979823E-02 -3.4055903447478020E+00  2.0889721853333361E-03  2.6168146821973765E-01 -6.8316256790861798E-02 -2.8351897224349942E-01
  4.3251774765494666E-01 -3.7601656951771739E-01  3.3349867801948596E-01 -4.9987388072376161E-02  4.4591568066987930E-01 -1.3068873366671099E-01
  4.9103830870031201E-02 -5.8558704532000155E-02  1.3146299529933889E-01 -1.4370980316871462E-01  9.8836573685157525E-01  9.1338933915904811E-03
  5.5901867142913966E-02  4.7490441276040893E-02 -1.0577631610411536E-01  2.3668842680182436E-01 -3.2860901078670208E+00 -1.3643187363653919E-02
 -5.6639720055811790E-02  4.2462332883708168E-02 -4.5084041680732802E-02 -1.8811117194514285E-02  2.1250089786143091E-02 -1.1028717476401315E-02
  6.1952636090049596E-03  1.0642855928124238E-01 -1.8690235790215751E-01 -1.8689481384941986E-01 -2.9183067898486244E-02 -4.5727727627305217E-02
  6.9067254340356016E-02  7.3626495626976973E-01 -1.7090221258257920E-03 -5.8424639212330837E-03 -1.2703417124307456E-01 -1.1471115095103090E-01
  1.3763137620690913E-01  2.7606431121254878E-02  2.4711035825164610E-01 -3.4500943480906061E+00 -6.5577460981358981E-01 -5.9483943487116928E-02
 -1.1392840007206502E-01 -1.1842184054721785E-01 -2.5787984441052259E-01  9.1306908623746050E+00  9.4174361207851565E-01  1.4610861521798102E-01
  1.3962927403532660E-01  1.5526844943587173E-01 -5.0204520355359106E-01  6.4268141286488431E-02 -1.2859671411626572E-01 -7.9260281757602052E-02
  3.4982663438154232E-02 -6.1287394687912403E-02  1.5136840071734925E-01 -1.4272330524072471E-01 -7.2287183764289234E-02 -1.1282026744586907E-01
  1.5885214282651347E-01 -1.6858878791983074E+00 -2.3387665309091997E-02  3.1800394969777844E-02 -1.1567177698708846E-02 -1.2830467729260280E-03
 -1.8003132062958043E-02 -6.7498555881746079E-03 -9.2413478861767644E-03  8.1689324739651695E-03  4.0032223662551233E-03  4.7615096763601661E-01
  3.8743508884426157E+00  1.4588531232391475E-01 -2.2696653315175078E-01 -6.9698470715115768E-01 -1.0636845183112564E+01 -1.6175614765374438E-01
  3.0228647713477186E-01  8.9639246994920024E-03 -3.6747782373986002E-02  2.3838163383174828E-02 -1.1526186941820457E-01  2.0573849883308362E-01
  6.0886026821398103E+00  4.5724342998647693E-02  3.6312571348330783E-02  5.8774796197172592E-04  2.3070840235103366E-02 -4.4610816793046529E-02
 -2.9972890497787581E-02  1.3990358716443408E-02  3.1762974816729769E-03
ORDER     2 BLOCK     2
  1.9403736688816300E+00 -2.1276641192551669E+00 -1.8496126279862122E+00 -5.6487861265376908E-02 -3.5691200247389170E+00  3.8970448342668731E+00
  1.6608404660322964E+00 -1.4586310488535673E-01  1.5156736350439892E-01  2.4939743303937811E-01  7.4444978536184925E-01 -5.3684104954485015E-02
  3.5874990665240213E-02 -2.3420680530280530E-03 -2.1285555356935878E-02  6.7792247305016873E-02 -4.4196826963975720E-02  8.8239937741812114E-04
  2.8944537063120019E-02  1.8025825919402803E-02 -1.4678638328622254E-03 -5.5685554669418214E-03 -3.4447987656648571E-01 -7.6637110567203148E-01
 -1.0267169914525067E+00 -2.5777979518745187E+00  2.5842348012152588E-01  6.4565705569671006E-01  1.3295997063329867E+00  2.9942277530593930E+00
 -1.1715197111684965E+00 -1.1940881477696692E+00 -4.0029226932304901E-02 -2.1485727510127948E+00 -2.1626351062327251E+00 -9.8509383170393994E-01
 -1.6932608248647971E-01 -3.6954639573885761E-01  6.7138106164037037E-01  2.0184276103766128E+00  2.4858875550490640E+00  2.8279855512662859E+00
  2.2473628509358801E-01 -6.5636289814471740E-02 -6.0832580601557185E-01  1.0592355023386928E+00  1.6730622787808038E+00 -1.6036908308248926E-01
  2.8950305728388970E-01 -1.9520660089373415E-01  1.0635048177675323E-01  2.1012906874846702E+00 -1.7807203243413759E-02  8.8021883729278227E-01
  4.9502516559494858E-01 -2.2489357080311159E+00  6.0821837858349076E-02  2.4062617694734429E+00 -3.4928966424097102E-01 -1.3515837501131343E+00
 -3.8874321526040301E-01  1.0931698820348376E-02 -5.9904276022263847E-01  1.0137433955526545E+00 -2.4685084792045017E-01 -2.7697426102013061E-03
  1.6106354784546043E-01 -6.9894120786292768E-01  1.2437435178677390E+00 -4.6216028604075088E-02  2.0395522356056448E-03 -2.4509132324730960E-02
  1.4151948512976834E-02 -6.9642421504247751E-02 -1.9015563487177679E-02  1.1467700065136601E-03 -2.9980523025126091E-02  2.7187867045200022E-02
 -1.6581307622261543E-01 -1.8505036210884528E-02 -7.2798644125492817E-01  2.4602856412286100E-02 -1.1852257692870097E-01  2.0617515678061270E-02
  4.2269211539768570E-01 -1.0757759046042634E+00 -5.7926709030724821E-01 -4.1238473436171147E-01 -3.7176686166948865E-03 -6.6137175495076161E-01
  5.8915625785937975E-01  1.7072103919274648E-02  1.6573175634085276E-04  4.3494626106096661E-02 -1.4256417244167535E-01 -7.9582429955257245E-02
 -5.8474313850893744E-02 -6.4102571109389836E-03  1.1764657561113659E-01 -3.4498396954764454E-01  3.2612864872873404E-01 -1.7002066915494532E-01
  4.6914948374899680E-03 -6.3373145802208097E-01  2.5729016556190010E-01
ORDER     2 BLOCK     3
 -1.7242794157825105E+00 -4.1018414825376084E+00  4.4853964065182650E-01  2.0185811695925944E+00 -1.6639180030364509E-01 -7.6956124363496603E-01
 -4.6913506300892438E+00 -5.8718979567567038E+00  1.4080774508887246E-02  1.0455134576285838E+00  4.5170973538122059E+00 -2.2800247068482954E-01
  2.7041470729084640E+00  5.1563632045771373E+00  3.2119853092504380E+00  2.2105571571316265E+00 -1.7625864405452880E+00  6.8241220793680091E-01
 -2.1453749056894740E+00  4.7230054470887870E+00 -1.7174978223917545E-01  1.0923628850698303E-01  4.5505696451297855E+00 -2.2586628710352596E+00
  2.8699788901437393E+00 -1.2590875817727001E+01  5.8142277975008119E+00  6.5364809334563940E+00 -5.2508582515429696E+00 -5.2956732468387298E+00
 -8.3842518699194224E-01  2.6195434355215175E-01  1.4933009421450445E+00 -4.8927386444735703E-02 -2.3271888527489932E+00  1.8368436540490720E+00
  1.8935909008953342E+00  3.1382002475581289E-01 -8.7014925108801444E-01  4.9932858826934538E-02  3.6153042022933120E+00 -3.2536526639727161E+00
 -2.3113186470786498E+00 -7.8173577400634764E-01  1.0157400611820149E+00 -2.9965346649302205E-01  6.8991110633344821E-01  9.8936763154375695E-01
  4.8472236022289633E-01  1.6334845706353525E+00 -1.1428532404995189E+00 -5.4442759460376772E-02 -1.3632284694673061E-01 -9.1319202256102117E-01
 -7.0735249935370026E-01 -2.5557099296622670E+00  1.4705410663086509E+00  3.8700318044991688E-02  1.5935555987470759E-01  1.4754279777343664E+00
  3.2601245260596362E-01 -1.9072039711645264E-01 -2.8372241769303280E-01  1.2399037937060702E-01 -3.9580296358777425E-02  1.0807853246308372E+00
 -2.0140299686600021E-03  1.3778254064832823E-01 -1.9601457973526656E-01 -1.4512149699883790E+00  1.5264143070177347E-01 -2.4577861867544423E-01
  1.0165183138715621E+00  1.1378822061664856E-01  2.4659290387754362E-01  1.1031053702951550E+00 -1.5714563634127963E-02 -1.9980078628741813E+00
  1.3065812346777503E+00 -8.7901609508249201E-01 -2.0670373743213660E-02  1.2399917855732550E+00  1.7448099509324821E-01 -3.8076569436967905E-01
 -5.9599277577420284E-02 -2.3526274133120976E-02  5.0950357057744189E-01  9.7954145026005002E-01  4.9336817379533198E+00  2.8450717819577829E+00
  2.1625037109919951E-01  3.7721213940607196E-01 -3.3001683398177617E-01 -1.0639331318668972E+00 -4.9718410785068770E+00 -2.7665432682595910E+00
 -5.9783872505985625E-01 -1.6185462438368856E+00 -1.4794470709703313E+00  1.3290763188589740E+00 -1.5747313890854662E+00 -3.2238609301991482E-02
 -1.4550589482145857E-02  1.2680775195537458E-02  6.0938002675069547E-01 -6.2700664428928210E-01 -1.1111597240286806E+00 -1.6682129126995321E-02
  1.8521684183848770E+00 -2.1771540605308390E-01  1.4150670124325923E-01 -5.6817685883895164E-01 -1.1746502889971625E-02  2.9086329684609726E+00
 -2.9742420096631426E+00 -4.7786351806709654E-01  1.1547527201525143E+00 -5.8746537126713128E-01 -1.3458797777482465E-01 -1.5335480224202527E+00
  5.8037621195939142E+00  7.4529846007290024E-01 -2.0049256674373441E+00  6.0810797978121767E-01  1.2357554168033921E-01  2.4657401754052817E+00
  5.5694863067761384E-02 -4.1191543819201998E-01 -1.5791019206144022E-01  9.9745620107269714E-02 -1.9546879374622214E-01 -1.8346985558344564E-01
 -9.4287714712544074E-02  8.5186940200484040E-01 -5.6704436412676029E-01  2.2284256523816254E-01  9.5136923456600450E-02  9.3808000957296989E-01
 -5.1633863840903882E-01  3.6668541188002406E+00  2.4189938135194617E-02  1.3134021793753432E-02 -5.1927068314143544E-02 -1.2970808839722030E+00
  7.3908221158362475E-01 -9.8983785642986319E+00 -2.0458907837649698E-02  4.8492744077014108E-02 -3.2001158060670338E-03  1.0551334580186944E-01
 -1.0696142550417755E-01 -7.8556494927150153E-02  5.4653504643501771E-02 -1.4741126830447602E-02 -1.4131340129768163E-01  2.6909424549479366E-02
  2.8934631760432119E-02 -7.4742213364941260E-02 -3.8448946265842582E-03  1.6548067336483166E-01 -8.7489168994092059E-01 -9.0490528236088774E-02
  1.2775569032875467E+00  1.2622524303589491E-01  4.7462089539950930E-02  6.6601038217003777E-02  4.2136714999921381E-02 -7.8669715498752346E-02
 -1.5458332387105678E-01  1.0588063518740434E-02 -7.2526664030215926E-01 -1.4083511057140354E+00  1.1730970697306979E+00  2.3106305354739232E+00
 -1.4717392595822190E-01  2.4667046230219400E-01  3.7055710056190398E-02  6.1493295081611676E-01  2.1572403836405385E-01  2.9260701403007797E-02
 -2.2547432569117882E+00  2.1605715505670137E-01 -9.6094818123523074E-01  1.7589863316189600E+00 -2.9305860679873525E-02  4.2294569971098355E+00
 -2.2775233659138934E+00 -2.4808686941226396E-01  1.2978290391337708E+00 -2.8073706097284794E+00  7.1024733462888776E-02 -7.0908327189814004E+00
  3.9417327621597198E-01  3.7307043960981601E-01 -2.2666410688162464E-01 -1.1156619815869227E-01 -4.9684783927461194E-02 -5.3823284910682681E-02
 -2.7262353980436588E-01 -2.6028553162065071E+00  2.9091624597169335E-01 -3.6707667113478787E-01 -3.5488665484460513E-01  3.1239962103315255E-01
  3.7959073274301225E-01 -2.6951931851135570E-02  6.9068164500101747E-01  4.0692814176818172E-03 -1.8652143972885762E-01 -4.2020411817082753E-01
  2.6091619868207000E-01  1.6920031539178759E-01  1.0476727170714450E-01 -1.2889482876900997E-02  2.5025099923572214E-01 -1.5523269582207282E+00
 -4.6396866844042012E-02  3.9628355591235604E-03  3.9373039855471020E-01 -2.0580712473273013E-01  9.0744768892907043E-02 -4.4075938556656635E-01
  4.5851250608882066E-01 -1.8262034130696856E-02  6.6393809494892930E-02  2.9005782800432822E-01 -8.6170079988219878E-02  6.3942899906984452E-01
 -1.5329799824318087E+00  6.0705371625316609E-03 -8.5603364977550722E-02 -5.4243265347371658E-02 -4.4098708914154287E-02 -6.2852250227938292E-02
  6.4408915293805713E-03 -7.2741290052639818E-03  1.3107609284482799E-02  8.0740955141541865E-02  1.2222245792637098E-02  1.1030432584365790E-02
 -4.5969069762157991E-02  2.0098017271703503E-03  7.2107356453366425E-02 -2.3418761447173750E+00 -7.6953856106860025E-03 -4.5537102165794001E-03
  1.3469689059569492E-02 -5.7864330288570846E-02 -4.2759586833969430E-02 -3.0246566109914750E-03 -3.6619148938146340E-01  7.9074244685016137E-01
  5.2073799834863554E-01  6.7590496167431610E-02 -3.5379844890116430E-01 -4.7219572415566974E-01  5.3688953651930726E-01 -1.8522266956448736E+00
 -7.4691248870530469E-01 -7.5419456335549154E-02  3.8776238640421934E-01  6.1864435213509739E-01 -2.3813963247044195E-01  1.5331820371562274E-01
  6.1606601957642278E-03  1.3251657379033491E-01 -1.8937862316150963E-01  1.3475354442282661E-01 -1.9909880449808352E-02 -1.8758184349724813E-01
  7.3203638897621004E-01  4.7640301085088904E-02 -8.9242369600687946E-02 -1.6174286696731155E-02  4.6932098378869892E-02 -5.3918192844924953E-02
  8.6223049174138741E-02  3.5775313933256357E-02  2.1072904922791480E-01 -1.7468627241367021E-01 -4.9026501969663662E-02  1.4233436114411096E-02
  8.2340868899231888E-03  3.1025391753658804E-01 -1.3823669513427075E-01 -4.4289061084814413E-01  8.2576369706761313E-02  1.4955375833222001E-03
 -5.5672664596864450E-02 -5.4545588087120234E-02 -8.9360858937999152E-02  1.3444947773644406E-01 -4.3983362308256432E-02  2.2545217709039500E-02
  7.4249241536370244E-03  3.5330975478513799E-02
ORDER     2 BLOCK     4
 -1.1053075228008857E+00 -4.4925423595721076E-01  9.4732894397142303E-02  1.2759027746256280E+00 -1.7361877883448611E-02 -9.4099970888174089E-01
  1.5838380259659697E+00  1.4341445065255595E-01  1.3526804187583934E+00 -2.0276840377376222E+00  1.3504232198811930E+00 -7.1106876906526750E-01
 -5.3730438766650468E-01  6.9594301112007695E-01  3.9450204327188276E-01  1.6547426241660608E+00 -1.3402942268711284E+00  1.4123654157756964E+00
  3.0085121031014292E+00 -1.8177697003785004E-01 -7.1675007457970819E-01 -2.1046016550131386E+00 -1.9387648201900172E+00 -1.8127445155547097E+00
 -9.2346417031095895E-01  1.2431437332734485E+00 -1.8752351584422204E+00  8.2479066549748410E-03 -7.0496391661076485E-01 -2.9620014013288037E-01
  2.0848751822960163E+00 -1.8493090442136593E+00  2.8573479724420912E+00  1.3442961783468079E+00 -1.7931540396888519E+00  3.3759741526903858E-01
 -5.1795868356698083E-01 -1.2230838943766749E+00  2.5735416918650809E+00  4.6771003728141686E-01 -4.0327554353801159E-01  1.6700665285162044E+00
 -8.0127839985247395E-01  1.1004353051102240E+00  2.5379664584671174E-01 -2.7581394072291063E+00  7.1869272723200017E-01 -1.6046329122906646E+00
  2.4912972472077355E-01 -9.1925801961932752E-01  6.9429506353766701E-01  5.7721146119148281E-01  1.5610074403674995E-01  1.5387865395786080E+00
  3.8166449152234228E-01  1.7315947169165415E+00 -9.2844896921687947E-01 -6.7403543716676162E-01  6.4158805372079619E-01 -1.6951476827567971E+00
 -2.8034426085500369E-01  1.8276005839962997E-01  1.3488508550645364E+00  3.1429322406634558E-01  1.7245219672931149E+00  1.5408216213079948E-01
 -3.2378314340252751E-01  3.1684128188186955E-01  3.8986165988426739E-02 -1.5604684027852156E-01 -8.8322325238435723E-02 -9.0342415561749628E-02
  5.4888188647842173E-01 -4.8015064927269835E-01 -1.0511825858563462E-02  2.0758676850620941E-01  4.9833205204638548E-02  2.5184144704055350E-01
 -5.2306638045014575E-01  4.2736150966447228E-01  7.2566679526833905E-02  1.3226659695703771E-01  3.6579732855003561E-01 -2.7240266456672015E-02
 -5.6973979774638084E-01 -6.4545844578814682E-02 -3.5888882407648659E-01 -2.2869335505817021E-01 -8.2890372097252626E-02 -8.6691390355135931E-03
  4.6772488328431026E-04 -7.4656360492143670E-01  2.0058064225679871E-02 -1.1634628405101481E+00  6.2611135007236307E-01  6.0559564474142377E-04
  1.5946379008466371E+00  3.8070604280987363E+00  4.7190567700320196E+00  9.0278826595562798E+00 -3.0829736696927998E+00  3.6218836422475309E-01
  8.2487815711078338E-01 -1.2761454181497506E+01  2.1138386242924119E+00 -3.9817063530550084E-01 -1.0170139758104246E+00  1.3169974417667885E+00
 -2.5769143386248814E+00 -1.3530288879341526E-01 -1.5649339955355371E-01  3.7765779937211341E-01 -4.3325166497365446E+00 -1.6434037548998166E+00
 -1.5857711033035773E+00  5.3552559358695084E-01 -3.8408099090040904E-01 -1.4429045396047546E-01  6.0632264690034479E+00  2.7597094747419448E+00
  1.7473653146608430E+00 -6.1291546890296833E-01  8.5481836604876216E-01  1.1801925424151301E+00  6.4365160029310153E-01 -4.8783165661929306E-02
 -4.1984820538607143E-01  8.0159736628696937E-02  1.8545999757118767E-01 -4.8329029142384278E-01  9.7533017817058795E-02 -1.0294620894193063E+00
  1.2018125245053024E+00  1.5910281350801808E-01  6.7167812380918201E-01  4.0613581694677520E-01 -1.6423778046775190E+00 -1.2840734585518456E+00
 -5.3111627556556507E-01 -4.7570659286936678E-01  4.7949826202457729E-01 -5.1438239784306720E-02  1.0449143903607229E-01 -2.4426607697289922E+00
  2.6424191761521448E-01 -6.7057265784156850E-01 -5.8021838242590462E-01  6.9613275632891158E-02 -2.4680461709753432E-01 -1.8545107808994010E-01
 -5.0466667831645262E-01  1.7248641045327600E+00  8.6481376298540658E-01 -2.0460928293147651E-01 -1.0595999185873702E-01  2.4628291208131134E-01
  7.0724356078338746E-01 -2.6476197388543003E-02 -3.5338336227508405E-01 -2.1359714838656018E-02  3.0253691283685114E-01 -1.2625272051823325E-01
  1.7812568030207471E-01  2.0818127525362748E+00  2.8660502684580053E-01 -9.1816413814926368E-01  1.2376074553572107E-01 -1.5728232489607460E-01
  2.9773364145598147E-01 -1.3394239244724768E-01  6.7506519200519777E-01 -9.8893698068693806E-03  4.5712253855981232E-02  2.6180146497708384E-01
 -4.1709450682758420E-01  1.9464512222027786E-01 -2.1892180113514579E+00  2.9860884906429373E-03 -5.5434188203607709E-02  3.8871143598201541E-02
 -6.3536897406313908E-02 -1.0769367662906674E-02  2.2842308313743537E-02 -2.3477092765299083E-02 -2.2440658558656873E-03 -7.4292741071814675E-02
 -7.6573165052403969E-02 -2.3272230353815013E-02  6.4259216792670361E-03 -1.3259317277205076E-02  9.1433565743631234E-02 -8.7627598834732146E-02
  7.8563846254005165E-01  1.1697009783981707E-01 -1.8436682207515168E-01  1.2890933707330401E-01 -1.0372998268886915E+00 -1.4258839174131993E-01
  7.0399995619919975E-01  1.2411702832390616E-01  9.9278105526733385E-02  3.3213246625473536E-02 -8.3893264393718484E-02 -9.6559531330393175E-02
  1.9196628942273922E-01 -1.1049645138039093E-02  1.1723911454534164E-02  9.6641982981368368E-01  3.2709646532568698E-01  7.1330253516452505E-03
 -5.4984997449188366E-01 -1.2304815431336720E+00  3.7392536852369190E-01 -1.4936544988266329E-01  3.6721634900863825E-01  2.3825373674795317E-01
  2.1860144799644932E+00 -1.1960237688844234E-01 -1.0405361623877090E+00 -4.8068709511799362E-01  1.2812274993534664E-02  2.4830613007592481E-01
  5.8028260874358979E-02  7.7684089274466447E-02  2.4278111652096374E-01 -2.2194794431756408E+00  5.1796871806456113E-01 -3.8104972649818569E-01
  1.1187154147442144E+00 -2.4149888541313849E-02 -4.4206898837290654E-01  3.0779276532807338E+00 -7.0744440758961780E-01  6.4876914037108169E-01
 -2.0788046074499209E+00  1.8420733126186736E-02  1.1263035864989106E+00 -1.5950731003716019E+00 -2.2957336020826141E-02 -1.4339865555310907E-01
  1.6757086389164247E-01 -1.2062030260463607E-02 -2.2841386828107829E-01  6.6713560837880026E-01 -8.3351553568610004E-01  1.7347429132792636E-01
  1.2179336575528292E-01 -4.8844730656247687E-01 -2.5395918693096270E-01 -7.8838452634547359E-03  3.7340431966809634E-01 -2.1327374142673574E-02
  4.0821681188735220E-01 -1.0497786565134164E+00  1.1201162930835448E-01 -3.6953525778541771E+00 -6.9551683257789676E-01  1.4403470024690528E+00
  5.1910723481936854E-03 -1.7157494932879114E+00 -3.9045343248212611E-01 -3.0538612978710272E-01 -1.7075048182974559E-01 -6.0745156371392461E-01
 -1.4653482522330574E+00 -8.0064238454810727E-02 -3.4508379982748812E-02 -4.7937529064371084E-02 -6.7772900821939069E-02 -1.0050881702622472E-01
 -2.8261875520432717E-01  3.0890313794240765E-01 -1.3926977262607826E-01 -1.3932128876024441E-01 -1.9901235635461384E-01 -8.2408501169568923E-02
  2.6666279093064040E-02 -4.6148226158284494E-01  2.4176411991916286E-01  1.8923245845684680E-01  1.3533366270412523E+00  7.9549906782882013E-02
 -2.6738633926054762E-02  1.4154225788992593E-02  5.9601768929444313E-03 -2.4567504868686904E-02  2.0929233076749869E-02 -8.0340477080491097E-03
 -4.0262609207690411E-03  1.2446825600734094E-02 -1.6499388477808574E-02  2.3665105736718196E-02 -4.0296908692473481E-02  2.6542374132406964E-02
  3.7761369418916756E-03 -1.7973526721809545E+00 -8.6133114413918365E-03  1.4836391777255211E-02  1.6712726597439218E-01  2.4957403411935172E-01
 -2.1860861554013250E-01  3.0118353744760015E-02 -5.7375328970954882E-02  3.4558604187312287E+00 -1.5895096057003885E-01  3.5350314857521759E-01
 -1.9275441687599618E-01  2.4084978062790027E-02 -3.1393201097263290E-02 -9.7859047851605325E+00  2.0092235640518782E-01 -5.2234953912277526E-01
  2.6609580147042894E-01 -2.6468250829420243E-02  1.0626514336738692E-01 -5.3665612488607496E-02 -1.6782377934272458E-01  8.6408234879322143E-02
 -4.0634387530416552E-02  2.5220425474036551E-02  3.9217265711085234E-02 -4.3854383800486663E-01  2.0647051302209219E-02  3.8740334667966629E-04
 -4.0613185599594780E-02  1.8746546764924779E+00  3.1933092232219115E-02 -3.9923718624106437E-02 -5.5721977138037511E-02  7.4155511039135022E-02
  1.1859834190290808E-01 -7.2209648010135991E-02  5.4103473320385308E-02  1.0324821852536466E-03  2.5572545047223928E-02 -1.2962786203893140E-01
 -5.4378734850571071E+00 -7.2214884365110659E-03  1.4199067650146363E-02  3.0274561189337329E-01  1.4888576012324330E+01  3.0130022105572200E-02
 -3.0391172668004878E-02  1.4796126580149552E-01 -5.1143934150390764E-02  5.4425336305706246E-03 -1.9945032654734440E-01  1.0588816090757537E-01
 -3.1940725426046783E+00  2.2011249334686310E-02 -3.2797481510504885E-02  2.9061624931419443E-02  2.9565023443759006E-04 -8.6782978706751918E-02
 -8.5882454373231332E-02 -8.7500174987425235E-03  8.0533749750803119E-03
ORDER     2 BLOCK     5
  4.3834850150546723E-01 -2.3520546483115797E-02  6.1476426208627211E-01 -2.4452704113840378E+00 -1.9565245009049630E+00 -1.1238236039194585E+00
 -1.2122446103593216E+00  1.7911704662491915E-01 -8.0933750663610171E-01 -2.6970579495633390E-01  2.0092909572101219E+00 -5.9810333338415689E-01
 -4.3332076162350339E-02  8.9766503743317849E-02  1.3407779937019570E-01 -1.5568079742408010E+00  3.8652861603237718E+00  1.5492038951321334E+00
  8.9267900749785312E-01 -7.1270310336345588E-01  1.2672483443747429E+00  1.9507408083033881E+00 -2.5961856999594586E+00  2.2324790827145460E+00
  2.9872124274303649E+00  9.9532850750025192E-01  2.5364811557516855E+00  8.5593520436860089E-03  3.4356284297346606E-01  1.0601947570195651E+00
 -6.4389142713296819E+00 -1.3737925095564196E+00 -4.4576058808428591E+00  1.7940722821005060E+00 -2.1575755672854555E+00  6.5924093163593411E-01
 -1.1978067572149900E-01 -4.4490355553047731E+00  2.7956835850173523E+00 -8.5341995589505937E-01 -3.9126659109174708E+00 -1.1288418900511159E+00
  1.0724018516067117E-01  9.5837251100872900E-01  5.5478041911209610E+00  1.2943014994416335E+00 -1.5486349009661945E-01 -1.6481296231502995E+00
 -1.3110733002707702E+00  6.9415855231735935E-01 -1.2990329821755837E+00  7.6950444278235774E-01  1.8731500725924228E+00  2.7150581431089305E-01
  1.1312576361912419E-01 -1.6826358813229636E+00  2.2542035176490143E+00 -1.0902567303318347E+00 -2.6114450676467897E+00 -1.7515248060599836E-01
 -1.7090047795712665E-01  7.1003404369876677E-01 -1.1129696645840632E+00  3.5907724441313621E-01  1.3728204686546641E+00 -8.0013808039892137E-02
 -2.9505183509252186E-01 -5.4790938028861114E-01 -4.7970932061245905E-02  4.2976118229701286E-02  1.3224979769179984E-01  2.8969181082731577E-01
  3.2214938157290629E-01  7.1302830382974403E-01  3.8156880935738054E-02 -5.6848449916647920E-02 -9.4241090821114773E-02 -4.1402527419947727E-01
  4.4061710263998399E-01 -2.0449308716683839E-01  4.1640534867639432E-02  4.7353963406390601E-02 -3.8245807580454605E-01  1.2742618686448917E-01
  4.4623725829339955E-01 -1.0813913121240337E-01 -1.9271212413117977E-01  9.8523972373179280E-03 -3.2550399445452176E-02 -5.8319014201425974E-03
 -3.6362918102455935E-04 -1.0928280013230358E+00 -8.1208118486931612E-03 -2.7703332432430932E+00  1.7101335487535099E+00 -1.9036147968184512E-02
  1.7908239159912354E+00 -1.5152205436130097E+00 -9.2004377674331672E-01 -2.9031453104120790E+00  2.2247112166407561E+00  2.4745816686321859E-01
  1.4784771742272657E-01  3.3683759334131151E+00 -2.6989980168846346E+00 -4.3499569098497431E-01 -3.3410070690038735E-01 -3.4821670192515397E-01
 -3.1560733765059867E-01  2.3647191708742404E-01 -1.0258465184634729E+00 -7.5176367059253764E+00  3.8057321102834010E+00 -2.7971445588143942E+00
  1.2555253717572319E+00  5.2529418883838752E-01  1.1991782947047691E+00  9.1182180196030131E+00 -3.8756958352671353E+00  4.0580930115334324E+00
 -1.0296996283569735E+00 -5.1791777588647370E-01 -9.6363232065323412E-01  8.5385194973929879E-01 -1.4545350702062860E+00  1.0221436772596662E+00
 -1.7606447859906360E-01  2.5093636470041775E-01 -8.5730487645189452E-02 -8.5533638984784000E-01 -3.9784350865217036E-03 -4.1410287290291770E-01
  5.0762963443704634E-01 -1.5988381513491561E+00 -5.8819011498359564E-01  6.3746404361128994E-01 -7.0101792089844028E-01  3.6214577278857369E+00
  4.4638604075561300E-01 -6.5131213889971418E-01 -4.4314023621007309E-01  5.8399765070577070E-01 -1.7191431888156394E-01  1.1480386716054751E+00
  9.7334860184015368E-03  1.2140599023349439E+00 -1.8661601966047725E-01 -5.2581122849096984E-01  7.1067188042681501E-02 -3.4613721610859588E-01
 -2.9907280239559037E-02  2.7360963417371575E-01  4.1145619521227078E-01  7.6679394087154429E-01 -5.3287351446495046E-01  3.2411552959372963E-01
 -6.1747194389745785E-01  1.0032162244733230E-01 -2.3817137242246994E-01 -6.3935111926530244E-02  1.8870936795566759E-01 -8.8737503977619078E-02
 -3.0669993595960304E-01 -1.5196544670000165E+00 -2.9612741240458966E+00  3.2675879745705045E+00  6.4966887908065249E-02  2.2523783554497498E-01
 -6.0728657765851901E-01  7.8879896912180350E-02 -6.3680394629819545E-02 -3.4686908412152023E-02 -2.8300672564595779E-02 -2.8125227790924584E-01
  7.5082716215902723E-01 -4.4474394816897411E-02 -4.4618482042389551E-02  3.3683067526103193E-02  2.5535413518176394E-02  1.0571090387345329E-01
 -8.4854412684457620E-02 -5.1731615694712893E-02  2.9657496374580973E-03  7.1863656749111757E-03 -1.1277800630038463E-02  2.1545415535577730E-02
 -3.0905651010795610E-02  3.1691626792717198E-02  6.2539115788876165E-02  8.1863906121334179E-02 -2.5487173115814199E-01  4.9126195323146736E-02
 -1.9355922354940148E-02 -1.3673237698690738E-02 -6.8326625477282077E-01 -3.4391625200868199E-02 -4.5483948132358495E-02  1.4028321521926195E-02
  2.2982628725860086E+00 -3.2926705238942242E-02  5.3745233167309850E-02  6.5936845740701272E-03 -1.0692928282212969E-02  1.1700205534265195E-02
 -5.7913465327351796E-02  3.1534285499088106E-02  1.3311213159698914E-02 -1.2637303410204210E+00 -4.0483047907649972E-01  3.6450158528802556E-01
  1.2218883665592910E+00  1.7500404031599528E+00 -1.0650471059701210E+00 -5.6762559294346693E-01 -2.4679713000332746E+00 -1.2659361176200375E-02
 -8.6224693912548511E-01  4.7540349152056232E-04 -5.2050729679411190E-01 -1.4838412303261900E-01  6.9934669634978519E-02 -2.9319345684563608E-01
  1.4373975738987618E-01  3.7165553718338198E-02 -3.8167218824419513E-01 -4.0370964702621326E-01  2.2486998456026398E-04 -2.7683800211323506E-01
  5.2401743417241142E-01  9.8341117588085072E-02 -3.3527796234991603E-01  5.3399999326801662E-01 -3.7269465918004065E-03  4.5301415294491626E-01
 -1.3209649808221535E+00 -1.1855067204835608E-01 -1.8047725440957885E-01 -3.5039567127870153E-01  4.5351798607324884E-02 -1.4752471784588181E-04
 -1.8118333764607416E-02 -1.3701915191492936E-02  2.7614621028881314E-01 -2.1953958999441928E-01 -2.6427436574099794E-01  4.3830797377769244E-03
  1.5392316383777460E-01 -1.2295862993297317E-01 -7.2290171154101232E-02  5.2551675901340873E-03 -2.0675375403324609E-02 -2.8779115097521710E-03
  1.9746691330240131E+00  1.1248166266058002E+00 -2.3904718476704453E-01 -8.5762134314072624E-01 -2.8356680183804945E+00 -1.4233268244225008E+00
  1.9034888316903606E-01 -8.1718560426850539E-01  9.1534492661209013E-02 -6.6082489621349394E-01  5.3832079908511271E-02 -1.5727123944817584E-01
  8.8092859683463742E-01  4.2355995351114456E-01  3.0263198640944777E-01 -3.4495040657605364E-02  4.8835695940018642E-01  4.1115361153738123E-02
  8.0048293173898874E-02  1.7304149966186966E-01 -2.7912602551586396E-01  1.2448389429980398E-01  1.9369152284109872E+00 -1.9665162603253149E-02
 -2.3937442426089934E-02 -2.3769849459670769E-01  3.5097830310572420E-01 -1.8857472663821234E-01 -8.0273873668126399E+00  1.5489063042963200E-02
  2.4980156387033981E-02 -2.1307856262863870E-02  4.6507177043537747E-02 -5.4260271381347111E-03  1.2119355997406248E-02 -1.5231898419591983E-02
 -2.7916207998197715E-03  5.3475657735424946E-02 -7.2878178971233290E-02 -1.2308518326079671E-02  3.6481010386868276E-03  4.9683506897821070E-02
 -1.5661257949650254E-01 -5.7457523771769747E-01 -5.0491035782824012E-03 -2.4991138077883140E-03 -1.3639366744555388E-03 -1.0532112118978126E-02
  6.3775483176755198E-03 -2.7639466376021718E-03 -3.7621656852335883E-01  9.5186463831005756E+00 -7.6761238068645238E-02  2.5883694890210202E-01
  6.0832764527019072E-02  1.5028728765792745E-01  5.0467556405575831E-01 -2.6105975562162087E+01  7.1431834342257750E-02 -3.6283544752233787E-01
 -7.8663032654698484E-02 -1.7786506775759955E-01 -1.6345522359568221E-01 -3.2038589965628894E-01  4.5615058461898861E-01  4.8388336163055524E-02
 -6.8859240735986524E-02 -1.2449157630434041E-02 -7.5642390557961849E-03 -6.9277928575371384E-01  1.7347985621100553E-01 -3.0202647998555109E-02
 -1.2054234983522137E-01  6.2047222557042740E+00  2.3964909493387306E-02  3.4883825679147178E-03  2.3770369668873830E-03  1.0670248659565170E-02
  1.8116489384180378E-03  6.2991566648707472E-03  5.7568966287371681E-02 -5.8022647111755261E-04 -7.1151536751315851E-03 -6.6664768576237055E-01
  2.5385710487766984E+00  1.7331833754075551E-01  2.8188312659924852E-01  9.4369190523419866E-01 -6.6680012617355473E+00 -2.0481537634605343E-01
 -4.9627060300820142E-01 -7.0830418219309355E-02  5.1803254256085618E-01 -2.6933977984106953E-02 -5.2440348429717387E-01 -2.0053655756396638E-01
  1.2340826431025400E+00 -9.0079911819584330E-02 -1.8449499394425518E-02  8.2457678185180044E-03  1.2923906360864648E-02  9.3806339181120302E-03
 -1.0480347070140943E-01  1.6669606039713951E-02  7.3072039831936497E-03
ORDER     2 BLOCK     6
 -4.6084315283566779E-01  6.4218426484889579E-01  8.7650355522853074E-01 -3.8265320201403447E-01  2.9901117100516050E-01  1.4841903971950648E-02
 -5.0352238877207744E-01  1.0459432462590242E-03  1.4094473680633920E-02 -1.0897757265716679E-02 -1.9196370005341256E-02 -1.3265426254199953E-03
  4.5623958858313470E-03  1.9598723459657540E-03 -8.4684470192130572E+00 -4.7372198048460845E-01  1.0879894988224882E+01  1.2106648369108921E+00
  5.5907574774209778E-01 -7.1134306066841213E-01 -3.2460554253429796E-01  9.7978139416795145E+00  5.4219603846457449E+00 -4.5286070172500335E+00
  1.1765495898599416E+00  2.5209432046269575E-02 -3.7142513233143015E-01 -1.3716281873434369E+01 -8.0829727391842923E+00  7.7643096383480330E+00
 -2.7485024777441311E+00 -7.0618721978336751E-01  3.8210895566917280E-01 -7.2769694680851882E-01  3.6022021590254477E-01 -1.1265722750436278E+00
  3.2225147895442380E-01 -8.8012241591216278E-01  6.4425942304839751E-03  1.0139644150874743E+00  1.8981547356508479E+00 -1.4475251438176163E-02
 -1.4729817841019435E+00 -3.8251413860433103E-01 -1.3183932535571987E+00 -5.9270779555499808E-01 -6.0067271910620745E-01 -1.0232071214690438E-02
 -3.3629420121779452E+00  2.0702637843991063E+00  5.5119688564867164E-01  1.1790639151085004E-02  6.4721780658855903E-04 -5.6871554213425095E-02
 -3.7200598523949462E-02 -1.7092143831435336E-01 -1.9145501415345859E-01 -7.5626377010794818E-02  4.5731668191410801E-01  6.1013664796372210E-03
  2.8670542191573783E-01  4.3708365088216389E-01  2.1130058901579624E-01 -4.0532705209451314E-01 -2.2446844080116008E-02 -1.6910699015092743E-05
 -1.5786831520712508E-01  2.5422365627128171E-03 -1.4100637934483162E-01 -4.2478325032170783E-01  2.8759770880774698E-04 -1.3975613569148793E-01
  4.0409506066879242E-01  7.9010420955234051E-01 -1.2065984817196464E-01
ORDER     2 BLOCK     7
 -2.9955927560428983E+00  5.8709762290833085E+00 -1.2114900914916460E-02  1.3035992958745695E+00  4.1130775946947242E+00 -8.2686225499276684E+00
 -2.7259391078576645E-01 -1.8192041823614447E+00  3.4661399089669565E-01 -3.8876120348647109E-01 -5.0531610996526011E-01  2.3819619196598822E-03
  9.3555544785628754E-03 -1.2009273501206069E-02  1.2724012225144073E-02  1.1185553009375883E-02 -1.2174336789841693E-02  2.4495808183074754E-02
 -2.2398663209390331E-02 -2.6389560289872046E-02  2.6925240314097848E-02  5.3123414500744134E-03 -6.5478657004346141E-01  1.8429602467399011E+00
  8.3327188291207122E-01 -2.6638765552497508E+00  4.8741334645148515E-01 -2.6276185303633808E+00 -1.7518079673798552E+00  3.8297150616146030E+00
 -5.6276450138783463E-01  2.6998613141368337E+00 -2.9195256783226770E-01 -1.3352544394318098E+00 -4.1653639775222500E+00  5.9080679775469314E+00
 -1.2752706807434664E+00  1.2141184264671978E-02  8.1835031735768704E-01  1.9411174162748974E+00  5.9489551754329799E+00 -7.3105430014704211E+00
  2.4479104889669348E+00  2.0197228815372570E-01 -2.0391908620328620E+00  8.8435294565309586E-01 -2.0935410308872209E+00 -1.1187151887119329E+00
 -7.1921960045137873E-02  4.7012751666145713E-01 -2.7287145192996354E-01 -2.1850582667884737E+00  2.6750294438575073E-02 -2.1886561669671276E-01
  6.2299060714901988E-01  1.0125100149134336E+00  1.3008943753558114E-02  6.1237732927063393E-01  9.4968106444711831E-01 -5.6627716372599979E-01
  1.3043983534054782E+00  1.1713113784775896E-02  6.9379258664153665E-01  1.3638361117269979E+00 -7.3622491983605143E-01  7.4506257571798334E-03
 -4.3214863399605097E-01 -1.1315377755083800E-01  6.6823894059990308E-01 -5.5470414077884819E-02  1.6023670670759348E-04 -2.4022258009009412E-02
  8.8914498342576934E-02  8.9183812362103890E-02  6.3424595418214269E-02  1.3465519875955412E-03 -6.6489268671073215E-02  1.2872380887587062E-01
  2.3648988238716737E-02  9.2252845875320753E-03 -1.9485199194110236E-01  1.6276846371912448E-01  2.7913291336613177E-01 -3.9886939914778319E-03
  1.0645549024921870E-01  3.1496948371771005E-01  1.5675005174484308E-03  3.7168409701939864E-01  8.1801792512761137E-03  8.0291371340951856E-01
 -3.6249288587451545E-01  1.3498684144204270E-02  4.9160552084324461E-04  4.1258107267883176E-02 -9.9877349488912415E-03 -1.2324807630234014E-02
 -1.5590256860666249E-01  1.2845773261323853E-03 -1.0395584127843674E-01  4.9951410297827473E-02 -2.7269004422688023E-02  1.7752111831275738E-01
 -2.4264640679088519E-03  1.1561810349406673E-01 -6.3161054647679404E-02
ORDER     2 BLOCK     8
 -2.8575700547659753E+00 -2.6125179088449779E-01 -6.1606800501921857E+00 -1.7972517797756189E+00  8.1304254129658315E-01  3.6540169471744433E+00
  3.5885326898751759E+00  1.8949655860200980E+00 -1.5793144183572130E-01  2.7609493836662153E+00 -9.5116673694593323E-01 -1.2481000103518441E-01
  1.7670195830573471E-01  1.1248387432905393E+00  2.6906294587795343E-01  7.9360120078966503E+00 -1.7844904363709806E+00 -5.2834555811014701E+00
 -7.0580905631000794E+00  6.9065523539726099E+00  3.4451514075799228E-01 -4.7244865968328176E+00  1.2401134034554750E+00 -8.6104298069450991E+00
  7.0381681402903806E-01 -2.6055070451842468E+00 -8.5058006890972138E+00  3.1113048547223021E-01  2.5871221700827446E-01  5.7983737763313736E-01
  8.3542144635076609E-01  3.7729402738609563E+00  1.0752819794630625E+01 -4.3356312873807363E+00  1.2383112600231647E+00  1.5225477280448398E-02
  5.3703787036788700E-02  1.0477793263313735E+01 -1.6390925662842049E+00 -4.3418037355382594E-01  6.6404947397179237E+00 -1.0996387884535128E+00
  6.1602218166761635E-01 -5.0663869983700949E-01 -9.2198593776902484E+00  2.0026860685583476E+00 -4.9504963324856438E-01  1.1258041983950082E+00
  7.2034205979686472E-01  1.3429669649455871E+00 -3.0313939949592559E+00 -1.1644711063890396E+00 -1.6063591920179574E+00 -7.0050826338889016E-01
  1.6418306708908989E-01 -1.0653386681736097E+00  3.8158032101437049E+00  1.4360347422408015E+00  4.2776091168234363E+00  7.6757630064417648E-01
 -1.6909454221675549E-01 -1.4864365076974242E-01  2.7475984885484384E-01 -4.2891595893992207E-01 -2.4357028991969281E+00 -2.2247596598447181E+00
  2.2358667827963976E+00  8.4736453258831079E-01 -1.6574722303892075E-01  8.1208136722683483E-02 -5.0065758880255322E-02  2.7539941233578435E+00
 -2.8753618078357577E+00 -1.1761597580128718E+00 -6.9878996374809654E-02 -6.3827842942266788E-02  1.7548938612603763E-02 -3.9444578208051237E-02
  3.4836003503731794E-01  7.4029578170505844E-02 -2.5338719992252928E-01  9.7837445538880199E-02 -1.1360800724641476E+00 -2.7108411546311717E-01
  1.8303720381924793E+00  2.1754499547906417E-01 -5.9376231189122948E-02  1.3153106621242874E-01  6.1664079969670563E-02 -3.1411303241363001E-02
 -7.4611706871872201E-05 -3.3871234886810409E-01 -1.6344829840770601E-02 -1.4409587500159982E+00 -4.6067352155041483E+00  6.5106326025148884E-03
 -4.8194585255314987E-01 -1.4250114707444340E+01 -6.8784457611326095E+00 -3.6963932410879180E-01 -4.6995330658080006E+00  2.4936985980007836E-01
 -7.8467586688929958E-01  1.1845940920485329E+00  6.9324906504382575E+00 -1.2570555702677336E-01  7.8426837568930152E-01 -1.0749769937650975E+00
  1.9373185539555704E+00 -2.6681500566028798E-01  2.4917062384035091E-01  1.5701802798746179E+01 -7.9316089133963663E+00 -3.4938356180239718E+00
  6.2074377037184580E-01 -7.3746900502263557E-01  9.1020876854852870E-02 -2.0758553420824299E+01  9.6814773446894051E+00  5.0671645040727702E+00
 -1.0831281988848280E+00  3.4581107996546934E-01  1.0240199317354104E-01 -3.9868808513044063E-01  1.4352835705606939E-01 -1.3473431846843644E+00
 -9.1659528151486314E-02 -9.4724359907104483E-02 -4.7951531806461445E-02 -4.7080410079410384E-02 -2.0237666446485250E-01  9.0209300459696184E-01
 -2.2425656895461303E+00 -2.7187540078041468E+00  1.1200057774816123E+00 -3.3139589962477550E-01  2.7882473892361110E+00  5.8473551493014968E+00
 -2.4889975120897025E+00  3.8197928400370723E-01 -1.2824916780624057E-01 -5.8552826742886788E-01  1.1982708377501435E-01 -6.4436447107566874E-01
 -7.0902705319063764E-01 -2.9288292654034196E+00  5.9875056887286571E-01 -5.1678395350248174E-01 -1.0577246607748414E+00  6.4924403395107977E-01
 -1.7369300932137060E+00  7.1705580917544047E+00 -9.8568931901014900E-01  3.9098037369736949E-01  2.6778215323752712E+00 -5.5644703847123256E-01
  2.1601607903982125E+00  5.5190577100296512E-01  7.3657247516866908E-01 -7.2944544870385220E-01 -8.2298114127046595E-01  6.4285583594405438E-01
  9.2427149049416527E-02  1.7449303273560643E+00  4.5258207380436550E+00 -3.3911879117780566E+00 -4.0434769029128620E-01 -1.0526239427308288E+00
  8.8628664585041861E-01 -9.1438227893588286E-01 -1.4953688466848897E-01  4.8777660100628228E-02 -2.7528115612843417E-02  1.5432957928566451E+00
 -1.1533721503920982E+00  1.2833073430713720E+00  6.7376820552706052E-01 -9.7756117821804114E-02  2.6497613116954258E-02  1.6194742282298384E-02
  9.9637121268931719E-02 -5.3345283582176509E-02 -2.3597909486287452E-02  5.4787104980739139E-02  2.3636538037948771E-02 -4.6021467826742787E-04
  5.1913699004840538E-02 -1.1381373560918297E-01 -1.6210084604605146E-01 -1.9935803248705855E-01  2.5433331680705840E-01  9.5632802877360520E-02
  1.0557066256231542E-02 -2.5371351103438015E-02  1.7279446169926114E+00 -3.9733105210041564E-01 -1.3422591880471993E-02 -2.6187497647241334E-02
 -4.5643760989604774E+00  1.5912268946484714E-02 -1.4157674872968243E-01  3.8547588165437879E-02  1.5169001049222553E-02 -3.0081461073368908E-02
  3.3795602628526024E-02 -1.3300543344966140E-01 -2.8632340678333899E-02  1.3015463966901288E+00  7.3389082225983882E-01 -1.8740146658176798E-01
 -1.7222155101143649E-01 -1.7458926364702776E+00 -3.1778490587771185E-01  1.9122583689020392E-01  1.8429766900946187E-01  7.8289047749341922E-02
 -1.2252714151806801E+00 -2.6745992631416932E-02  9.1513166970197535E-01 -3.8281898322988872E-01 -5.1809134739970886E-01  2.8844061367246632E-01
  1.0720406630435778E-01  3.4200117127373184E-02 -2.8964322394561126E-01  1.6732680898624090E+00 -1.2641898213106875E+00  2.7437455166784858E-01
 -8.6652799154055438E-01 -1.3482324426373507E-01 -8.0319834369527532E-01 -2.3484257890627394E+00  1.7200294602391124E+00 -2.2515646033626882E-01
  1.7633153418877530E+00  1.4366206782364438E-01  1.1235088048276478E+00 -1.0240874870281247E-01  8.1607817090735155E-02 -1.2760909835502193E-01
  1.1967390501003126E-01 -2.1869329342420276E-02 -6.2072448503486158E-02  1.0153563265628169E+00 -6.2905614077698679E-01 -3.5501457585067564E-01
 -3.1615340569078842E-01  4.6727929634242155E-01  2.3272306170608764E-01 -1.0391861331578715E-01  2.4445902819093057E-01  1.3495131984747012E-02
 -2.3676289461873909E+00 -1.1874139422549498E-01  2.9438131247776979E-02 -3.6371290910281795E-01  2.9219335131900555E+00  1.8663268478766068E-01
 -4.0556573116994246E-02  2.0619718122832684E+00  4.9824912470836802E-01 -1.2442177668631012E-02  2.6353929923245478E-01 -1.3061160723012163E-01
 -9.4545848838355950E-01 -3.3475328233829366E-01 -7.4914988757675982E-01  1.2176092655832642E-01 -4.1796177311099214E-01  2.2798973062325006E-01
 -4.5292870206211516E-01 -2.6273314248517560E-01  4.8016382608121971E-01  1.1685376579556968E-01 -1.9023862131093594E+00  1.4612300269142228E-01
 -2.0302713961491147E-02  3.0895448259930153E-01 -6.0773126536426259E-01 -1.9333987732676985E-01  7.0440128953059711E+00 -1.2473501848317706E-01
  2.1017330032663491E-02  2.3940672078854000E-03  1.0917136959386345E-01  1.9048483661724371E-02 -4.5409658395692061E-02  8.5538425582102097E-03
 -9.3543665841293016E-03 -3.5241136858111005E-01  2.7177829159560557E-01  1.8382386418772947E-01 -6.6202368230100844E-03 -1.0985984334141607E-01
  1.6122839466157929E-01  7.9903125410583642E-01 -6.6795059202189319E-03 -1.3594272466656721E-02 -7.9821718025392410E-02 -6.1216072688449287E-02
  5.2864070994986537E-02 -2.2595883743093095E-02  3.3373079986228704E-01  7.3086599352629655E-01 -1.6237489924291285E-01  6.2093577062899130E-01
  2.2261230092669840E-01 -1.6303287798081442E-01 -3.9584176822206285E-01 -2.1770793640541664E+00  2.2500743284190963E-01 -1.0405399788571861E+00
 -2.6611787304253559E-01  1.7857357887069877E-01  1.0701489539650400E+00 -6.0918009606303239E-02 -8.3490501761473448E-02  4.6644823028682225E-02
  2.9568076203701887E-02 -1.6325711343506969E-02 -3.3011148969398868E-01  4.5659584791172471E-02  2.6270532558677985E-02 -8.2130368754647659E-02
  1.3641867083247416E-01  4.4327604877165143E+00  4.9686044209758334E-02 -4.7127855253916273E-02  7.3958594153904142E-02 -3.1618890841341570E-02
  7.8999448442801917E-03 -1.3592311845478990E-02 -3.1092401308379464E-01 -1.0283004246547637E-02 -1.4458436101630993E-02  3.4007255216389315E-01
  3.1592088338818911E+00 -3.9227906720565914E-01  8.7537734053827754E-02 -6.4038623394440397E-01 -8.5350957265841689E+00  5.7698902420903997E-01
 -6.2463651886776037E-02 -3.0670174200327799E-01  1.0465873749940836E-02 -7.2513854727557406E-02  1.2095326997218399E-01 -2.9653418001593879E-01
  2.2451908511665373E+00  6.6270862128824465E-02 -1.1349222716702709E-01 -6.6309877662876302E-03 -1.0581241708089958E-01  1.5811031346188059E-01
  7.8174304374406325E-02 -3.9274867286361610E-03 -3.9065078048379061E-02
ORDER     2 BLOCK     9
 -8.1904526363378805E-01  7.0692927876233274E+00  2.7063596448751231E-01  2.2910621657963306E+00  2.5703085241634698E+00  4.8626413423405640E-01
  2.2750780423181229E+00 -2.6064398899434909E+00  9.0964549899331792E-01 -2.1632684760192711E+00 -8.7509974102468640E+00 -1.7407761444956058E+00
  3.2702986082818253E+00 -4.5736727142307938E+00 -5.9156196907331164E+00 -5.7590762504428596E+00  7.5550914932692566E+00  6.8989154875146042E-01
 -1.3242320387881956E+00 -2.1657386419808147E-01  7.2390957892259730E-02 -9.8317217092399933E-02  3.3864455030028466E+00 -7.9245810196122790E-01
  1.9600480510713594E+00 -3.5140821416553353E-01 -5.3668193354808462E+00  5.4601309495007468E+00  1.0771917595243279E+01 -5.2180441797995929E+00
 -1.7778939925210482E+00  3.1074776242161334E-01  2.2288418941498644E+00 -4.9334699080563721E-01  3.3107950135035140E+00  1.6839597177739380E+00
 -3.4655294762246465E+00  2.9187098968678210E-01  1.9992775647440070E-01 -8.6593566557065771E-01 -4.5291312222443310E+00 -2.3187956641299841E+00
  5.0623218576747844E+00  2.6578867853372917E-01 -4.5248516686903228E-01  5.9914879731088078E-01  1.3863234346726100E-01 -2.5956043432208625E-01
  7.5658070316940662E-01  2.0273150817838748E-01 -2.1611322612959301E+00  1.6748401489866191E-01 -1.7096014629000755E-01 -4.0210280596920273E-01
 -7.8857157714310000E-01 -1.0093434697448567E-01  3.6512817354487095E+00 -2.0952087967415392E-01  1.9499361311017427E-01  9.3995915233097360E-01
 -4.3408214397167792E-02 -2.8994851501610186E-01 -1.2236363720746531E-01  3.4222320229738985E-02  5.9568112812756668E-01 -3.6918328437036942E+00
  2.0185116274043827E-01  8.9616667071503439E-02 -9.0474252209354744E-01  4.9737283236262648E+00 -2.3417002050219107E-01 -1.8361855996272397E-01
 -3.3731842290184644E-01 -2.3315373687325411E-01  1.0102832967040282E-01  7.1545074627090266E-01  6.3891853728032218E-03 -3.1225962728806422E-01
  7.4784954418762639E-01  3.1741074086325654E+00  7.7413850601311784E-01 -3.9704211518313426E+00 -1.1866327308419315E+00  1.5935435527194214E-01
  7.1341766325652339E-02 -3.7334457167550789E-01 -1.7727534013525614E+00 -2.5981745751706073E+00  1.1278061487149851E+00 -5.4822027778083607E-02
 -1.1887894549308902E+00 -6.3916817474701504E-01  2.2560700398541669E+00  3.5903208257885031E+00 -1.0651470298768888E+00 -5.1899558121183598E-01
  1.0361065166670347E+00 -5.4726595184512694E-01 -3.5605657519914591E-01  1.6754323917986058E-01 -1.2622193638900654E+00  3.5879359594325616E-01
  2.5109795181172589E-01  2.9869394812423684E-02  2.6135019652950808E-01 -1.2128059213454603E+00  4.8116034118263764E+00 -1.4712541722747241E+00
 -6.5129650659913070E+00  1.3773532023423947E+00 -1.0744776480570299E+00 -1.3384294197364055E-01 -1.3614983891465231E+00 -2.0675170195924664E-01
 -1.9438993221637992E+00 -2.2307431193596985E+00  2.5286379678039270E+00 -1.2234002523510370E+00 -4.2222693393979860E-01  4.2664563273368661E-01
  2.7392301498897145E+00  3.1782726409294324E+00 -2.8127840412808296E+00  1.2293429190771630E+00  1.8195161061948331E-01 -1.1762046774499226E+00
 -5.3791769186991389E-01  5.2785992705380047E-01 -4.1607966233968885E-01  4.9249286302903417E-01 -1.0834367713186939E-01 -3.5390898685931219E-02
  1.5612847752448307E+00 -7.3629766188280710E-01  9.0664162995327202E-02  9.8804456566187737E-01  8.8952453161812239E-01  7.7350068159675323E-01
 -3.2058742907925558E-01  4.7437058106314767E-01  3.7001798036458887E-02 -1.9231634389771241E-01 -1.1709511550591987E+00 -1.0228021611813425E+00
  3.5315250181847996E-01 -1.7672704924944271E+00 -2.9660687609482757E-02  2.5798996693494386E-01  6.9959357044770118E-02 -3.3016475709709274E-02
 -1.9020794591821141E-02 -1.9685770943744345E-02 -2.5900968528169421E-02 -3.8205778285631369E-02  1.5819685470180568E-02 -2.1437789613044961E-02
  9.6927416810835595E-02 -1.4189702524112918E-01  2.2862504021797103E-01  2.7479297878489978E-01 -2.3941028154946656E-01 -4.4097880487653250E-02
  1.4145942922811899E-01  2.6580922146684696E-02 -7.8074336663197644E-02 -3.4650353494538308E-02 -4.1815420959132252E-02  1.4994075377329963E-01
 -2.2308171394637025E-01  5.1454849445631574E-03 -2.7636037725225926E-01  1.7561150895878244E-01  3.6448509953618813E-01 -3.0018839871985004E-01
  1.1822735058998612E+00 -1.1330829558130140E-01 -2.3728711803082655E-02  1.1644563549014064E-01 -1.3237894857527752E-01  1.2296317216954152E-02
  2.1018272538401241E+00 -1.0749967131281140E+00  1.4181928201932705E+00 -1.0190911627517567E-01  7.1654305247884031E-01  3.3465879383699204E+00
  5.4196674171379078E-02  1.5199932841199804E+00 -1.9653951374894423E+00  1.9556606375643645E-01 -1.6900599753062564E+00 -5.4498278450071149E+00
  2.8577529944104113E-01 -1.3860281148488796E+00  6.5779963362413901E-02  1.6408788696438853E-01 -5.2956686152272447E-02  7.6803491602565235E-02
  6.7096376293379389E-01 -1.3369040185476793E+00 -1.6931294893438426E-01  2.9006583131353697E-01 -2.3437396003317063E-01 -2.4540063535029163E-01
 -2.5479520921048532E-01 -7.7839998546061408E-03  5.1529205080040474E-01  6.4891878823057575E-03 -2.7890438015542102E-01 -2.1612490426632422E-01
 -1.2866046507609355E-01  3.1103593350680026E-01  1.0757610431658841E-01 -5.8114358014239205E-02 -1.2894334188287218E-01  2.7973552666221818E-01
 -4.5694330446340481E-01  1.7721840943461038E-02  3.0126682923831327E-01  7.9399742644503624E-01 -1.4147574316439154E-01  2.7640214946079789E-01
  1.2046369596314364E-01  1.8165842566133548E-02 -6.8522973865582648E-02 -1.1296420786461874E+00  1.6731566858461547E-01 -2.7624840983928650E-01
 -2.0402859856135911E+00 -1.8362822276348688E-02  5.9667709605115769E-02 -1.4308010949655265E-02  7.0154069810198005E-02 -4.8668615144851692E-02
 -9.0335094447648364E-03  9.4739290763387451E-03  1.6430482070819076E-02 -1.0580057079521969E-02  4.7556056037585802E-02  1.6232774973723807E-01
  1.4308846711209022E-01  1.5568211951504138E-01 -8.6205091648062365E-02 -1.5194980088941490E+00  1.7193707145065656E-02 -2.9834056097202560E-02
  3.7243154944866921E-02  2.3784108122438011E-01 -2.5878177836600864E-02 -3.2895770115032696E-02 -1.4718103793809501E-01  1.9867926468061976E+00
  1.0504916024107149E+00 -1.9880620478277150E-01  8.0080676759632069E-02  1.0832471285335349E-01  1.5391250392182187E-01 -6.1392670715834718E+00
 -1.5372837263721524E+00  2.8524776525906448E-01 -8.2623155805575985E-02 -2.7370541283803734E-01  3.5739031374572533E-01  4.2325743773300971E-02
 -8.4059414099945196E-01  2.2703290789412349E-02  7.0069461188704815E-02 -1.4610099705059726E-02  2.8856162210549624E-01 -1.3773828178896119E-01
 -1.1436979988818584E-01  1.0415401136364266E-01 -1.0853824769197004E-01  2.6251400600005139E+00  1.8447749964997555E-03 -4.2595672449414916E-02
 -1.4582105395450793E-02  1.6497272736867265E-02  1.1327978946604922E-02  1.2480704299340172E-01  1.3999271926163808E-02 -8.3192865835292097E-03
 -7.4760901124510629E-02  8.5487491181867337E-01  2.2805979346985519E-01 -1.0958828019480633E+00 -2.6460043666058525E-01 -6.1913414297133866E-02
  1.7388676953167422E-02 -1.5736326499850494E-03  3.2020542327394785E-01  2.8133700468800837E-01 -1.1147973270702606E-02 -1.8534658785676599E-03
 -1.3445174424979103E-02  7.3095442851621338E-03
ORDER     2 BLOCK    10
  4.5462857966584858E-01 -1.5416811892773963E+00  1.8957058531579773E-01  1.0584640667036088E-01  3.4328807001377326E+00  1.5547122681737087E+00
 -2.5417287920794109E+00 -1.3965081575893616E+00 -5.0228699703870106E-01  1.4705569333894877E+00  1.8622980849877080E+00  1.3661184324183038E+00
  9.1213574018179366E-01  6.7391233763567380E-03  1.5015993850545430E+00  2.9329649208944377E+00 -7.4380542960812139E+00 -1.9862281986349837E+00
 -1.8272036370027556E+00  1.1969526461981890E+00 -1.1776107254923085E-01  2.2722332021930502E+00 -2.6040721949919883E+00 -7.0079811315337359E+00
 -5.5168050048019994E+00 -2.9246741792088735E+00  3.2543815296172083E+00 -3.0872680393711954E-01  2.9521273447564672E-01 -1.7842329072672516E+00
  1.1494060870787186E+01  3.8678287124269168E+00 -1.0778203506459714E+00 -3.3765502577524225E+00 -2.4480670290256432E+00 -1.7519527915690400E+00
  2.1267237915990994E-01  5.0144455748031582E+00  3.4163261119691044E+00  2.3244425253243959E+00 -1.8331459235318883E+00  1.6600212775233844E-01
 -5.7288411532561301E-01 -1.5684787460273826E+00  2.6767346780230383E+00 -7.9846330181558089E-01  8.7626714348411705E-01  3.1109958933019537E+00
  2.4576637915088170E-01 -1.7550234921209669E+00 -5.5676802009359416E-01  1.5486258370781993E+00 -4.9620593617394426E-01  2.8327159583329847E-01
  1.0489122842188768E-01  2.5979026952888153E+00  1.2789505353714199E+00 -1.9486692742215641E+00 -1.1948554574733727E+00 -6.2368610062415109E-01
  5.8738225963231395E-02 -1.3694961576179861E-03  6.5740783373454670E-01  8.1501024685035794E-01  9.7710636031850095E-01  1.0304568596627102E+00
 -8.5674740898779378E-01 -1.2379283306249164E-01 -1.6545463440624186E-01 -1.7630775171314728E-01 -7.0686776627603254E-02 -1.2163429583828334E+00
  9.5622062869857560E-01 -1.0415422961754667E-01  3.5582309280826585E-01  1.6239192564782617E-01  9.3885107404464985E-02  1.2343894748054403E-01
 -5.0085180918692712E-02  1.7481650676707722E-01  1.3305347882176233E-01  2.3853123473662696E-02  6.6706072274758310E-01 -2.7904194769683584E-02
 -1.0372858663686120E+00  7.9946508346193101E-02  7.4406081591385620E-02 -2.2277777229122178E-01  1.3595082430097586E-02  2.4015827899928000E-02
  3.8102770491995074E-04  1.1755592772946359E+00  1.6459336143024413E-02  7.7746524289742602E-01  1.9692443701708615E+00  3.7262333376765016E-03
  1.3652996398812332E+00  6.4890223107435743E+00  4.1715168510629299E+00 -6.8778780231659298E-01  1.6621577169950965E+00 -1.0314393887909605E+00
 -9.0414455256231485E-02  3.4406916799038673E-01 -3.2361983875981517E+00  1.4521870477123293E+00  7.8998874925747897E-01  7.9026161837998643E-01
 -1.2350941968647067E+00  2.6221295530910449E-01  7.6555482080233861E-01 -6.4248925734309905E+00  5.6362427233702028E-01  3.5273284126187860E+00
  4.8166388686797146E-01 -4.5712099374498621E-01  9.9099321180126348E-02  9.1461905589876835E+00  6.9874883695900766E-02 -4.4603116847831625E+00
 -4.1977658346219582E-01  7.6707988890514611E-01  7.8483385311270609E-02  1.5550319687824951E-01 -9.1337252716686446E-01  1.2040120317122177E-01
  1.4805698676914511E-01  2.0037724612923624E-01  2.2675257237045218E-01  6.8177065459957509E-01  1.0461943173489312E+00 -1.1240834987342208E+00
  2.0896470619536500E+00 -1.1179079537513872E+00 -1.6461086805720411E+00  5.0050001067653238E-01 -2.8061585950864902E+00  3.2396847209536426E+00
  2.6108856540371286E+00 -6.5470348223637787E-01 -2.6226534656028055E-01  5.7728150907124653E-01 -2.3181523390962555E-01 -1.0645999740563066E+00
  1.8764998569569316E+00  4.2900598253654265E-01 -1.0265757183922637E+00  4.5283667658917126E-01 -2.1420253781705476E-01  5.9980854490325108E-01
  1.2209478282461500E-01  1.0779802138108141E-02  1.3634901724653603E+00 -5.5816395359661986E-01 -6.0879324160401560E-01 -9.0027667991136029E-01
 -1.1095626657652104E-01 -4.7398775940403780E-02 -2.1972846002072979E-01 -4.1240983012444915E-01  3.1927633291644170E-01 -1.7198958960340280E-01
 -1.0608844730570702E-01 -8.3503084172350017E-01 -8.0705556631045383E-01  5.0894900026489420E-01  2.5288237932735019E-01 -9.3842624379475312E-02
 -1.5236783177233265E-01  2.8537599710361750E-01 -3.1120774589309991E-01 -6.0064724944934654E-04  7.7123988419092224E-02  8.5144541681827793E-02
  1.8900982494404492E-01 -4.8833972253595453E-01  6.3331887246904184E-01  3.3604981190668855E-02 -6.5774877139900961E-02 -3.6905764639026284E-02
 -1.3658643861614262E-02  4.2271961159399692E-02  4.7410706394922807E-02 -1.4531235021945348E-02  1.9067073507367430E-02  3.3982205522305707E-02
 -1.2435092024340552E-01 -1.8257179905783547E-01 -4.1285275307943112E-03 -3.5637706219267616E-02 -6.5952805151662616E-02  7.4617000913186807E-02
  1.5236753919035734E-01  6.0270455385139719E-02 -1.3441583120150180E+00 -2.6994223937504881E-02 -2.0751115975262238E-01 -3.4468362063592065E-02
  3.9320735426755324E+00  3.4632505967325714E-02  5.7183515272807614E-02 -3.4789894073393994E-02  4.4221382203766438E-02  1.1249171608126304E-01
  3.5834232553343587E-02  8.6605310646755765E-02  8.8910813561349882E-03  4.2577081864807814E-01 -4.4020588063043847E-01 -1.4798467735270509E-02
 -2.4603947436314039E-01 -6.8428202990255194E-01 -5.2830654952949285E-01  1.6704704949442589E-01  4.2645316495233454E-01 -1.5589185518992993E-01
  1.6846787149176063E+00  1.0302192800657564E-01  5.3040897448939661E-01 -6.1515632567364886E-01  1.2799245526929776E-01  7.6858012836068773E-02
 -1.2925917544694981E-01  2.5171835529158976E-03 -2.3779007593576940E-01 -1.3954664685386990E+00  1.3478957418891353E+00 -1.1455313951915538E-01
  1.1024298638168273E-01  1.1426793916420946E-01  7.0584594715130988E-01  1.9431158923130820E+00 -1.8259070903343182E+00 -3.2620708125188164E-02
  1.9111568732617748E-01 -1.2962547089110013E-01 -2.0973086636363294E+00 -5.9889791078609178E-01 -1.6810847440920682E-01  1.3268207785937167E-01
 -1.0675363564066233E-01  1.8528931151227331E-02 -9.5513613858265545E-01 -1.7306946263485359E-01  2.0574128733749690E+00  4.0897229312668365E-01
  1.0345545571588576E-01 -4.4323418917541774E-01 -1.6825046443107511E-01  8.2131178139985633E-02 -2.5885594213074536E-01  3.0132205739444346E-03
 -1.6624427970487171E-01 -1.4766370808779219E-01  2.3330422719912581E-02  7.2043119986875226E-01  7.0487102431810472E-02  3.1549919450974007E-01
 -1.0222899920834380E-01 -2.2907611058141492E-01 -3.4525355003035268E-01 -3.5014327430871234E-01 -8.7295538594870534E-02  3.0682969011789579E-01
  9.7916118178104783E-01  1.2362041392905540E-01 -4.3445577686166643E-02 -9.6011676316848180E-03  9.2620433162825400E-01 -1.7717319705853962E-01
  3.9627190489755115E-01  4.9886671969040147E-01 -2.5495783859119042E-01  1.3545942460848384E-01  5.7265789144975765E-01 -4.2426177421762195E-03
  2.3696579582350098E-02 -6.9609338805235244E-01  1.8474093819852092E-01 -2.6830382222436827E-01 -2.2618459394312485E+00 -1.0421453190355152E-02
 -2.4121961948377860E-02 -8.8054843729110946E-02 -2.5185007580123400E-02 -4.0536657857347412E-02  1.0138098729564405E-02  2.0334943992400358E-03
  3.0235854143499173E-03  6.0825825322707500E-02 -9.9380923303768021E-02 -1.4520032911333075E-01 -5.0766350217804984E-02  9.2425001262973053E-02
 -1.9610278252760818E-01 -7.1511059582273928E-01  1.0746625412044748E-02  1.0539371700318973E-02  1.4756114888572206E-02 -5.4690991716730992E-03
  1.6798582391084067E-02 -1.5545338091346100E-02 -1.6273948415086401E-01 -5.1572737823440766E+00  8.7113219790767416E-01 -1.4097923663405655E-02
 -1.0101451092389113E-01 -2.7502621530341494E-02  1.4350674580448186E-01  1.4066745594583082E+01 -1.2239367906467462E+00  3.5989412639221209E-02
  1.6018491061748305E-01  5.1474770178570745E-02 -2.6723183663403699E-01 -1.3569897459155472E-01 -1.5472502236115784E-01 -3.8871963367226044E-02
  6.5986208167060814E-02 -1.0476442096213150E-01 -5.1879391421184928E-01  7.8612819111204246E-01 -2.7557266037019201E-01  2.7291352907618044E-01
 -1.1349889137178594E-01  7.8789970116322772E-01 -4.2621935789858480E-03 -3.3965130485423746E-02 -6.7032501270752609E-02  5.0056316858435113E-03
  1.9418296722416094E-02  4.5422384593938693E-02  5.2890789333929607E-02  5.8017942009445005E-03  8.6818258059155138E-03 -9.3837755477404833E-02
 -2.6376659246459795E+00 -3.6980382751125501E-02  1.3518208137608487E-01  2.9612061958539032E-01  6.9818289613229032E+00 -7.1806775466954909E-02
 -2.3684367704947787E-01  1.6635383330323725E-01 -1.1906402664337873E-01  7.3813140007346789E-02  7.4576375570174069E-01 -1.7700816457186377E-01
  1.0933800630709121E+00  2.7108148317750519E-02  2.9339190803139105E-02 -9.5138443762102286E-04  8.4421141508976866E-02 -1.0309592589646292E-01
  7.0767138667567744E-02 -9.6193898954393762E-03  1.8520843694565373E-02
