SURFGEN.GLOBAL Hd COEFFICIENTS FILE V:2.8.8
high order tester                                                                                                                                                                                                                                              
ORDER
    2
COEFFICIENTS
ORDER     0 BLOCK     1
  1.4875042474105260E-01
ORDER     0 BLOCK     4
  1.9601577940589457E-01
ORDER     0 BLOCK     5
  7.1999396358074202E-02
ORDER     0 BLOCK     8
 -4.3789793084157647E-01
ORDER     0 BLOCK    10
  4.5037438881117185E-02
ORDER     1 BLOCK     1
 -6.7043578365578216E-01 -9.2029346597997219E-01  7.2472019203089599E-01 -2.9210899510896806E+00  1.9254730432044811E+00  1.5474790595018906E+00
 -3.1917559256827950E+00  6.9249365453063652E+00  5.5428878427928152E-01  7.3946916397275841E-01 -7.8698216856728495E-02 -7.8634040648924297E-01
 -2.3825484726114406E-02 -2.1042284195220770E-01  1.4258561661156707E-01 -1.3162375664298157E-01  3.8134062183926731E-02  1.4037512410617844E-01
  2.3415079659993870E-02 -5.6113780530640323E-01 -4.6277107656959460E-01  9.1969856627909408E-01 -3.2503711997461284E+00
ORDER     1 BLOCK     2
  1.4453987384584949E-01  6.2506020294568155E-03  2.6737993050656822E-01  8.4797352232894119E-01
ORDER     1 BLOCK     3
 -2.8058384610494653E+00  9.6746947475918088E-01  5.0331146937194999E+00 -2.3148387677686637E+00 -3.3469152977191380E-01 -6.5827284360846214E-02
 -8.6823212961427518E-02 -2.6969671356442646E+00  3.4189258844032799E-01 -1.7081243721800490E-01 -3.7120410925246844E-01  1.2681987338328913E+00
  1.2144961481392968E-01
ORDER     1 BLOCK     4
 -2.0803457978400966E-01  8.5801341734669506E-03  1.0019003500477019E+00 -3.7329001830971875E+00  1.0047343810940415E+00 -9.8636694055554419E-01
 -2.6188368090100198E+00  3.2363224509726014E+00  7.3056496544050764E-01  6.5498726985979390E-03 -1.4003475303941493E-01 -9.9026863140944832E-01
 -4.1560939394872559E-01 -2.3747885702156887E-01  1.4121850959908080E-01 -1.2100150565158480E-01  1.6502719188889364E-01 -2.8217997419849755E-01
  2.7549744910847074E-01 -5.0790270748251476E-01  1.0629659533133389E+00 -8.8815103285121788E-01  1.5223675347606254E+00
ORDER     1 BLOCK     5
  5.3601059233561599E-01 -1.0254636329909004E+00  6.0940510408625981E-01 -1.2623848685208265E+00 -1.5566518437569361E+00  2.8828363467949574E+00
 -1.1152562363776735E+00  1.3365248600684339E+00  1.5818051508590676E+00 -6.6095144647005377E-01  7.8002149599626161E-02  5.3581819209896342E-01
  5.1398576963485498E-01  8.4152102639787535E-02 -2.7112044225173765E-01  1.1682457670076717E-01  1.7767551636484413E-01  1.9643561688995714E-01
  4.8784890339547875E-03 -9.3835527690710085E-01  3.4138701978486419E-01 -3.0574704142687046E+00 -3.6090724291363557E-01
ORDER     1 BLOCK     6
 -1.3220638848098227E+00
ORDER     1 BLOCK     7
  1.5418096702998658E-03 -9.1745931705511773E-03 -3.4886040186591105E-01  2.2794107152136106E-01
ORDER     1 BLOCK     8
 -2.1437524872880984E+00 -1.0131638680523736E+00  9.7404855226876294E-02  2.1563592892597874E+00  7.3857883252916849E+00  5.7518678391283462E+00
 -3.3630250823784511E+00 -3.4823825455185995E+00 -1.4213182137784888E+00 -5.9079413631289701E-01 -2.0118999786784511E-02  3.6430238910501744E-01
 -4.5243685721789273E-01  7.4434380351521878E-01  4.6743132335063703E-01  4.1059234889248158E-01  2.5396890627642034E-02 -1.3573324871136777E-01
  1.4249252942645677E-01  1.1245878876773987E+00 -4.7357518821695227E-01 -2.1986602572540295E+00 -6.5475423821544054E-01
ORDER     1 BLOCK     9
 -1.2878053840478836E+00  8.4044054537027213E-01  3.1285763135709743E+00 -2.1790633915630266E+00 -6.2435380008073560E-01 -1.0584512805445619E-01
  7.7774973494911170E-01  6.4741671700984726E-01  1.4806113877880794E-01 -3.9452144900877051E-01 -3.4703525019923742E-01  7.4509591689974441E-01
 -1.3591832838004458E+00
ORDER     1 BLOCK    10
 -7.2593644167458238E-01 -2.1939685062817720E+00 -9.0943728044518146E-01 -4.1773572035331352E-01  8.3412149590184814E-01  3.7577659252671198E+00
  4.2887724263751705E+00  3.0904578683743844E-01 -1.2141022696048860E+00  1.0748122649529086E+00  8.2398763973470512E-02  1.5960212069393818E-02
  6.9647124744929079E-01 -3.0149448733215500E-01 -2.0018499598471606E-01 -4.2751837154928848E-02  9.5725050494824077E-02 -8.3124119157259688E-02
 -7.3412728989252746E-02 -2.3347974783333139E-01  3.9951110877270152E-01 -1.6683629986083454E-01 -6.3908394067016216E-01
ORDER     2 BLOCK     1
 -1.8515418302551345E+00  1.3372138883291598E+00 -7.5883128348785411E-01  1.1797097164026280E+00  3.1692687430704969E-01 -1.7724572452027247E+00
 -2.5114880087827418E-02  1.5341630455431585E+00 -3.4733524100711032E-02 -1.4428020094042353E+00  2.8740179447096581E-01  4.5223436430652791E-01
 -2.2225627327122610E+00  1.1115145862029263E+00 -1.5288314514391557E+00 -6.3802272576368058E-01  1.6187026342349675E+00  2.4933166265039426E+00
  2.8380295903895179E+00  1.4458607105711725E+00 -6.3838967562347748E-01  4.0425177215463504E-01 -6.9254231866841665E-01  6.8547951185011580E-01
 -3.4880264156424179E-01  2.0559316099876668E+00  1.5366717879055687E+00  6.2528467651671438E-01  2.3626585212372112E-01 -1.4858112053607273E+00
 -3.0239860032654202E+00 -2.8579520913882139E+00 -3.3365878931447250E+00  2.4995177294731867E+00 -3.9158847172837741E-01 -3.9189352822538820E-01
 -9.1192432760236020E-01 -4.5265291453950134E+00  8.2361186262933617E-01  1.5029959340563477E+00 -1.6759427824398141E+00 -1.5137217548164375E-01
 -5.5615789709274638E-02  2.7903137406173195E-01  2.1526369295223255E+00  5.8840598786548204E-01 -1.2051829711730892E-01 -7.4120176133423754E-01
  3.6691276930451622E-01  4.9650231087792768E-01  2.4360311354565459E-01  2.2105005230357819E-01  2.1082337198729950E-01  4.0171926284066911E-01
 -2.4486896734222205E-01 -8.3693905629379173E-01 -1.4484442824394819E-01 -5.1520462260774870E-02  2.7384356850160901E-01 -2.9141273764591313E-01
  2.2443235029840836E-01 -3.1370682751746276E-01  6.9118244490531477E-01 -3.3278219512755292E-01 -1.5020145114633126E-02  7.2073029962375401E-01
 -8.3560234295220714E-01  3.1434282637783484E-01  5.6099094108401241E-02 -5.2471350434735595E-02  1.5273611127007500E-01 -1.1202758149733478E+00
  1.2142132360954729E+00 -2.2313389110892420E-01 -5.6601373893032859E-02  6.9721716368205469E-02 -2.1416602867167298E-01  4.8963322826074240E-02
 -3.3490977511526188E-01 -1.2703708384821658E-01  1.1108250129142382E-01 -7.3322620110326878E-02  1.4309723580798157E+00 -1.9029260460037469E-02
 -2.1647781928311169E+00 -2.5469246040838948E-02 -2.1785861160658664E-02  7.7743970009730101E-02 -3.2587236387626319E-02  4.0103056661075585E-03
 -6.1548023209406335E-05 -1.3047526710832247E+00  3.6903599829692629E-02  2.3383867497485791E+00  1.3009604618915920E+00 -2.3900501464037830E-02
 -1.7825014492507110E+00  1.3275180161606577E+00  1.0307592896931417E-01  4.4906537637193340E+00 -1.3809457423095350E+00 -1.2313337924441298E-01
  4.3678361474733735E-01 -5.7539362812755650E+00  1.3769975512119470E+00  2.5651417640226182E-01 -9.0356176755113538E-01  4.7951673085508167E-01
 -8.3356593717800709E-01 -1.3758099676814203E-01  6.4776132740307546E-01 -5.1430561029959154E-01  5.9468807461166506E-01  1.6859552638972617E+00
 -7.4407886541035395E-01  1.0061094519304956E+00 -1.3273359448246049E+00  1.4161871336493830E+00 -2.0647852908999518E+00 -3.4306976083362346E+00
  1.3184663970827810E+00 -8.1915413516188518E-01  1.2425104091034704E+00 -2.4034641791878883E-01  6.4634657931154027E-01 -2.1144464965131729E-01
 -1.9174443716182829E-01  1.2473228673400009E-01  2.9156095911434303E-02  1.2986652610496238E-01  3.2439989024139809E-01  1.3198143885143596E-01
 -4.9683537574473963E-01  3.1382314917845744E-01  5.2658837918694190E-01 -1.7592905177902043E-01  8.5543867605274870E-01  1.9613547434103626E+00
 -6.7461470839769622E-01  7.2998043361147180E-02  3.8930437904977366E-01  3.9932232423738258E-02  2.4468969830286597E-01 -5.4622624661262553E-01
 -9.9926041515826003E-01 -1.0889810667778961E+00  4.5972376325334086E-01 -2.8571529344006352E-01  9.8093540164119675E-01 -2.2341689928005309E-01
  3.8629350102887394E-01  1.2252716114822062E+00 -7.3641465707423615E-01  5.0326552131201263E-01 -1.6653982436300381E+00  2.5405375719752576E-01
 -4.8601952494742312E-01 -3.0667736930621481E-01  7.9716222320375493E-02  2.7513684070840894E-01  9.3076772459863427E-02 -3.1761540577755371E-01
  2.9111540970114719E-01  1.0724031210589733E+00  6.0006320693828552E-01 -6.3816879677034855E-01  5.8166623397803006E-02  5.6441710044390614E-01
 -2.7575862753160812E-01  2.1910353328435572E-01 -1.4944662397487811E+00  6.5384864355097744E-02 -1.6972211974027322E-02 -7.8318523545678020E-01
  4.0253738838837566E-01 -3.0277238226238712E-01  3.7750501037298578E+00 -6.5256939108934806E-02 -1.0304879319119322E-02 -7.4866657740055020E-02
  7.6733556453682447E-03  4.2681898045917710E-02 -1.7604510958901292E-02 -7.2830133580389284E-02 -4.5026677564303494E-02 -8.9156033174737359E-02
  1.3284330457308388E-02  2.0411187944874809E-01  4.6705543051662031E-02  1.0994856495988270E-01 -1.9453408532497257E-02 -7.3544881598816655E-02
 -1.3546144438702812E-01 -5.8485645530619794E-02  1.3270477152852708E-01  1.2771128443300142E-01  2.1820384193130349E-01  5.8837753301426980E-02
  3.0565763794575884E-01  1.9616415896380600E-02  3.0843766305667417E-02  8.4762750528242833E-03 -2.9663962071333773E-03 -1.9861040434580691E-02
 -1.7584363613666068E-02  8.2820706359529577E-04  4.8463147938773623E-03 -6.3043450312010385E-01 -1.1423321217991132E-01 -2.3533834076010182E-01
 -2.3547714575845938E-01  8.9983560001483609E-01 -1.8977617976330174E-01  3.3892862314586725E-01  8.2656474047641382E-01 -2.0131767253047043E-02
  9.2786195334966215E-01 -4.3059754019408522E-02 -3.6293695692385086E-01  2.8223490336792090E-01  2.1226187389403153E-01 -1.5014434636482574E-01
 -2.1014893674084306E-01 -9.0173672742756023E-03  2.1412650737757033E-01  3.2829052031253231E-01 -5.3521322802699633E-01  1.5586626228565809E-01
  4.5446340599650104E-01 -2.1319717545044434E-01  3.1591632765539113E-01 -4.7189374924379712E-01  7.3827131607416940E-01 -2.1976144513470500E-01
 -7.5179723858442882E-01  3.0802746614763837E-01 -4.7934636431942124E-01  1.6416978421145427E+00 -1.2488906751131795E-01  5.3268229977845714E-02
 -5.3745838189639433E-02  6.3601010978035596E-02 -8.7631704412791320E-02 -3.1358821068889298E-01 -5.9780319473613941E-01 -1.0017364192071229E-01
 -7.3975097625630752E-03  7.7058447666747756E-02  4.8975355140364538E-02  3.1532519999027737E-02 -1.9636298202296629E-01 -1.4398536533795135E-02
  1.1263090026475517E+00 -4.3665257541076657E-01  4.9356113806362525E-02 -3.2945668172855480E-01 -1.3054786179432347E+00  1.7332024400946333E-01
 -5.1214240750799750E-02 -3.6321758687857399E+00 -6.5986731090269413E-03  2.5933212041177073E-01 -7.4777587946759136E-02 -2.7084439707836189E-01
  4.6822238970590185E-01 -3.9078376787717628E-01  3.4529306812962507E-01 -4.8273471475393917E-02  4.8219785990295849E-01 -1.3586638210723542E-01
  4.7150160575178415E-02 -6.0936324407146525E-02  1.2725101468488526E-01 -1.5090254960409497E-01  9.7575047734586484E-01  8.8303700584898368E-03
  5.9015648524939027E-02  5.1961385829772534E-02 -9.7269442764968211E-02  2.4864492374255992E-01 -3.2343876279232688E+00 -1.3691759711175871E-02
 -6.0088867397239065E-02  4.0286139324889773E-02 -4.7209646923701026E-02 -1.9474777652386678E-02  2.2594133694317467E-02 -1.2293080507991494E-02
  7.5857759216696038E-03  1.1377543929436136E-01 -1.9195064307233153E-01 -1.9037391177466623E-01 -2.8418023685648882E-02 -4.4949171019696726E-02
  7.0702380702009113E-02  7.3202050867085289E-01 -2.4134345387712198E-03 -5.5464586675946096E-03 -1.2785069776443359E-01 -1.1466953188492994E-01
  1.3713110128798828E-01  2.7978169754449181E-02  2.9376574838515035E-01 -3.6374584035572108E+00 -6.5366710676235273E-01 -9.8016089922809024E-02
 -1.2921189023114604E-01 -1.2732445831781905E-01 -3.1334173198182597E-01  9.6366467358229730E+00  9.3932412032683388E-01  2.0463609065067151E-01
  1.5949642975807163E-01  1.6663428526849267E-01 -5.2650946253341790E-01  7.6039563567395996E-02 -1.2375237485847497E-01 -7.9853408762136743E-02
  3.5246269768756229E-02 -6.0829867539622440E-02  1.6458426757278716E-01 -1.1947783783394426E-01 -6.4195676452037900E-02 -1.1825188869311348E-01
  1.7436527792243792E-01 -1.7249651661404080E+00 -2.2056131133634027E-02  3.1571186856805995E-02 -1.1170015634079542E-02 -2.6928559138063184E-03
 -1.4594132368846525E-02 -8.5054835254548076E-03 -1.0613330677285388E-02  7.4671220060740688E-03  4.8537365729116530E-03  4.8841891801672316E-01
  3.7029164647300346E+00  1.4995803765845164E-01 -2.1304314147066800E-01 -7.2179765151701392E-01 -1.0175142493669945E+01 -1.6848320708667541E-01
  2.6467854388790590E-01  3.2931713446412228E-03 -3.9542971581854824E-02  2.1890041634129540E-02 -1.2505974026913763E-01  2.0892264403237393E-01
  6.1727213511037480E+00  4.5351307769409280E-02  3.7623256577557697E-02 -1.5637898220867293E-03  2.5918282110391842E-02 -4.7093117185470997E-02
 -2.7997695524509782E-02  1.3381307172773247E-02  5.2901604812505033E-03
ORDER     2 BLOCK     2
  1.8568758719172072E+00 -2.2052739488861004E+00 -1.9389731459592794E+00 -1.7690325440284804E-01 -3.4609868269867712E+00  4.0399584320868573E+00
  1.6603290662749504E+00 -5.4536955744072482E-02  2.0847853621554896E-01  2.5755924607438041E-01  7.4782519223602295E-01 -5.3383757211586960E-02
  3.5122678708449311E-02 -2.7160297353638254E-03 -2.2788724085418845E-02  6.6879330643160873E-02 -4.3392675890094351E-02  1.0173302134070588E-03
  3.0429729385042636E-02  1.8038559346564672E-02 -1.5286666064691817E-03 -5.7513928887711115E-03 -2.2777049952692957E-01 -1.0203792257940700E+00
 -1.0898726920609518E+00 -2.6640928539531181E+00  5.9680312558731574E-02  9.8617992707347546E-01  1.3767244252100783E+00  3.1160845291606467E+00
 -1.0751294042711386E+00 -1.2606546582434484E+00 -6.6580627303567091E-02 -2.4495878482912570E+00 -2.3246736656707747E+00 -1.0690783459887447E+00
 -1.9358838183336857E-01 -3.9664205165072630E-01  6.2228193603948578E-01  2.4380716827176614E+00  2.6461528426865835E+00  2.9447843640058298E+00
  2.3883425003671993E-01 -2.1946435729293726E-02 -5.5498576416116363E-01  1.1055470865662225E+00  1.6979321149610860E+00 -9.5340698082114178E-02
  2.9076298990952881E-01 -1.7795750391170043E-01  1.1129595243736899E-01  2.2391197899871451E+00 -1.8482919494504306E-02  8.9809396580727785E-01
  5.6028312275150349E-01 -2.2639924422673068E+00  6.3917744697892270E-02  2.5803307972795073E+00 -3.0006536812689028E-01 -1.3504867608527673E+00
 -3.9155106798546163E-01  1.0522909093929068E-02 -6.8687942166924676E-01  1.0415946355837060E+00 -2.7970733778839030E-01 -2.4851560710024883E-03
  1.8645504933525064E-01 -7.4361263054557347E-01  1.3014772280789462E+00 -4.8006119876978663E-02  2.1154965334597010E-03 -2.5573055196803005E-02
  1.5044103714411419E-02 -7.3454603100737231E-02 -1.8039756112576560E-02  1.1534513141466542E-03 -2.2014381559209630E-02  2.2057432160262957E-02
 -2.3351467725030875E-01 -1.8073036172035473E-02 -7.3744639262124256E-01 -1.0442392407630017E-02 -1.0356245440176161E-01  2.0839631603683240E-02
  4.3023674854172161E-01 -1.0875724427148510E+00 -6.0705231694490691E-01 -4.1347068787648100E-01 -3.9922929274761373E-03 -6.5975827935205411E-01
  5.8871434719801075E-01  1.8400777680177640E-02  1.9256909781696101E-04  4.6266346941361128E-02 -1.4196244112823192E-01 -8.0861687702969684E-02
 -6.0472916776346912E-02 -6.5703958762422989E-03  1.3094177868792978E-01 -3.4722272969014678E-01  3.6281928443781214E-01 -1.8522602124042181E-01
  5.1048256005373988E-03 -6.4983410954045984E-01  2.6502765960757907E-01
ORDER     2 BLOCK     3
 -1.6306286765189377E+00 -3.8199722983496129E+00  5.8200306914310240E-01  2.0509376528456533E+00 -1.4554003310685393E-01 -8.3545477342651664E-01
 -4.8189872493215331E+00 -5.8393623356052240E+00 -2.4433247696371174E-02  1.1873036461767010E+00  3.9095892657154687E+00 -3.2024076373557880E-01
  2.7427584177298856E+00  5.2515209299273495E+00  2.7011163694426550E+00  2.1647943090827404E+00 -6.9589571955605112E-01  5.2343851499417504E-01
 -2.2210059161236999E+00  4.7017699906298063E+00 -1.8764101533151659E-01  1.0956755724911801E-01  4.5113646646768109E+00 -2.1804376838157746E+00
  2.9666418218887163E+00 -1.2597666505757720E+01  6.0736512843327164E+00  6.5323429769178132E+00 -5.5101268100045786E+00 -5.2641451968794923E+00
 -8.7488968321816996E-01  2.4917981145668935E-01  1.5732434590275253E+00 -3.9163225673798728E-02 -2.3654987162636147E+00  1.8847390093547707E+00
  1.8811808493930158E+00  2.5658232584751123E-01 -8.8490995294905206E-01 -4.0815983507392507E-03  3.6588276090682395E+00 -3.3454535829487662E+00
 -2.3005068382052705E+00 -6.8707944407819321E-01  1.0272420153673225E+00 -1.9127479453002841E-01  6.9557533768260260E-01  9.6619468793971530E-01
  4.3213901719685788E-01  1.6247994732133730E+00 -1.0591621655405958E+00 -3.6234109119335431E-02 -1.2466719004761584E-01 -9.4833095075735152E-01
 -6.4053836567691491E-01 -2.5489704251459524E+00  1.3560170496747799E+00  2.4971893439476523E-02  1.4873443616155574E-01  1.5130143698681646E+00
  3.2731836134371722E-01 -2.0212676370439553E-01 -2.9077361792383782E-01  1.4036294929808232E-01 -4.2847568663329519E-02  1.1165101684401202E+00
  2.5548082275708294E-04  1.2512915184066917E-01 -2.0196776380741049E-01 -1.5029849136659716E+00  1.5109400122984717E-01 -2.2644810872588167E-01
  1.0109799677702063E+00  1.0151729429773518E-01  2.5090549781904697E-01  1.0855552436871858E+00 -1.6270351406613499E-02 -1.9900703508237880E+00
  1.2218406971534534E+00 -1.2478369326994920E+00 -7.1612292260979371E-02  1.7304598919292791E+00  2.2368586950039054E-01 -3.5899818247476556E-01
 -7.3750213511772370E-02 -4.4231676663822508E-02  7.0055058895636801E-01  7.9472767329050342E-01  5.2001908969897421E+00  2.8636969247746906E+00
  2.1731277534647078E-01  3.4737013945698969E-01 -5.8630616337155095E-01 -7.9919549647060462E-01 -5.3065398868893405E+00 -2.7761676152568229E+00
 -6.0685035145918664E-01 -1.5669498549544367E+00 -1.5527373832407239E+00  1.4617333701364110E+00 -1.6424332504768409E+00 -5.8493950111747066E-02
 -1.8930775567108392E-02  1.7065588111970766E-02  6.1919984384733373E-01 -6.7601993813390360E-01 -1.1185469568266053E+00 -5.3150511930583275E-02
  1.8585118263292866E+00 -1.8505851117481709E-01  1.4246864728317976E-01 -5.5256103699187598E-01 -7.2106788346248691E-03  3.0188563759298801E+00
 -2.9325320866891254E+00 -3.8944918607672302E-01  1.0905894644314362E+00 -5.5815412551673926E-01 -1.3099645629455373E-01 -1.5928899643224534E+00
  5.7545391907763541E+00  6.1314788118979846E-01 -1.8989654066126731E+00  5.6789313848618483E-01  1.2480508685552352E-01  2.5538359177279912E+00
  5.4008962029060963E-02 -4.0672715524557962E-01 -1.5312898651116147E-01  8.0921258978772379E-02 -1.9453915337537053E-01 -1.8807800609076647E-01
 -2.2394680885180338E-01  8.9214354715146060E-01 -5.1523169143844649E-01  2.1916313361790768E-01  1.3194600556808134E-01  9.3530748567282107E-01
 -5.5353169603468244E-01  3.8397975437850991E+00  2.4281952696088974E-02  3.1189570515323554E-02 -1.0279710741266061E-01 -1.2921557999250919E+00
  7.8914350444092907E-01 -1.0392981676080998E+01 -2.1319078367734494E-02  2.3332387640224453E-02 -6.0020307585236356E-03  1.0481958025709970E-01
 -1.0803372417074587E-01 -7.7798636905297619E-02  5.4298218179383378E-02 -1.3907631180828472E-02 -1.4414037807835983E-01  3.2836697316533381E-02
  2.4536626920342620E-02 -8.0602213105345558E-02  1.6112379682932838E-03  1.6371920126486572E-01 -9.1837733114659159E-01 -7.9879507525020071E-02
  1.3393118185005510E+00  1.1388979145522572E-01  4.8416154279056850E-02  6.4727716364408397E-02  4.5593094231257347E-02 -6.8859553156593520E-02
 -1.6304910518878099E-01  1.0550966885156762E-02 -8.7483549507770719E-01 -1.4956502838295367E+00  1.3674452079111779E+00  2.4397996866043714E+00
 -1.3590259602512084E-01  2.5326738563992746E-01  4.5300314374464856E-02  6.4326682901853405E-01  1.7617858689759963E-01  2.5510970559546514E-02
 -2.3637029449433902E+00  1.2972344382226039E-01 -9.1094848833440423E-01  1.8855617376700988E+00  2.0160835157584486E-02  4.4775180719039769E+00
 -2.3109364112329622E+00 -1.3554757882884336E-01  1.2083272479643949E+00 -2.9936499943696644E+00  8.9939018425689021E-03 -7.5175353975353101E+00
  5.9724541091755856E-01  4.2406221818792900E-01 -2.5251162448481168E-01 -1.0343903265932659E-01 -4.5312654179039347E-02 -5.3644098911069235E-02
 -2.5097531636393794E-01 -2.7796349961620703E+00  2.5205037482876747E-01 -3.6399753155888603E-01 -3.5743027433537061E-01  2.8976627051871578E-01
  3.9757638505610160E-01 -2.9596530210353637E-02  7.1433859947847578E-01  3.0825668637340909E-03 -1.2677629922529066E-01 -4.1242464573984911E-01
  1.7888649866146994E-01  1.6820043748841201E-01  1.2048309809345219E-01 -2.1687639553425606E-02  2.5027342672221198E-01 -1.5024836237420545E+00
 -3.2572883857788108E-02  8.1215714259026319E-03  4.1617097418520632E-01 -2.1383284061563679E-01  8.5722579726795145E-02 -4.6556264070752507E-01
  5.0934202480081281E-01 -1.8287379736539891E-02  7.3120161171178116E-02  3.0137807263171018E-01 -7.9302188256497888E-02  6.7189329416927013E-01
 -1.7903771367718702E+00  5.5835855293592893E-03 -9.2516295767658269E-02 -4.9915839537740980E-02 -4.4526821334749223E-02 -6.4581482569104745E-02
  9.3378122256429566E-03 -5.9762072925455779E-03  1.2862366004580184E-02  1.0449695809297464E-01  1.8417181221271332E-02  8.2339247225447828E-03
 -5.2188401094366406E-02  1.2662113579479633E-03  7.1290053822810992E-02 -2.5045044593041075E+00 -6.9529027071447806E-03 -3.5294382905020146E-03
  1.4266006343572274E-02 -5.6893457236592504E-02 -4.8311535333671031E-02 -2.0848112120611844E-03 -3.7394580841198971E-01  5.3157955357568532E-01
  5.0313561626513470E-01  7.7473378258857029E-02 -3.9348598866156309E-01 -5.0920705543194400E-01  5.5208183585500914E-01 -1.1376720211802227E+00
 -7.1588972804672224E-01 -8.8755297305504577E-02  4.4034441552397224E-01  6.6767635366284561E-01 -2.4135322579649382E-01  1.5600294832435571E-01
 -2.8864081138598049E-04  1.3110810386024430E-01 -1.9237050466397657E-01  1.3655691252747604E-01 -2.7298777750199548E-03 -1.9558313910277708E-01
  7.5914259944171170E-01  4.7544743555970298E-02 -8.6787133744381559E-02 -5.1719076595102997E-02  4.9888286912435582E-02 -6.1791809785871184E-02
  8.8946488815803429E-02  3.9707063199101174E-02  2.2329440538063822E-01 -1.8550355333776866E-01 -5.5912655108782343E-02  1.4303960883917395E-02
  1.0417761613285111E-02  3.1611900065729437E-01 -1.5207306114432501E-01 -4.5780256879892389E-01  9.7982050219141942E-02 -4.1116499008279576E-03
 -5.5835343732203925E-02 -6.3876353400722466E-02 -7.2676897177023539E-02  1.2809778076970130E-01 -5.0730409506584660E-02  2.5044188701086604E-02
  4.0894577991527001E-03  3.8839859928855899E-02
ORDER     2 BLOCK     4
 -1.0921587595293856E+00 -4.1694481855679805E-01  1.8699937192786062E-01  1.4691335756358748E+00 -1.3213899413474173E-01 -1.0672552541059137E+00
  1.4931684552795503E+00  1.7664154358007556E-01  1.4215205388768029E+00 -2.0410538875326520E+00  1.3212348147159083E+00 -6.7271349220407151E-01
 -5.8601624199744584E-01  6.9158915158112155E-01  3.5633197152873231E-01  1.5300291473033054E+00 -1.2169726736202575E+00  1.6008653927821170E+00
  3.0211725603774564E+00 -3.5535843943114953E-01 -7.8895032116682784E-01 -1.9828401098392987E+00 -1.9211356567730478E+00 -1.5442762635854146E+00
 -8.0870064307590883E-01  1.4459403645365621E+00 -1.7995312546510183E+00  1.9262643339329266E-02 -7.3987979343149823E-01 -3.7755151793055075E-01
  2.0028340902421982E+00 -2.1477316121817780E+00  2.7682170174140333E+00  1.3521560777949229E+00 -1.7971423990759499E+00  2.6278570422194808E-01
 -5.6655450862309387E-01 -1.2082796815030099E+00  2.6049655331604082E+00  5.7329410757121380E-01 -3.3720530491371831E-01  1.7465614198518933E+00
 -8.2555550338164008E-01  1.1461664950725534E+00  1.5671706803384639E-01 -2.8642418931939511E+00  7.4816650891448555E-01 -1.6800679712615316E+00
  2.5181561821395670E-01 -9.5606006376847052E-01  7.2283334236615637E-01  6.0568696108494491E-01  2.0594225258922677E-01  1.5874822128404407E+00
  3.7361346219390462E-01  1.8124387682996823E+00 -9.8295668173920148E-01 -7.2658811351392838E-01  6.0509942225880564E-01 -1.7527200083762586E+00
 -2.7326138767603192E-01  1.9499945429822843E-01  1.3754155122574576E+00  3.1847676306559158E-01  1.7298471308498173E+00  1.5716758087179439E-01
 -3.3816482297058376E-01  3.2715453503397207E-01  5.6225350771573812E-02 -1.7012729508590704E-01 -8.4739870158275915E-02 -9.4448707736330864E-02
  5.5338105537022264E-01 -4.9338957521167182E-01 -2.7503358497716932E-02  2.2212426014458966E-01  4.1787401664668863E-02  2.4916149854065298E-01
 -5.2746799473234951E-01  4.2510908900439481E-01  7.9195779585767387E-02  1.3062537134343960E-01  3.9040483730953263E-01 -3.3995841377726745E-02
 -5.8236479092639981E-01 -5.8103715270975513E-02 -3.5853235548052187E-01 -2.2455615891368547E-01 -7.8600191910786654E-02 -8.9098480225245323E-03
  4.5749330748451133E-04 -7.9812110715401996E-01  2.0195838459242096E-02 -1.3200295773555994E+00  6.3429516614704506E-01 -4.9430472834616573E-05
  1.6814760959875983E+00  3.8008689447434856E+00  4.7837909571691410E+00  8.9889729615117204E+00 -3.1145172837762019E+00  3.8961544626747618E-01
  7.3926828299281566E-01 -1.2721934131867942E+01  2.0857847356938404E+00 -4.1901173172882855E-01 -9.1849144729392929E-01  1.3532334615526513E+00
 -2.5709641965879793E+00 -1.5208132682897449E-01 -1.3494376928868629E-01  5.7011193477757682E-01 -4.4388362255425582E+00 -1.7011763587040936E+00
 -1.6772372742645627E+00  6.0279343542339314E-01 -3.9058291813555462E-01 -3.9340925989914222E-01  6.2297537209503808E+00  2.9017423171628893E+00
  1.8172617537149032E+00 -6.8111662136145767E-01  8.9358287465738861E-01  1.1815797147339002E+00  6.8734594944735128E-01 -1.5064798870617663E-01
 -4.2681464457914448E-01  7.1809467364729609E-02  1.8354636267113075E-01 -4.9936611443778112E-01  6.6433829736772351E-02 -1.1317263010236929E+00
  1.1947846928717456E+00  4.2314667258875721E-01  6.5093292604886233E-01  3.7465399728651561E-01 -1.6245927075757181E+00 -1.8014152476008933E+00
 -4.8987281585046960E-01 -4.4641804447590816E-01  5.0292654349990107E-01 -5.9167685652487055E-02  1.1200164493031012E-01 -2.5190518353254201E+00
  2.9924941211804279E-01 -6.9156055676196593E-01 -5.4966651404569344E-01  4.8859512601478139E-02 -2.7500443503146665E-01 -2.0836115990397874E-01
 -4.8614685762122672E-01  1.8455840880926992E+00  8.1225090903500952E-01 -1.7157792671232586E-01 -5.9605978613413650E-02  2.8179192773696365E-01
  6.8638037633395244E-01 -2.5040230590170257E-02 -3.4961697078311721E-01 -2.9461326974060849E-02  3.0789220181181759E-01 -1.3734697194656106E-01
  2.0262944939446886E-01  2.0779658492260094E+00  3.3485282878234118E-01 -9.4349489879832604E-01  1.2229442498874948E-01 -1.8606086502913421E-01
  3.1377986052984780E-01 -1.6430236312481103E-01  6.9329672189853164E-01 -1.0992634930407839E-02  4.9772513113806351E-02  3.0572731970764422E-01
 -4.3815510110751749E-01  2.3715343582148540E-01 -2.2712809587843603E+00  3.6946531821222101E-03 -5.9577029498428108E-02  4.1272724539298984E-02
 -6.4889200987820195E-02 -1.4442714020835409E-02  2.4256029017249749E-02 -2.3763080159939692E-02 -9.6016775534117258E-04 -7.4001653701129017E-02
 -7.3605296663001543E-02 -2.2880711664665498E-02  2.8873364962196963E-03 -1.7290048140444447E-02  9.5583900014895085E-02 -6.2467671005928406E-02
  7.6440936294373030E-01  1.1099608372003636E-01 -1.6027764540350389E-01  9.3220787925502466E-02 -1.0055097769157781E+00 -1.3552449984078538E-01
  7.0016271210543712E-01  1.1950722032397212E-01  9.9225599145097571E-02  3.2296035941802914E-02 -8.1116488594924013E-02 -8.9012364779964326E-02
  1.8740322303891774E-01 -6.5838119710504052E-03  1.2284337833426914E-02  1.0091782479930902E+00  3.0099394054060091E-01 -4.5408836213539958E-02
 -5.2897104936390471E-01 -1.2949486073615222E+00  4.5638703029855915E-01 -7.8629913381004696E-02  3.4616561784413091E-01  2.3765075204762115E-01
  2.0900865594561702E+00 -1.2160868133315027E-01 -1.2106129177757412E+00 -4.8939876094785928E-01  2.6770811179419342E-02  2.4791847392618269E-01
  1.4932451306154690E-02  8.1035252828347532E-02  3.0071428354962176E-01 -2.2854147016742501E+00  5.3146765865747014E-01 -3.6303457778256243E-01
  1.0638595814524705E+00 -2.3249407428584948E-02 -4.9896769171810673E-01  3.1696750280386201E+00 -7.2509350068346712E-01  6.2474112849292374E-01
 -1.9919781814315565E+00  1.8174673116395191E-02  1.3864884321524833E+00 -1.6889726912122878E+00 -1.5656139662099635E-02 -1.5978537805408299E-01
  1.7966917331684679E-01 -1.4851547404743155E-02 -2.5528905157241211E-01  8.4491836499631845E-01 -9.3369238454278602E-01  1.7695893370794871E-01
  1.3630488054459955E-01 -5.0047432928640412E-01 -2.4539827603733388E-01 -1.2328578050728494E-02  4.0173358490636668E-01 -1.9420930903220637E-02
  3.8455286802461308E-01 -1.0663869997592197E+00  1.4955688261583364E-01 -4.0215952673126241E+00 -6.5787093204351665E-01  1.4507184089879661E+00
 -3.4818883199090350E-02 -1.8613059108431895E+00 -3.7490627883495936E-01 -3.1474214345815127E-01 -1.7519919240649043E-01 -6.3519219318634312E-01
 -1.5095954077002662E+00 -9.6482568295057053E-02 -2.6360965042102676E-02 -4.9708407206438959E-02 -7.8379165413375515E-03 -1.1341791014958552E-01
 -2.9408608407782427E-01  3.1309816515167893E-01 -1.5529073965227977E-01 -1.4685142099786433E-01 -1.0868478778296496E-01 -8.2384842037528536E-02
  2.6332284317965630E-02 -4.6846637651441009E-01  2.6405627483213434E-01  1.9956254542330076E-01  9.5762601374967804E-01  7.9403256108426468E-02
 -2.6270559877253651E-02  1.4917631568394131E-02  4.3326842064331924E-03 -2.3430655282741953E-02  2.2473739135449353E-02 -9.3091450782711426E-03
 -3.5140788062368380E-03  2.5583533624046122E-02 -1.9758523300067700E-02  2.0077945427878770E-02 -4.1375967493249434E-02  2.6386354625972615E-02
  1.0398899646021976E-03 -1.9104229071506813E+00 -8.5912427465375165E-03  1.3966627715133776E-02  1.7871823921225211E-01  2.6241833696080746E-01
 -2.3292234136393339E-01  3.1405598989486382E-02 -4.8718481082484097E-02  3.4735028536802290E+00 -1.5939248681732876E-01  3.5310759373808326E-01
 -2.1766790577573666E-01  2.3010711966422820E-02 -4.8660273947258706E-02 -9.8671603494815781E+00  2.0317836252624044E-01 -5.2020975060886510E-01
  3.0427894388779014E-01 -2.5014296266295300E-02  1.0477368856730687E-01 -5.4811321841906832E-02 -1.6865728271500099E-01  9.1185666039390517E-02
 -4.8935710359864361E-02  3.0519973629845744E-02  4.2867794896186417E-02 -4.6052253276626809E-01  5.0265063613849241E-02  2.4650402247864901E-03
 -4.3076360074594866E-02  2.0961024580293852E+00  3.3415157771214718E-02 -4.1756002512567419E-02 -5.2125848123728696E-02  8.3384375919394821E-02
  1.2135927732995636E-01 -7.7642769450753435E-02  5.0549541332239177E-02 -4.2106603875249362E-04  2.6427537816871412E-02 -9.9023090434718020E-02
 -4.9530404280125442E+00 -4.9347766057814928E-03  3.5588322813561897E-02  2.5956367414811282E-01  1.3534284936821388E+01  2.3577616031352631E-02
 -5.9495914928899073E-02  1.5234129923986536E-01 -4.9806173193692085E-02  4.0515236026200559E-03 -1.9839342665174028E-01  1.0541224765769495E-01
 -3.2128020409111913E+00  2.5714999436349219E-02 -3.7418993177348155E-02  3.1643209231214935E-02 -7.3302228721638539E-04 -8.9363501279644028E-02
 -8.1148388930374599E-02 -8.3852847175248154E-03  9.7837471801205320E-03
ORDER     2 BLOCK     5
  4.9358808200714716E-01 -2.5816477188019282E-02  5.9092736025669390E-01 -2.5786314236917591E+00 -2.0189534071818511E+00 -1.0775194868525479E+00
 -1.2035418828727082E+00  2.0494079529961989E-01 -8.5056640283180951E-01 -1.8952147790118865E-01  2.1244756377556677E+00 -6.8717263129760275E-01
 -9.5799173766987732E-03  1.1405648639142725E-01  1.3911211449480074E-01 -1.5407774522740123E+00  3.9400303417232014E+00  1.4830098989400848E+00
  7.3563923476694659E-01 -6.4514427820698872E-01  1.3481734211672542E+00  1.9575204794891081E+00 -2.7477695473586827E+00  2.1541448716014049E+00
  3.0409812189681862E+00  9.6961644862123397E-01  2.5743709480041579E+00  1.7856114125675372E-02  3.5266158624592070E-01  1.1997176069743876E+00
 -6.4903725566381683E+00 -1.3359855098808628E+00 -4.5448602406934704E+00  1.7449393605755923E+00 -2.2932457669038970E+00  7.5005413067193860E-01
 -1.0558061405551346E-01 -4.3451760110076965E+00  2.9745796572993344E+00 -9.7927775997854816E-01 -4.1096139151676212E+00 -1.1421333427211200E+00
  1.2244008074245323E-01  9.9266446693294896E-01  5.8187117973106037E+00  1.2901438154275928E+00 -1.7794355603664755E-01 -1.7223475185951640E+00
 -1.3882089200533052E+00  7.0123553990081011E-01 -1.2815822592587600E+00  7.5141080320797926E-01  1.9191757845667381E+00  2.6427986141694759E-01
  1.3128605063251605E-01 -1.7212047034431859E+00  2.2263576419747286E+00 -1.0526720728010868E+00 -2.6861664443291908E+00 -1.5683700070886539E-01
 -1.8970742714711009E-01  7.3699917327883346E-01 -1.1599882956436576E+00  3.8953712680589830E-01  1.4190368807781082E+00 -9.4334310712756511E-02
 -3.3257028532917876E-01 -5.6352204602434364E-01 -5.0179308748645152E-02  4.6218006324785503E-02  1.3433285268849823E-01  3.1760208379746813E-01
  3.6985354281655575E-01  7.3037677322246741E-01  4.1580696967254360E-02 -6.1551288638377714E-02 -9.4786150214050874E-02 -4.3142636784106164E-01
  4.5192129674308229E-01 -2.0453907373287467E-01  4.3465464767666419E-02  4.7114531055811322E-02 -4.1226670786518477E-01  1.2754968454896506E-01
  4.9223649379912393E-01 -1.0629344877598676E-01 -1.9446032923640988E-01  8.6401814979283186E-03 -3.5005500957295731E-02 -6.6068935381909163E-03
 -3.4864555050166007E-04 -1.1030760267259283E+00 -8.8092353457231067E-03 -2.8389172645447358E+00  1.6767992436137256E+00 -1.8753487890670332E-02
  1.8359669777001679E+00 -1.4898677745582753E+00 -8.1267482615601372E-01 -2.8857228908800243E+00  2.2655111232504428E+00  2.5743769497781882E-01
  1.6003481265290725E-01  3.2998472847030706E+00 -2.7603878093037824E+00 -4.6528429818699790E-01 -3.6595020721136101E-01 -3.3584500816637869E-01
 -3.1818899603595729E-01  2.3531033297867843E-01 -1.0807162498065817E+00 -7.8302286266437813E+00  4.0007479112593094E+00 -2.9181240169618285E+00
  1.3726237146994400E+00  5.7220874745240513E-01  1.2972344963222471E+00  9.4697176039938373E+00 -4.0422513484522025E+00  4.2466476074270156E+00
 -1.1395957803915402E+00 -5.5955866312286939E-01 -1.0346135285187095E+00  8.7599566381953275E-01 -1.4350454879695229E+00  1.0200996240722766E+00
 -2.0066312293520353E-01  2.7233776501481710E-01 -8.5852530660312634E-02 -9.0479978213914147E-01  5.8797580782112592E-03 -4.5495044743805946E-01
  5.5040972726834070E-01 -1.6303555176610063E+00 -5.8184079573853731E-01  6.7096062471336138E-01 -7.6942805608280118E-01  3.6022976079634432E+00
  4.3379013125091070E-01 -6.8823892323730707E-01 -4.4818853543279918E-01  5.9983352725943284E-01 -1.7700002886293525E-01  1.1708497394073036E+00
  2.9611100404477703E-02  1.3898051432875884E+00 -1.9815816837945152E-01 -5.4663149917711185E-01  5.7560038309276439E-02 -3.4511494984896546E-01
 -1.4992741314397189E-02 -7.4143932633190968E-02  4.3062317642873288E-01  7.9477785461446626E-01 -5.1964340610211290E-01  3.2894361677401357E-01
 -6.4827636511977027E-01  8.9771710739999455E-02 -2.4590175982550513E-01 -6.9257272140141504E-02  1.9398815829281396E-01 -1.0160251867705161E-01
 -3.1224608884274696E-01 -1.5645617984672116E+00 -3.1031589948605944E+00  3.4245024342548920E+00  6.5852797725953663E-02  2.2327099509904108E-01
 -5.9938278330070049E-01  8.0351655237532543E-02 -2.9189284685809572E-02 -3.3531041665814922E-02 -2.9545055299058331E-02 -2.7904692259746633E-01
  7.3737691764838742E-01 -4.0560115727190378E-02 -1.5066055387344446E-01  3.2563388007505169E-02  2.6175644132232067E-02  1.0942904781783387E-01
 -8.9558116312179595E-02 -5.2598150933006939E-02  3.1807364960042646E-03  6.6135899705514868E-03 -1.0787801261963367E-02  1.9127263755227220E-02
 -3.3078878371940325E-02  2.9063632116612566E-02  6.9482023352739397E-02  8.2485142128271904E-02 -2.5534632159514065E-01  5.3188073600817634E-02
 -6.3411984819182528E-03 -1.6386120863746752E-02 -6.7776441862206027E-01 -3.7947671133424524E-02 -6.6884374708525707E-02  1.6383253689389095E-02
  2.2625390003824513E+00 -3.5671384959422771E-02  5.5171265697399802E-02  7.7307005987767262E-03 -1.1049007206533611E-02  8.8977432241802868E-03
 -5.7182944854077725E-02  3.6724351553349965E-02  1.2891974211374002E-02 -1.3522932492854165E+00 -4.2367092493826464E-01  3.9226495575815845E-01
  1.3030752081730386E+00  1.8744904676911629E+00 -1.1079738243513351E+00 -6.1262900143426502E-01 -2.6235284681653237E+00 -9.2167696161605198E-03
 -9.6318020192923204E-01  1.4852811280318366E-03 -5.6120388758875317E-01 -1.6393177538875620E-01  7.3702489133015192E-02 -3.1003505848321594E-01
  1.5417920073114161E-01  4.1318953221001729E-02 -4.0662889820297271E-01 -4.2069488479084360E-01  3.8055688003357353E-02 -2.9882660102361819E-01
  5.3825380206961315E-01  1.0445605000704540E-01 -3.0915636029099769E-01  5.5369940204604295E-01 -5.6029747344904512E-02  4.8991648903940327E-01
 -1.3300988267912868E+00 -1.2614933418505483E-01 -1.4793198416590264E-01 -3.8281692317535199E-01  4.4584832268879313E-02 -4.6190004518296079E-04
 -1.9902159267895923E-02 -1.3275057427189771E-02  2.9225051783299072E-01 -2.3662167292052819E-01 -2.7895403834282362E-01  1.4149181589168149E-02
  1.6388503774235871E-01 -1.3221157298221248E-01 -8.1816355222837728E-02  8.1320170224799520E-03 -2.5938111724079074E-02 -2.9052515609015407E-03
  2.1276791570719888E+00  1.1527810614903546E+00 -2.4960251112257570E-01 -8.8210883380700622E-01 -3.0638683022589595E+00 -1.4579253640868877E+00
  2.0063983052523948E-01 -7.5439973570948471E-01  7.1502806033056004E-02 -6.6973375019953951E-01  5.2606674801433599E-02 -1.5852281139735197E-01
  9.1614438427804201E-01  4.3967195869325865E-01  3.2694234997593635E-01 -3.8175391260295087E-02  4.6584213561755500E-01  4.1990241030373909E-02
  8.6273694244561674E-02  1.7906602454955609E-01 -2.9501933621990989E-01  1.2249119296546028E-01  2.0036513154113953E+00 -2.0480321280664092E-02
 -2.5421397043883125E-02 -2.4687083192839104E-01  3.7182854294622775E-01 -1.8664611594646602E-01 -8.2985229579696469E+00  1.6262994368156196E-02
  2.6511267922478095E-02 -1.9021805176875590E-02  4.2461715675776203E-02  5.3347520251473236E-04  1.3171033917636779E-02 -1.6031675738296405E-02
 -3.1881890675327317E-03  5.3045073580397145E-02 -7.8691734640125202E-02 -1.2805475735925397E-02  2.7891305720559724E-03  5.0845984939834991E-02
 -1.6455232474041998E-01 -6.3856690361498547E-01 -4.7889780265787524E-03 -2.7199195279734899E-03 -2.6728274781631922E-03 -1.1577694706380096E-02
  7.6901495428190452E-03 -3.0605298845080967E-03 -3.8860792293453500E-01  9.8250926131308560E+00 -6.6787720620728061E-02  2.7668118672765857E-01
  6.5982153563455437E-02  1.5729930550671542E-01  5.1571237437869877E-01 -2.6986749388178794E+01  5.5450281025860700E-02 -3.8851468779310083E-01
 -8.6205019083772552E-02 -1.8675952511200050E-01 -1.5643832825879872E-01 -3.2564019010273454E-01  4.6017036736180683E-01  5.1075507126899865E-02
 -7.2719298047078787E-02 -1.0468412250297994E-02 -5.9694301495242692E-03 -7.3763508112589127E-01  1.7718464271751710E-01 -2.7446657791231607E-02
 -1.2716858997991154E-01  6.1874742052680052E+00  2.5291109713388420E-02  2.2688637335263246E-03 -2.5662294333654980E-04  1.2135741791717712E-02
  1.0296638314173897E-03  6.3377076234890084E-03  6.0358262551492209E-02  5.7849768928056023E-04 -7.7682898859009119E-03 -6.9412354538047494E-01
  2.5274506598780677E+00  1.7665211798439953E-01  3.1067723436333355E-01  9.8243652705169615E-01 -6.6220441299389146E+00 -2.0872632301151081E-01
 -5.4522486248900093E-01 -7.1860213075235116E-02  5.3004421264721002E-01 -2.6263075112887092E-02 -5.5267764332526181E-01 -2.1262159869855349E-01
  1.0381428775705193E+00 -9.5618352739920323E-02 -2.1430068707342091E-02  1.0571463299429392E-02  1.2818366105469639E-02  8.8392286263825372E-03
 -1.0948708872152947E-01  1.5782117831796144E-02  7.4208989065564484E-03
ORDER     2 BLOCK     6
 -2.3330479599374865E-01  6.2228279463223957E-01  5.5512239858253487E-01 -3.6337902383472492E-01  2.6750433373568472E-01  1.3440835661638104E-02
 -5.1339944628198708E-01  3.3193936794100633E-03  1.4019878697061554E-02 -1.4203205950471181E-02 -1.7753875388971139E-02 -1.4492548228320235E-03
  4.5211906827896213E-03  1.8473660920807734E-03 -8.0652214385257928E+00 -3.9813112317170590E-01  1.0330375155694460E+01  1.1403920560276468E+00
  5.5282882808264633E-01 -6.9986691321855221E-01 -3.1000612733619370E-01  1.0126961558337342E+01  5.5347613163795426E+00 -4.6769244060934865E+00
  1.0985186494761578E+00 -1.1931536493135830E-02 -4.4279899047675286E-01 -1.4229344673496986E+01 -8.2700696856606388E+00  7.9743161996447993E+00
 -2.6486683169931329E+00 -6.6227366981723268E-01  4.7142638145787519E-01 -7.5738211827023250E-01  3.5671689966991821E-01 -1.0292147070884861E+00
  3.1521254334897725E-01 -8.7773544107900414E-01 -1.4550844601035798E-02  1.0266900600865636E+00  1.8476898997370625E+00 -1.6241273832045731E-02
 -1.4441834995971696E+00 -4.4143401779903391E-01 -1.2855456656505921E+00 -5.8253737190672017E-01 -5.5544109166566824E-01 -1.0094462133571879E-02
 -3.2933373467194702E+00  2.1166088461859789E+00  5.4443743743139206E-01  1.2558535645648657E-02  6.5172125200774287E-04 -7.0935878865447513E-02
 -3.3446438078669663E-02 -1.8232214979341890E-01 -1.9447483930318715E-01 -7.7116076398817041E-02  4.8715939269889963E-01  6.6622168436032475E-03
  3.1829056991046345E-01  4.6741911980620199E-01  2.3273514373996163E-01 -4.9902469192180254E-01 -2.1814090714538173E-02 -1.6671748915027870E-05
 -1.6612146378454970E-01 -3.1777597646648476E-03 -1.5394553868164240E-01 -4.6009074425631291E-01  2.5784758227803814E-04 -1.8946718772155002E-01
  4.0729800330135363E-01  7.9439860873311885E-01 -1.1216080737205759E-01
ORDER     2 BLOCK     7
 -2.9507126103709544E+00  5.7901487029209404E+00 -2.5858511998263389E-02  1.2946155186369293E+00  4.0499071877507831E+00 -8.1302173940314244E+00
 -2.5204695507860442E-01 -1.7931020415358851E+00  3.5333270051916432E-01 -3.8992965936098656E-01 -5.1607526530205117E-01  6.5683929168346231E-04
  9.8151220430517817E-03 -1.1979106603417299E-02  1.3301310423768880E-02  1.3134663153377916E-02 -1.3058211830020483E-02  2.4508242663338089E-02
 -2.2489387019054355E-02 -2.7188237292149892E-02  2.6983727145037086E-02  5.3087632248851541E-03 -6.8172898525559145E-01  1.5957490124741098E+00
  8.3549911650392428E-01 -2.7802442658515454E+00  5.4128178285128503E-01 -2.2664416378382319E+00 -1.7634857179031074E+00  3.9593763299973377E+00
 -5.7519145061730059E-01  2.6573852354440270E+00 -3.0679535154882764E-01 -1.4072716585644749E+00 -4.1834278962776779E+00  6.0232808625120144E+00
 -1.2776564339768621E+00 -6.2327208082282065E-02  8.4982270475698374E-01  2.0280359488526885E+00  5.9777982381660548E+00 -7.4322377085684552E+00
  2.4436287564728452E+00  2.7457749154175748E-01 -2.0832419208371702E+00  8.8079586499518281E-01 -2.1264479576002304E+00 -1.1015566493782714E+00
 -8.2483820663354662E-02  4.7784746178078785E-01 -3.1770610355621842E-01 -2.1700382943605145E+00  2.7399289935835413E-02 -3.0490505248950145E-01
  7.2871478653312338E-01  9.8821276641217060E-01  1.4201566459648807E-02  7.4264924534292009E-01  9.9415850028460950E-01 -5.9159380495029834E-01
  1.3068632371105837E+00  1.1901499158076445E-02  6.6252407906881994E-01  1.4043733181813778E+00 -7.3771295458625552E-01  7.0922296914268310E-03
 -4.5021522677308085E-01 -1.2190899861115950E-01  6.8825015886730667E-01 -5.8800738085015195E-02  2.2741939534265596E-04 -2.4028601822361467E-02
  8.9294939982305505E-02  8.8990490079752738E-02  6.4638519553789187E-02  1.3830731991043416E-03 -6.5742991743526200E-02  1.2826426989616060E-01
  1.1935025955462811E-02  9.3868893305923268E-03 -2.3112001394448911E-01  1.7574757418529602E-01  3.0387483680624977E-01 -4.6567684857907830E-03
  1.0308377016798635E-01  3.1683467123498554E-01 -2.0588665109529801E-02  3.5823213431349682E-01  8.1111672779334391E-03  8.0522284926554499E-01
 -3.6974091042923563E-01  7.1707299056233574E-03  5.3950880595548937E-04  4.0058408614517586E-02 -1.7786325709547524E-02 -1.8623009328345413E-02
 -1.3930185693208855E-01  1.1749407093146640E-03 -1.0616445023907933E-01  6.2807434856516811E-02 -3.3820032858334070E-02  1.5563521335637548E-01
 -2.2692533799946527E-03  8.4613396962430115E-02 -6.4419834255365627E-02
ORDER     2 BLOCK     8
 -2.8283284143848109E+00 -2.4567010156909894E-01 -6.3971370023012364E+00 -1.9454661801230366E+00  1.0432240816253744E+00  3.5541943716806057E+00
  3.4449571172168723E+00  2.0477800400642385E+00 -1.8105717706771982E-01  2.7652228707149171E+00 -1.0612069074962398E+00 -1.7724096274318465E-01
  1.9268927729617391E-01  1.0948882410910856E+00  2.5495938525884426E-01  8.2181332408977354E+00 -1.9716222546489224E+00 -5.1579236588081621E+00
 -7.0398013734984861E+00  7.1896341963590826E+00  4.1553839314583990E-01 -4.5183845560865672E+00  1.3894170996883126E+00 -8.9469489550337542E+00
  3.7294680978945083E-01 -2.3816584216470309E+00 -8.2303496771737592E+00  3.3494983694821445E-01  2.7944940863775247E-01  6.4768516730821757E-01
  1.1175002816408730E+00  3.4760532326933258E+00  1.0338953450848566E+01 -4.2999507006758897E+00  1.3756089084317937E+00  8.4817316596453501E-02
  6.1543112437690804E-02  1.0320103775872818E+01 -1.8254831403417389E+00 -5.2896707077869942E-01  6.8749585836402041E+00 -1.0924543692438378E+00
  6.3512579698468585E-01 -5.3786035251578779E-01 -9.5408038121082654E+00  2.0188095009326079E+00 -5.1671651908867655E-01  1.1976220568125817E+00
  7.4120569978357087E-01  1.3924185973792134E+00 -3.1579916112177653E+00 -1.1665492537164199E+00 -1.7699253818549889E+00 -7.0153272403357758E-01
  1.6276851982805399E-01 -1.1199528084311161E+00  3.9981293302151077E+00  1.4375262104076094E+00  4.5339537797416281E+00  7.7993699093410596E-01
 -1.7206280234405671E-01 -1.5066859436737803E-01  2.3902393746125844E-01 -4.3674356729960467E-01 -2.4967809401424024E+00 -2.2509697022818327E+00
  2.3407877802792321E+00  8.9921063881146390E-01 -1.7085945638097624E-01  7.3910057240349936E-02 -4.8425285085769959E-02  2.7817798020160422E+00
 -3.0196360063771590E+00 -1.2495372413487289E+00 -6.2539482529830187E-02 -5.4076365089437126E-02  1.6274805116136357E-02 -5.5748222934359458E-02
  3.9134910111048221E-01  4.0437800712484658E-02 -2.7611080007697952E-01  1.0380288621507466E-01 -1.0817634384903780E+00 -2.8329179430018575E-01
  1.7487793807463461E+00  2.4698155085532714E-01 -6.7156383435018729E-02  1.4011061052641086E-01  6.4437675016050661E-02 -3.1060339828557670E-02
 -9.2803967349185983E-05 -3.2937097313234476E-01 -1.6108044152259436E-02 -1.4505591398454321E+00 -4.6259863743990000E+00  5.7614695979717623E-03
 -4.8370375379075914E-01 -1.4777139646127806E+01 -7.2566122265995272E+00 -5.1241184736949796E-01 -4.7434241848297800E+00  2.2833704515272502E-01
 -7.2672615467048518E-01  1.4384531836380696E+00  7.0539628478080045E+00 -8.1923003023177232E-02  7.0964720974380679E-01 -1.1548523015766154E+00
  2.0918476768295551E+00 -2.8880844578797354E-01  2.7265348867316225E-01  1.6154122777695616E+01 -8.2361728633340689E+00 -3.4278391056643467E+00
  6.2923161093025237E-01 -7.3280687357695573E-01  8.8091775793117152E-02 -2.1315641519796639E+01  9.9792199023834343E+00  4.9465609419754770E+00
 -1.0814865748379465E+00  3.3429462297299867E-01  1.1115064752421050E-01 -3.4528412189143270E-01  2.9341861694935835E-02 -1.4200200522378892E+00
 -3.8899624068396962E-02 -1.2258604681062882E-01 -6.0991521705789947E-02 -1.1845776542851906E-02 -2.0358299502673477E-01  9.8636222493780412E-01
 -2.3600307500228377E+00 -2.7611744664536704E+00  1.1097926390827320E+00 -3.6121476945679198E-01  2.9548140842904220E+00  5.6381271623541505E+00
 -2.4807331677496411E+00  4.1786006838287398E-01 -1.2380658614028885E-01 -5.9698600135595825E-01  1.3070667451329893E-01 -6.0244119715740685E-01
 -7.4148528546845349E-01 -2.9374634730601836E+00  6.0568549440064279E-01 -4.9029417455001567E-01 -9.9151494382342931E-01  6.1891005177096481E-01
 -1.7272472447998461E+00  7.1240787707462498E+00 -9.9743449764029757E-01  3.5243475146678538E-01  2.5903903448877617E+00 -5.0399004787720281E-01
  2.1417648989945586E+00  5.8067102066887222E-01  7.6164227387074535E-01 -7.4369923378587810E-01 -8.3133780181771921E-01  6.7005039855166271E-01
  1.1189095587821282E-01  1.7721064170469527E+00  4.6551478989527144E+00 -3.5699945714909243E+00 -4.0990337420376527E-01 -1.0501172939159491E+00
  8.8205165062706192E-01 -9.2828206736971142E-01 -2.0013874742149221E-01  4.5375489975963162E-02 -2.3152631006656821E-02  1.5426445532385895E+00
 -1.1484578841308615E+00  1.3033419224369367E+00  7.7402246714328371E-01 -9.2926951982903905E-02  2.2647965905896468E-02  1.3803451552829934E-02
  9.9087817826698538E-02 -5.2159045741867534E-02 -1.7715952775833089E-02  5.0061962184318159E-02  2.3997094502395493E-02  7.5360833226309869E-03
  6.3584777191532132E-02 -1.0469834146954195E-01 -1.6495189570279736E-01 -1.9818401669527652E-01  2.5303944382168880E-01  1.0058459229491176E-01
  1.2427880097470059E-02 -3.5947226558067612E-02  1.6829064536620766E+00 -4.0968972270347337E-01 -1.6710725216233638E-02 -1.3203034976507112E-02
 -4.4770494947678836E+00  1.4406994065312324E-02 -1.4198327745189465E-01  3.6447842574498457E-02  1.7992607826759949E-02 -2.2018469862940024E-02
  3.2048091158563649E-02 -1.3567062643799771E-01 -2.9753253037989057E-02  1.3077194415009143E+00  6.9148659996288575E-01 -2.4163009443987060E-01
 -2.5859961550175248E-01 -1.7401946960007935E+00 -2.7922364523557752E-01  2.7037012895487511E-01  3.5606411066474253E-01  9.3933163746393752E-02
 -1.5363875918408547E+00 -2.7336483711060421E-02  1.0589760818457030E+00 -3.2359560613802385E-01 -5.5041196403171055E-01  2.9352078315613794E-01
  1.4006422819530767E-01  3.7951615745651951E-02 -2.8314481591628626E-01  1.7155628549490363E+00 -1.3579961709930815E+00  3.0316996644005650E-01
 -9.3045533057066243E-01 -1.4052362319362610E-01 -7.8369456144883587E-01 -2.4101673492544697E+00  1.8486008552952389E+00 -2.7045466545759972E-01
  1.8755023120273073E+00  1.4972097918258936E-01  1.5209388683766496E+00 -1.0261594658974797E-01  8.9282296119573112E-02 -1.2674151459599053E-01
  1.1876186200670148E-01 -3.0249319152126090E-02 -5.2494465329556844E-02  1.0019797445342187E+00 -5.9204418263665037E-01 -3.8299060809500163E-01
 -3.1863794551335389E-01  4.7879882472139013E-01  2.5330884320826536E-01 -1.1206141267743479E-01  2.6316832629210174E-01  1.8570910674930979E-02
 -2.5418882324791694E+00 -1.6685103653613345E-01  2.4384923745400348E-02 -2.9713989278278480E-01  3.1658134067961092E+00  2.5912197136194787E-01
 -3.9981802058284201E-02  2.0424091304588599E+00  5.3519849462572189E-01 -3.2165546587409659E-02  2.8081987276923503E-01 -1.1026651578426834E-01
 -9.8888526996973525E-01 -3.4758369562706970E-01 -7.8841970901512137E-01  1.3382323861760059E-01 -4.3408601490268767E-01  2.5159178055877329E-01
 -4.7233537659036784E-01 -2.5749392191473996E-01  4.7902238470114128E-01  1.2205122774964923E-01 -1.9469099903766847E+00  1.4922550856122146E-01
 -2.0059002851461862E-02  3.0257113506892303E-01 -6.0864130636042701E-01 -2.0136859693220688E-01  7.1825304666520919E+00 -1.2731528408824899E-01
  2.0569066158248314E-02 -2.6960134119635016E-03  1.1760571435467009E-01  8.4073909028849723E-03 -4.7659050315142247E-02  8.7429170471320164E-03
 -9.4920362660267047E-03 -3.5442042126181605E-01  2.7963101593100326E-01  1.8762559408313748E-01 -5.7752907035435418E-03 -1.0809737682943192E-01
  1.6365975342017172E-01  7.7721978141865433E-01 -8.6713317235415956E-03 -1.3887927381274414E-02 -8.7027002542417006E-02 -6.6831763310348652E-02
  5.7897175644358326E-02 -2.4075190611204278E-02  3.3738227537940413E-01  3.1159331072482949E-01 -2.2663180395559759E-01  6.4832172571522173E-01
  2.1796895259586382E-01 -1.6756005716486155E-01 -3.9595692261652243E-01 -9.7875885775174276E-01  3.1386762486877728E-01 -1.0796968427438858E+00
 -2.6571698810569527E-01  1.8386183995880800E-01  1.0748025392777862E+00 -5.6777496445893312E-02 -8.6208363896333198E-02  4.2358059010630625E-02
  3.2313248925496571E-02 -1.3871351536409093E-02 -3.4598297615237650E-01  6.9179389889199527E-02  6.6753467495778923E-03 -9.9736654925393714E-02
  1.3926927939652564E-01  4.2720657409401346E+00  5.0539984162660527E-02 -4.7790752931381061E-02  7.4222026493116364E-02 -2.4455744695389810E-02
  8.4151037380614229E-03 -1.4996978430140334E-02 -3.1601540464506855E-01 -1.3849288125196943E-02 -1.2201453266280268E-02  3.8029586342100502E-01
  2.4693717398130377E+00 -4.1475153863222808E-01  7.3913826982407740E-02 -6.8975338133777120E-01 -6.6680859206875303E+00  6.1742240164812723E-01
 -4.3276573379624476E-02 -2.9890331328170217E-01  1.2826527768061947E-03 -7.2318787482846716E-02  1.7079180638008237E-01 -3.1798308856809498E-01
  1.5422890650329979E+00  7.4582379085012002E-02 -1.1387788905557961E-01 -2.9114272378832125E-03 -1.1185478901152961E-01  1.8059518330180074E-01
  7.9267639202269605E-02 -2.3473135157839756E-03 -3.9193592715056041E-02
ORDER     2 BLOCK     9
 -9.2959872498283169E-01  7.3927077182110814E+00  1.1570049786190510E-01  2.3608230587968042E+00  2.6596539824201662E+00  4.7135284514472403E-01
  2.3999285135961346E+00 -2.6913893692376853E+00  9.6194391861641471E-01 -2.1981770814277239E+00 -9.2481869107392090E+00 -1.4333976886264193E+00
  3.3771406078374837E+00 -4.8454214963427598E+00 -6.2608600102957830E+00 -6.0092079172525592E+00  8.1492326932781545E+00  9.6358820709640414E-01
 -1.3585229976678312E+00 -2.9658929408548801E-01  6.3339540656073501E-02 -1.3785614983074276E-01  3.5617256340052244E+00 -1.3804065159794598E+00
  2.0210039351081872E+00 -1.4474210792223544E-01 -5.5597559501635585E+00  5.6899802191961628E+00  1.1274819835181567E+01 -5.4870152733485424E+00
 -1.7667325706708032E+00  3.0449127578703955E-01  2.1873327165466643E+00 -4.7904529440366134E-01  3.3622266380234347E+00  1.7090625393250480E+00
 -3.5635867525964033E+00  3.9408390369310159E-01  1.8321552343277264E-01 -9.0644880920283633E-01 -4.5963436124474280E+00 -2.3452159498777201E+00
  5.2197050191605943E+00  1.5344575598701457E-01 -4.2780858772091607E-01  6.7081500124679116E-01  1.4469048062440343E-01 -2.8098784761063234E-01
  7.4082285838537731E-01  1.5569895036885428E-01 -2.1548819257210572E+00  1.6728373299607407E-01 -1.7728215408360512E-01 -4.3095118486718242E-01
 -7.6136407608843726E-01 -6.4216269211432534E-03  3.6409477044816851E+00 -2.1410148430381798E-01  2.0146141159882874E-01  9.7880759502448622E-01
 -4.7648548591796271E-02 -2.9071419761895578E-01 -1.4017303311421095E-01  3.5528220167544838E-02  5.9227271459017750E-01 -3.7381859359894101E+00
  2.0957848035324475E-01  7.7073460122547746E-02 -8.8491846507973626E-01  5.0284230616885424E+00 -2.4874192327754729E-01 -1.6817489833090979E-01
 -3.5681097672750817E-01 -2.4063496425039163E-01  9.9958854442332337E-02  7.3244117970789135E-01  6.6339281111516745E-03 -1.5619832734785755E-01
  6.2712050881920900E-01  3.1255489242755545E+00  7.8406335584203768E-01 -3.8902984370781102E+00 -1.2253550892407485E+00  2.0355386701997899E-01
  7.5376078533450394E-02 -3.7765441088229379E-01 -1.5835451567840917E+00 -2.7262538381586929E+00  1.0379675864087115E+00 -4.7982318212583905E-02
 -1.2481318639927672E+00 -7.1253319367838419E-01  1.9421253820959359E+00  3.7908972036387190E+00 -9.5404323299713922E-01 -5.7431432643473290E-01
  1.0764106247337766E+00 -4.9774351635660030E-01 -3.2636731011113146E-01  1.6928329014822643E-01 -1.1712401094826119E+00  3.6266208100476455E-01
  2.1240112946235964E-01  5.2268367482477276E-02  1.9993906369842235E-01 -1.2998979909297801E+00  4.9295994921521293E+00 -1.5001797730456468E+00
 -6.6837080370110096E+00  1.4122518846879208E+00 -1.0983650006081473E+00 -1.3573262120907939E-01 -1.3820638817509745E+00 -2.7752689192869251E-01
 -2.0980772343139478E+00 -2.2576297930804330E+00  2.5976825893530546E+00 -1.1764280109074747E+00 -4.3206029552751857E-01  4.4394803224762719E-01
  3.0199215447150594E+00  3.2110867313688440E+00 -2.9000504205294604E+00  1.1515868584364570E+00  1.8268645842773118E-01 -1.1879279709370083E+00
 -5.4913879097186780E-01  5.3475666985581527E-01 -4.2108775355046962E-01  4.9521481418109553E-01 -1.1647559725543795E-01 -2.6364686998201672E-02
  1.5719455384923744E+00 -7.5555872656043777E-01  9.1062786092598588E-02  1.0105363502112648E+00  9.2076958785299712E-01  7.8008190553654189E-01
 -3.4043470365929240E-01  5.4782641595544146E-01  3.2430599129788705E-02 -1.7169985559444331E-01 -1.2122812286703240E+00 -1.0313662559655963E+00
  3.7899353129713148E-01 -1.9694236331325328E+00 -2.5261083112990339E-02  2.2829916602687045E-01  6.8230481269378904E-02 -3.4629000881560026E-02
 -2.0899104991645351E-02 -2.0179851946432261E-02 -2.6036960111121929E-02 -3.4074821252123716E-02  1.4965219329515266E-02 -2.0440628970838745E-02
  8.8838085810090076E-02 -1.4598736037403859E-01  2.3734692888689018E-01  2.8040630937865585E-01 -2.1890554172344998E-01 -4.0989518920458115E-02
  1.1066750164200903E-01  2.3753867553037433E-02 -8.2637651000878123E-02 -3.4060198534602980E-02 -4.3271056561838668E-02  1.4735434646935075E-01
 -2.1926368239220564E-01  6.0077331518774571E-03 -2.3397062606666483E-01  1.8887506434457968E-01  3.0887651904401581E-01 -3.1855050262821177E-01
  1.0855156310336498E+00 -1.2005425777603285E-01 -2.3397088060150600E-02  4.5380621482758496E-02 -1.2190544986637437E-01  9.7552309713896425E-03
  2.1477544334983780E+00 -1.1638970396485535E+00  1.5309115696311415E+00 -1.1715790356413759E-01  7.3043238723031678E-01  3.5255466582376300E+00
  1.2499159728264209E-03  1.6454321394664733E+00 -2.1237284427616059E+00  2.1697645744642402E-01 -1.7295834072231902E+00 -5.7413443820036383E+00
  2.4324046014259348E-01 -1.6949532150728317E+00  6.6236974927501982E-02  1.7669450100922665E-01 -6.1446923010302863E-02  7.9642971677516716E-02
  7.0944275734707640E-01 -1.3623690677818097E+00 -1.6224396308291630E-01  3.1367897382809573E-01 -2.4807196269515597E-01 -2.6579419586891823E-01
 -2.7107347666507076E-01 -7.6530122406811727E-03  5.4274981705107717E-01  7.0884449385340744E-03 -2.3544065290934124E-01 -2.1468821167994023E-01
 -2.1041772192401065E-01  3.1109500794027639E-01  9.3396321348166986E-02 -5.8038060821842284E-02 -1.3358014721695707E-01  2.9799952864365603E-01
 -4.6002252050491127E-01  1.8230173461603320E-02  3.2318216035183617E-01  8.0158924953753752E-01 -1.6358302029524588E-01  2.7724213081529997E-01
  1.4890870531871245E-01  1.4174095733085163E-02 -6.8104928597958234E-02 -1.1406032037368048E+00  2.0185167520166797E-01 -2.7606555991048864E-01
 -2.1567104084744351E+00 -1.3521836399337780E-02  5.7980905363105940E-02 -1.3235260452575915E-02  5.9658410802403319E-02 -4.8549059273474554E-02
 -9.1268289002065586E-03  1.2644260703513377E-02  1.2369635173524044E-02 -2.2408909654057247E-02  3.5580782767944241E-02  1.7747896885631931E-01
  1.4473560718587783E-01  1.5836042774807776E-01 -8.5784342109503392E-02 -1.6080856601581119E+00  1.6654437360993340E-02 -2.8601089362484167E-02
  3.6157039099078574E-02  2.5290559159035086E-01 -2.4805697466084530E-02 -3.4465198707569117E-02 -1.7166510810080368E-01  1.9875047354404813E+00
  1.0722491064595501E+00 -1.9427241259128991E-01  7.6723095477196399E-02  1.1505672883317623E-01  1.8436344725700482E-01 -6.1848163280941781E+00
 -1.5646819972459256E+00  2.7748166191464047E-01 -7.8301579387071260E-02 -2.8362627032699073E-01  3.6797955283433326E-01  3.3298449027599562E-02
 -8.5506923511597843E-01  2.3400876058230106E-02  6.8981567015133485E-02 -1.7702114271275302E-02  3.0108757004517217E-01 -1.6175697612332363E-01
 -1.1741485052193874E-01  1.1251571909696112E-01 -1.1709805693030326E-01  2.6487591263548120E+00  7.5634499565941900E-04 -4.8487307523081211E-02
 -1.3699009588444841E-02  1.6045114952244057E-02  6.2021822230823613E-03  1.2941165629234072E-01  1.2616704622664227E-02 -8.7636398036950985E-03
 -7.7036349655503766E-02  8.9226141675469495E-01  2.3515045359163264E-01 -1.1415285194511267E+00 -2.7329190813803766E-01 -5.8107786668910325E-02
  1.8519553889619789E-02  1.1486449735303786E-03  3.6155871685721053E-01  2.9448016605515420E-01 -1.4634180265370181E-02 -1.2179093878307563E-03
 -1.3671577802303674E-02  7.8860909893103057E-03
ORDER     2 BLOCK    10
  3.9718523377895198E-01 -1.5921139787452712E+00 -5.4884564619675502E-04 -1.3324962768839876E-02  3.4274580878125445E+00  1.8548640198507751E+00
 -2.5099251038505499E+00 -1.4193272007405930E+00 -4.6600061422929279E-01  1.4326420336742653E+00  1.8809949878281507E+00  1.3978840371959456E+00
  1.0505214981858757E+00  4.1242561714428097E-02  1.5435243734743080E+00  3.3409875957265540E+00 -7.5570015989511381E+00 -2.3843242118835519E+00
 -1.8000028995305120E+00  1.5059508189203727E+00 -8.2575666353930169E-02  2.2725083841728155E+00 -2.6318523546170369E+00 -7.6383201491753159E+00
 -5.4376397539031771E+00 -3.3822504863513849E+00  3.1354697467122259E+00 -2.9828533790672468E-01  2.8386986652739943E-01 -1.8531484792573973E+00
  1.1546690244311895E+01  4.4809976714986233E+00 -9.3623132869938053E-01 -3.4402180783603757E+00 -2.3648236084149774E+00 -1.8137067736261057E+00
  2.6465896574853054E-01  5.2253611283200980E+00  3.2976783902715119E+00  2.4209291693305661E+00 -1.8539515364342498E+00  1.4809665293079463E-01
 -6.0231763209127853E-01 -1.6875961456331041E+00  2.6904784932893806E+00 -7.9773162182030855E-01  9.0851557632661462E-01  3.2789300434857953E+00
  2.2184735295149652E-01 -1.7419818602529484E+00 -5.4364819346216176E-01  1.6282720671265032E+00 -4.4880382705025523E-01  2.9199419381350156E-01
  7.3835061869619079E-02  2.6197224258994352E+00  1.2882373957904696E+00 -2.0517170088428887E+00 -1.3076737307341126E+00 -6.4010818647421064E-01
  9.7699711502462178E-02  2.6355350477819408E-03  7.2435921911182111E-01  8.3547886431628826E-01  1.0543765462056667E+00  9.9447645902353832E-01
 -8.8434244786857741E-01 -1.4931780712052917E-01 -1.7887253060559358E-01 -1.7027258794734937E-01 -7.4789475863266217E-02 -1.1647516886713822E+00
  9.8558520657410287E-01 -6.8767818333406380E-02  3.6896752683271300E-01  1.5346474760225456E-01  9.9178325225767389E-02  1.2725262132668191E-01
 -7.4334593957683576E-02  2.0743158573980996E-01  1.4170354800149274E-01  2.3057428683012138E-02  6.2428454548695755E-01 -2.9488247708359110E-02
 -9.6543679573411101E-01  7.4852476021220554E-02  8.2318794695123154E-02 -2.3558840333038253E-01  1.0825235641718165E-02  2.4182857189434092E-02
  3.8157647928735406E-04  1.2159194035997927E+00  1.6980525854011438E-02  7.0771108684912298E-01  2.0490667741370716E+00  3.3173794372689260E-03
  1.5303852402348537E+00  6.6510827225781286E+00  4.3787817606941335E+00 -5.7323292393251757E-01  1.8572572917642893E+00 -1.0097228843979495E+00
 -6.8811845663800886E-02  9.6788547531817024E-02 -3.6445358331246411E+00  1.4144133639571652E+00  7.8917744704454940E-01  8.5810504237849461E-01
 -1.3971722131015292E+00  2.6662137931941066E-01  7.5505602776834979E-01 -6.7993241477001964E+00  7.3497478911756409E-01  3.3923757752898762E+00
  4.9169672210590426E-01 -4.9102789536585995E-01  6.7813387234024608E-02  9.6473822210037081E+00 -1.2000901467610275E-01 -4.3117453922939175E+00
 -4.2796527496543352E-01  7.9400286923738539E-01  1.3243349588801520E-01  1.9376476760161926E-01 -8.9526727143073148E-01  1.5749004377886083E-01
  1.2273427118376118E-01  2.3477603494109595E-01  2.3164289980214792E-01  6.6756358954933037E-01  9.9332558645857139E-01 -1.2364694565549799E+00
  2.1567069629983422E+00 -1.2796537751540284E+00 -1.6140187021160801E+00  5.2371780594554695E-01 -2.8846146851023513E+00  3.5738681039743332E+00
  2.5641500241432711E+00 -6.6843364438165598E-01 -2.5118377348207188E-01  5.9078419670700022E-01 -2.3578249248358898E-01 -1.1456140768466347E+00
  1.8128193466686742E+00  5.0287511210168279E-01 -1.0337078526659784E+00  4.0685877853527297E-01 -2.3933020364870330E-01  6.8751730287351298E-01
  6.4548145075319391E-02 -3.1244799072000040E-01  1.3766077215988095E+00 -4.8646637327275860E-01 -5.6629116133545687E-01 -1.0200695979306986E+00
 -2.5812649071860993E-02 -3.9623940206776356E-02 -2.0539956741473098E-01 -4.1193720940231671E-01  3.0722065665132292E-01 -1.7653741470405648E-01
 -1.1263522785438537E-01 -9.0626160840949954E-01 -8.9072218798657421E-01  5.8245653514916040E-01  2.5157109746178785E-01 -9.0858460891024548E-02
 -1.4404872504247601E-01  2.8587344123386982E-01 -3.5884205060397473E-01 -5.8214865256440388E-04  8.2814756458659142E-02  7.7496654143813695E-02
  1.8049822287137990E-01 -4.9366834919379859E-01  7.4680114231339245E-01  3.3059550536682275E-02 -7.0886055095882958E-02 -3.7694109078275237E-02
 -1.2457110300220287E-02  4.0912637152435656E-02  4.3981457227613874E-02 -1.0297377429228198E-02  1.8981385550496641E-02  3.1918077640945439E-02
 -1.2996163287409151E-01 -1.8948843146847041E-01 -6.1273599343405994E-03 -3.7439788419449734E-02 -5.8891060737736776E-02  8.1724039519361538E-02
  1.4528967554947708E-01  6.4014718847750132E-02 -1.4212024310963529E+00 -3.9068126686996441E-02 -1.9663138246885462E-01 -3.8680829282363528E-02
  4.1039587534352400E+00  3.3362241562998551E-02  6.0347860520909603E-02 -3.3965647613979896E-02  4.5922650398423671E-02  1.0949095570076249E-01
  3.4894727753115390E-02  8.7916109888625540E-02  1.0004983404635442E-02  4.9516404198292080E-01 -4.2027959908565815E-01  8.6030936367986269E-03
 -3.4416900703109360E-01 -7.9222125687447698E-01 -6.0063468125670127E-01  1.4231508986994271E-01  6.3481557198764116E-01 -1.6400352570567958E-01
  1.9311517546181820E+00  9.9551203988151857E-02  5.7814848638331584E-01 -6.8034076658223963E-01  1.1970055334182386E-01  8.5105114731982359E-02
 -1.4727426794144230E-01  1.8209077276907808E-03 -2.3071043353652040E-01 -1.3709597766299282E+00  1.3608366057378114E+00 -1.1844200944915172E-01
  1.5520238233070513E-01  1.1022495738645098E-01  8.0905689258147773E-01  1.9111978083182526E+00 -1.8426377288874554E+00 -3.3369901432919617E-02
  9.9862601747994703E-02 -1.2121112704078300E-01 -2.5879273864440488E+00 -5.2511697171397198E-01 -1.7264604046640192E-01  1.3352784510202340E-01
 -1.1213024748262528E-01  1.2188482745124622E-02 -1.0456787425435463E+00 -1.6885385644916995E-01  2.1299741306242965E+00  4.1873083088877699E-01
  7.8966944182484317E-02 -4.3870907282867494E-01 -1.7170724340669077E-01  8.5740602496300417E-02 -2.8426898114100219E-01 -3.8166836951822694E-04
 -1.7935761849885523E-01 -1.2022952396714752E-01  2.0401269972117886E-02  8.9980437982834183E-01  8.2375391697512498E-02  2.5997265919770723E-01
 -9.3901454484327476E-02 -6.0226020235977958E-02 -3.6803561181110545E-01 -3.6176150599596207E-01 -9.6368046807170080E-02  2.7561042419952181E-01
  9.7258502564725602E-01  1.2098737297654259E-01 -4.6042456734820388E-02 -1.5387661888782331E-02  9.0558919568435114E-01 -2.0181040567446931E-01
  4.1555285640968537E-01  4.8168815785292141E-01 -2.4328592409220276E-01  1.2025273311921823E-01  6.1101085738617400E-01 -7.3237487351854678E-03
  2.4410626854570815E-02 -6.7682313655674420E-01  1.6972827502952811E-01 -2.4965367355980858E-01 -2.3259837091558175E+00 -6.6955062684580582E-03
 -2.4301795628465326E-02 -8.7219436501162789E-02 -3.1612962933356088E-02 -3.5247206303587769E-02  9.2737822526495119E-03  3.2581190162100687E-03
  2.9999161765160891E-03  4.4402112006564708E-02 -1.0959034721291680E-01 -1.4754894146877257E-01 -5.5847055792997383E-02  8.4274992426205383E-02
 -1.9157888776996032E-01 -7.7926456243159703E-01  1.1974278359413200E-02  1.0268780112760830E-02  1.3134979116636789E-02 -9.1294515231525007E-03
  1.8445018419298409E-02 -1.4031011521529935E-02 -1.9450089048905558E-01 -5.4615105978313592E+00  8.7155978354804486E-01 -5.4293005333933587E-03
 -1.0448052156148753E-01 -3.6559403424070755E-02  1.8441667905562714E-01  1.4926799284199582E+01 -1.2200766044999236E+00  1.0992355524760411E-02
  1.6994346742334671E-01  6.4763753067101776E-02 -2.5062677825518848E-01 -1.4458676176265020E-01 -1.5383798480510524E-01 -4.1054709404760741E-02
  6.3155736099126683E-02 -1.0645677214131910E-01 -5.4969173895824808E-01  8.3033842921976386E-01 -3.1415559985793939E-01  2.8353207956773319E-01
 -1.2286329269855824E-01  2.8821721128561406E-01 -8.6138180515074915E-03 -3.2322881476068023E-02 -6.8297526498283870E-02 -1.3076155474871644E-03
  1.2772586591390415E-02  4.9882224858242716E-02  5.0735632412972236E-02  5.5942222715069300E-03  7.5698973154446582E-03 -1.1321082921826993E-01
 -2.7561294857054808E+00 -2.5817254139002887E-02  1.3522132720313057E-01  3.2165901582002221E-01  7.3529241237999718E+00 -9.5061523038389398E-02
 -2.1119129819981514E-01  1.6453594101706576E-01 -1.1775773356353253E-01  7.8879568467410788E-02  7.6268948965555572E-01 -1.8903424250162906E-01
  1.0999425594464032E+00  2.2224167345433091E-02  3.0202972314920463E-02 -2.4601202976258884E-03  9.2728125015080931E-02 -1.2187513690380246E-01
  7.2721541800252518E-02 -1.0058674563959447E-02  1.7511789838559850E-02
