SURFGEN.GLOBAL Hd COEFFICIENTS FILE V:2.8.8
high order tester                                                                                                                                                                                                                                              
ORDER
    2
COEFFICIENTS
ORDER     0 BLOCK     1
  1.5667997143477763E-01
ORDER     0 BLOCK     4
  1.7906887818215686E-01
ORDER     0 BLOCK     5
  6.6544121537343112E-02
ORDER     0 BLOCK     8
 -4.1870819372470991E-01
ORDER     0 BLOCK    10
  7.0154488071197854E-02
ORDER     1 BLOCK     1
 -6.3748187698413128E-01 -9.7011136871387327E-01  6.6417717269892773E-01 -2.8039612913745744E+00  1.7963467107042170E+00  1.6168014554122077E+00
 -3.0716146716039083E+00  6.6409629168982152E+00  5.2706784172004928E-01  6.9211688077619660E-01 -7.9010984215010210E-02 -7.3256013337588732E-01
  2.9381045092712409E-02 -2.1390259295787509E-01  1.3517509170904793E-01 -1.2892670044424523E-01  3.8378671144532382E-02  1.2883192080830189E-01
  2.4137509102277410E-02 -5.3755625898780801E-01 -4.6389742579433824E-01  9.1301481103034066E-01 -3.2229480497976382E+00
ORDER     1 BLOCK     2
  1.3375416967048792E-01  5.9361347170890444E-03  2.4836315928596764E-01  7.9336669276729677E-01
ORDER     1 BLOCK     3
 -2.7795898607678082E+00  9.9593403560824911E-01  5.1195690454617733E+00 -2.3496132476126492E+00 -3.4877098413744900E-01 -6.4657312712812706E-02
 -8.9021735111780784E-02 -2.6301480443367629E+00  3.5568089770994060E-01 -1.6988189182336519E-01 -3.5353756588079976E-01  1.2098322502954630E+00
  1.0038995032604214E-01
ORDER     1 BLOCK     4
 -1.8421716311478514E-01 -1.4368232552753363E-01  9.5765681128620117E-01 -3.5471671487926062E+00  9.4639568328740387E-01 -6.0088137519665596E-01
 -2.4870699474758617E+00  3.0685833712829966E+00  6.3030701038856229E-01  6.9194311033188793E-02 -1.4087227102616562E-01 -9.7197062695277869E-01
 -4.0192298949945660E-01 -2.2814615556517498E-01  1.4711210755486614E-01 -1.1379998500850425E-01  1.4423997309571071E-01 -2.8286814947202343E-01
  2.7430764740519703E-01 -4.6588313779262536E-01  1.0188165892086787E+00 -8.1792879864100976E-01  1.5237480873566887E+00
ORDER     1 BLOCK     5
  4.4633960278713447E-01 -1.0456314511991118E+00  5.7793116112925846E-01 -1.2825768699539657E+00 -1.2901020561009151E+00  2.9185251054849357E+00
 -1.0223203619133441E+00  1.4209985832981413E+00  1.5241508096075909E+00 -6.2066068997715562E-01  7.1489825600296847E-02  5.1788843822888497E-01
  5.2521343103272067E-01  7.8594287225150911E-02 -2.5699342564361094E-01  1.1720774983362564E-01  1.8487863091043599E-01  1.8838119814567994E-01
  9.8496505414977491E-03 -9.2453326387951418E-01  3.1789970987241434E-01 -3.0619031320953884E+00 -4.2849278082219178E-01
ORDER     1 BLOCK     6
 -1.3107208537486166E+00
ORDER     1 BLOCK     7
 -2.3516795339440979E-02 -9.0339643306489893E-03 -3.7777491951086800E-01  2.0682041429549258E-01
ORDER     1 BLOCK     8
 -2.1371024698939820E+00 -1.0559873124597232E+00  5.1255989914115070E-02  2.1461987680373471E+00  7.3743500719544839E+00  5.8244362539062582E+00
 -3.1488912322132361E+00 -3.5023439609810345E+00 -1.5690964815250927E+00 -4.8073030664944755E-01 -8.4349548826235174E-03  3.4171426638091873E-01
 -4.7081866700623903E-01  7.0490935806938415E-01  4.6782399649405071E-01  3.8974668755250125E-01  1.5379318023431931E-02 -1.4143865116707749E-01
  1.3284270875082213E-01  1.0876194187644248E+00 -4.7621828759102214E-01 -2.2629788782929294E+00 -8.9128676289204889E-01
ORDER     1 BLOCK     9
 -1.2196794313151782E+00  8.5441704147224951E-01  2.9368787098623188E+00 -2.1890327982970148E+00 -5.0438931889150829E-01 -1.1158784794347880E-01
  7.7055523638330636E-01  6.3994231125525780E-01  1.3958700526981016E-01 -3.8263613204352981E-01 -3.3709872476224939E-01  7.1186768839527059E-01
 -1.3546388139703922E+00
ORDER     1 BLOCK    10
 -8.2738546906226929E-01 -2.1150090571671742E+00 -8.6489895958814911E-01 -5.5364122409520988E-01  9.8621492930399179E-01  3.5297725331168364E+00
  4.2100598979637276E+00  5.0914277620768766E-01 -9.7697815038307456E-01  9.8636774728229304E-01  7.3362106026342563E-02  7.1478887488447508E-03
  6.4233707344949442E-01 -2.9845590650812398E-01 -2.1748159783463791E-01 -3.8297067221919980E-02  1.0729032221760762E-01 -8.1375204814949698E-02
 -7.5613732463102434E-02 -2.5950445211873530E-01  3.7470257755114494E-01 -3.3624428453975430E-01 -6.3147136704567008E-01
ORDER     2 BLOCK     1
 -1.7518960261169327E+00  1.3094200334139250E+00 -5.9780906238948395E-01  1.0952153783214444E+00  3.8340515038545830E-01 -1.6554792892217129E+00
 -9.5029169718439152E-02  1.5025245788453290E+00 -2.2865297662630461E-02 -1.4284310598269336E+00  2.5585927908951589E-01  4.1092885693735404E-01
 -2.0963905221705672E+00  1.0679153127075744E+00 -1.4992107974650992E+00 -8.4101540114672435E-01  1.5119733770195756E+00  2.3331028507040243E+00
  2.8090647590384048E+00  1.2291148309254916E+00 -5.8368018468683591E-01  5.5026597012392975E-01 -6.4268526855535635E-01  9.5788187113837375E-01
 -4.6599243704450877E-01  1.9005257095923656E+00  1.6644779198644721E+00  6.1346872466111801E-01  2.2536068019524599E-01 -1.4194312620203100E+00
 -2.8208543121573473E+00 -2.6453027285310915E+00 -3.5820905473075655E+00  2.4854932727714569E+00 -2.7871683143088449E-01 -3.4382115785178619E-01
 -8.6371390009410209E-01 -4.4906395480708987E+00  6.5679329073779902E-01  1.4263857215262363E+00 -1.6028881260275527E+00 -1.0652219282740207E-01
 -5.2539228404619484E-02  2.9389830161373737E-01  2.0432486183622136E+00  5.2327126782206890E-01 -1.2772883275703803E-01 -7.7417605674981560E-01
  3.5920214908127823E-01  4.9703290085389967E-01  2.6106997860124137E-01  2.4854350024129765E-01  2.4276426376922355E-01  4.1688845984544692E-01
 -2.4103635371469653E-01 -8.3223561645170518E-01 -1.6726741560011651E-01 -9.0348229952753059E-02  2.3293848885543891E-01 -2.9838868814108632E-01
  2.2252122442057223E-01 -3.0601463584860938E-01  6.9237205690955861E-01 -3.1648375587419264E-01 -2.3960396703221060E-02  7.1050033850328198E-01
 -8.2056921625822088E-01  3.1248720501622268E-01  4.8714226073700080E-02 -4.7976924751579393E-02  1.5039486790794757E-01 -1.1047858708599294E+00
  1.1887745063108170E+00 -2.2343239141355511E-01 -4.7069676868241719E-02  6.4834605560570385E-02 -2.1001284186647123E-01  4.4406378485755293E-02
 -3.3003618888253466E-01 -1.3470580255130521E-01  1.0345189855225488E-01 -6.7303158178019781E-02  1.4079046987960571E+00 -2.7476062143144804E-02
 -2.1322559979128175E+00 -1.0634888049337625E-02 -2.6150436902522708E-02  7.0219707918380572E-02 -3.5111693188787547E-02  3.9472067981273819E-03
 -5.0025131260803255E-05 -1.3086435587282559E+00  3.6349930077686388E-02  2.2697334784910899E+00  1.2770730362934659E+00 -2.3366401066239519E-02
 -1.7491836540086227E+00  1.3159499073933334E+00  1.2974429486347203E-01  4.4370828080339102E+00 -1.3528051236558138E+00 -1.2626729062932571E-01
  4.4489058687157090E-01 -5.6967093401487618E+00  1.3050290287472457E+00  2.4494880215339032E-01 -9.2356015399323987E-01  4.7145948645859881E-01
 -8.4617816146127722E-01 -1.3171431222853647E-01  6.5598455399280020E-01 -4.8386704087887888E-01  3.6984349197062039E-01  1.7352084204020597E+00
 -7.4171551375110389E-01  9.6791329317048536E-01 -1.3031248370894808E+00  1.3416172124099117E+00 -1.7430092879800703E+00 -3.5010228070455036E+00
  1.3026860144135251E+00 -7.9569151687970552E-01  1.2273052497103778E+00 -2.2440437380727163E-01  6.0215052385282897E-01 -2.2219842714267851E-01
 -1.7886645680292529E-01  1.2808096877895511E-01  2.3594247217074413E-02  1.3287157039129199E-01  2.8662353232350507E-01  1.3696996188532173E-01
 -4.4697621717812241E-01  2.3806619497577919E-01  5.4056894894409402E-01 -1.7303081802591286E-01  7.8482163192572107E-01  2.0752313984029707E+00
 -6.8862359160066389E-01  8.0687271592693066E-02  3.9663449791244398E-01  4.0365764850301689E-02  2.4253815271963539E-01 -5.5489818447703632E-01
 -9.8571040171254309E-01 -1.0188573068193565E+00  4.3429655670302975E-01 -2.6930469471685020E-01  9.9044249333609335E-01 -2.0682959203403484E-01
  3.8777550963873281E-01  1.1081599856392399E+00 -6.9435418552294359E-01  4.8499446652104772E-01 -1.6697616696020716E+00  2.3075787707123604E-01
 -4.8516358299722312E-01 -2.9690731161534045E-01  8.0669283424696467E-02  2.8082322652338459E-01  9.2173359918883035E-02 -3.1521687902241863E-01
  2.8814477666599542E-01  1.0479391544990559E+00  5.7478532895536527E-01 -6.7405776980739240E-01  6.3100923772711370E-02  5.6708530382397504E-01
 -2.7094808824048916E-01  2.2006633951348326E-01 -1.4749348185480711E+00  6.2561119745193725E-02 -1.5366690451559428E-02 -7.8787896742402763E-01
  3.9594740545291002E-01 -3.0328619663764034E-01  3.7299337026724468E+00 -6.2288207691792420E-02 -1.1648902742510190E-02 -7.2365526909740865E-02
  8.5208186063952755E-03  4.2071185531290273E-02 -1.7070307869088489E-02 -7.0954705659231926E-02 -4.3587356663977277E-02 -8.7429474880951291E-02
  1.4884126403525891E-02  1.9698980705991223E-01  4.7571643924558794E-02  1.1006780178657208E-01 -1.7713782221955021E-02 -6.9310226218751367E-02
 -1.3032441554614987E-01 -6.0931575318119227E-02  5.7022824607724829E-02  1.2049879748611650E-01  2.1066324055098157E-01  6.1294033497066421E-02
  4.6430079711103700E-01  1.8857564883582961E-02  3.0803310449946983E-02  8.6318942302719484E-03 -2.8903074243998733E-04 -1.8962274729484311E-02
 -1.6811448346086832E-02  1.7592046599031674E-03  4.5847934708067592E-03 -5.9396999838830011E-01 -1.2343662153829411E-01 -2.2834699278984527E-01
 -2.6347274537115051E-01  8.4829278773520855E-01 -2.2928705798744048E-01  3.3338441973869087E-01  8.8305434824556650E-01 -1.6551492607093193E-02
  8.2588911613619376E-01 -4.5696650675212822E-02 -3.2370275024902484E-01  2.8980804603332000E-01  2.1020302338138361E-01 -1.4528591239332680E-01
 -2.0277510062693316E-01 -7.6579755081947242E-03  2.1686313284035691E-01  3.1590200498357396E-01 -5.5557891436133267E-01  1.6176460845616600E-01
  4.6779155858034216E-01 -2.0792580506487471E-01  3.3590062970347595E-01 -4.5475320979994305E-01  7.6761872335122749E-01 -2.3102867779675940E-01
 -7.8765484355212567E-01  3.0201791671796635E-01 -4.6955358670486047E-01  1.6686963818849692E+00 -1.2501415043587971E-01  5.6105507161306099E-02
 -5.4373074837187861E-02  6.1440061249211857E-02 -8.6649177413968825E-02 -3.2657783366695747E-01 -5.9639373890266734E-01 -1.0155873711500640E-01
 -5.0175339426448279E-04  7.6454027988949819E-02  5.3013819747208230E-02  3.0129590814430729E-02 -1.9367808172446691E-01 -1.4291051012702062E-02
  1.1143697533211308E+00 -3.9332655533161531E-01  3.9315862543133129E-02 -2.9121278338709100E-01 -1.2985233618376588E+00  1.1286603710641718E-01
 -4.2412503526355616E-02 -3.4809577979097450E+00 -7.2493185030376062E-04  2.6099481825986037E-01 -7.0525286650593141E-02 -2.7834652145550565E-01
  4.4510042420812568E-01 -3.8122272223847264E-01  3.3739715463719389E-01 -4.9400342765233231E-02  4.5810098157630286E-01 -1.3243816774752293E-01
  4.8392424441925187E-02 -5.9114926505518396E-02  1.3001549733155215E-01 -1.4613414802014416E-01  9.8429400268963330E-01  9.0591695163955745E-03
  5.6963085126182270E-02  4.8576449441881123E-02 -1.0292783805055644E-01  2.4071176341836753E-01 -3.2697403488426184E+00 -1.3693956957756395E-02
 -5.7799125288109016E-02  4.1691224999395093E-02 -4.5768102608436480E-02 -1.9091550845829822E-02  2.1714420305222224E-02 -1.1477074704952411E-02
  6.6678691548420661E-03  1.0895792056796333E-01 -1.8871893103923956E-01 -1.8797811800676117E-01 -2.8943462177134106E-02 -4.5479539877529014E-02
  6.9613569576239653E-02  7.3366827050651950E-01 -1.9549890960541172E-03 -5.7349965692081338E-03 -1.2858683775806873E-01 -1.1586288658439654E-01
  1.3868299165514364E-01  2.7748513242552585E-02  2.6259091604790186E-01 -3.5173737368976998E+00 -6.5519033335915211E-01 -7.2530353659484348E-02
 -1.1905166495567919E-01 -1.2153508104496059E-01 -2.7623165495508789E-01  9.3133387169176967E+00  9.4110952533388981E-01  1.6585753245345661E-01
  1.4620543812765541E-01  1.5930266107422805E-01 -5.1058869517636085E-01  6.8296421612461994E-02 -1.2685572914836196E-01 -7.9590151872622125E-02
  3.5135590059493814E-02 -6.1214649217973559E-02  1.5609855691088295E-01 -1.3620901460707552E-01 -6.8881192272421454E-02 -1.1471716365365360E-01
  1.6399123388291986E-01 -1.7020800147206347E+00 -2.2958350850740824E-02  3.1740962882948622E-02 -1.1454273392638874E-02 -1.6664408298096823E-03
 -1.6920446838838230E-02 -7.4131769189343406E-03 -9.6499912658280628E-03  7.8942059468366070E-03  4.3228889941736093E-03  4.7988815789482236E-01
  3.8154992339965332E+00  1.4740274793304892E-01 -2.2223143870778184E-01 -7.0476641259388861E-01 -1.0478753382237558E+01 -1.6421909344916541E-01
  2.8961245173384953E-01  7.1668222576550047E-03 -3.7780797409154139E-02  2.3250359196015435E-02 -1.1928957297289910E-01  2.0700569797654347E-01
  6.1182660892527387E+00  4.5521346087070431E-02  3.6775527513450847E-02 -1.1032102276245230E-04  2.3768670621657485E-02 -4.5403431382843001E-02
 -2.9416447221896038E-02  1.3807866409387488E-02  3.9378528076205082E-03
ORDER     2 BLOCK     2
  1.9146470855009439E+00 -2.1553018873346712E+00 -1.8784470675156368E+00 -9.5055967580532641E-02 -3.5359637899395895E+00  3.9476767104706338E+00
  1.6607961767761383E+00 -1.1671731825356690E-01  1.7048736934235392E-01  2.5221215754382420E-01  7.4550860493153526E-01 -5.3590464641095834E-02
  3.5667488634317818E-02 -2.4750016194149804E-03 -2.1790113900986282E-02  6.7495922966378019E-02 -4.3984602531181347E-02  9.4257578698618734E-04
  2.9435781930785172E-02  1.8032952141540756E-02 -1.4888748863451794E-03 -5.6308643621498728E-03 -3.0427482417475488E-01 -8.4987103481936066E-01
 -1.0468923778903545E+00 -2.6068617718316172E+00  1.9125333396612187E-01  7.5788757821063657E-01  1.3442963030928696E+00  3.0349396523286880E+00
 -1.1404523585364346E+00 -1.2162997409557721E+00 -4.9090789473231963E-02 -2.2508863971744861E+00 -2.2164043659033141E+00 -1.0116440325883622E+00
 -1.7673009189956443E-01 -3.7958694559196987E-01  6.5533704963123751E-01  2.1600935838704585E+00  2.5401064689236152E+00  2.8658437294095793E+00
  2.2945520217526941E-01 -5.0756288953301892E-02 -5.9115333043549245E-01  1.0748802534678574E+00  1.6807591849226160E+00 -1.3919315545843799E-01
  2.9027516421878902E-01 -1.8980960240366221E-01  1.0763405784900125E-01  2.1466335836668797E+00 -1.8028130845659154E-02  8.8622993000767147E-01
  5.1701367604789472E-01 -2.2563102042980483E+00  6.1887509016238608E-02  2.4673930074411103E+00 -3.3486805777538214E-01 -1.3516547440680897E+00
 -3.8971104777606369E-01  1.0804435006572620E-02 -6.2821619623521874E-01  1.0237266378400232E+00 -2.5791489293942671E-01 -2.6753933538270804E-03
  1.6993931944547636E-01 -7.1460759720436162E-01  1.2633942182359190E+00 -4.6848015637927891E-02  2.0658406923459906E-03 -2.4852617621363059E-02
  1.4481393274749512E-02 -7.0899373301724716E-02 -1.8634828460252342E-02  1.1489367760567017E-03 -2.7233135599901696E-02  2.5442787648877266E-02
 -1.8918500292420645E-01 -1.8387731896539191E-02 -7.3099276545910319E-01  1.2379084534982756E-02 -1.1370397342152296E-01  2.0675896588267517E-02
  4.2513692971302908E-01 -1.0801678279288833E+00 -5.8893252982607369E-01 -4.1263337982618231E-01 -3.8044816009546569E-03 -6.5999825543139679E-01
  5.8883251872307951E-01  1.7534477424710135E-02  1.7433514982177859E-04  4.4459468926717406E-02 -1.4240083119118260E-01 -8.0017492657525141E-02
 -5.8974468634625507E-02 -6.4653615415793389E-03  1.2211293221043505E-01 -3.4526595343965333E-01  3.3881800272705426E-01 -1.7544053869905618E-01
  4.8356963918331098E-03 -6.3866552799282372E-01  2.5958143585488541E-01
ORDER     2 BLOCK     3
 -1.6968226271380664E+00 -4.0169957971806687E+00  4.9118033774543457E-01  2.0314272129895206E+00 -1.6942660196296347E-01 -7.9180299831471634E-01
 -4.7310931365030093E+00 -5.8635764795139638E+00  2.2504444708167370E-03  1.0953619332264604E+00  4.3290902479600728E+00 -2.5454275242367219E-01
  2.7198719340172022E+00  5.1822441580392580E+00  3.0508021555740461E+00  2.2128980539654504E+00 -1.4215580746462524E+00  6.3038083402754264E-01
 -2.1735897215342104E+00  4.7273801199057131E+00 -1.7709349030900151E-01  1.1028123235620281E-01  4.5379122594810459E+00 -2.2360098085049236E+00
  2.9063824430969398E+00 -1.2615298139811761E+01  5.8965117140351975E+00  6.5369306161715803E+00 -5.3285016181607956E+00 -5.2855748185204705E+00
 -8.5004916046353352E-01  2.5914405324050527E-01  1.5190279647074807E+00 -4.7172821228183476E-02 -2.3417431755150684E+00  1.8548374043937654E+00
  1.8893432414101186E+00  2.9478782664309500E-01 -8.7433578065357431E-01  3.2852825336204219E-02  3.6325326535434153E+00 -3.2874353253604749E+00
 -2.3076203260324402E+00 -7.4794261376162918E-01  1.0190682777408184E+00 -2.6464057703669325E-01  6.9150151034169616E-01  9.8163197958946202E-01
  4.6906440732621318E-01  1.6292600644255903E+00 -1.1147322051070532E+00 -4.8245016530032915E-02 -1.3230495574630186E-01 -9.2570688256321987E-01
 -6.8803883044378999E-01 -2.5516872024656831E+00  1.4314603242665120E+00  3.4233035060671747E-02  1.5567999012728792E-01  1.4886414853846779E+00
  3.2651744534575561E-01 -1.9488715754316835E-01 -2.8560830701277945E-01  1.2962383639276115E-01 -4.0959604398039973E-02  1.0927332201010316E+00
 -1.5447282260859859E-03  1.3379076746986227E-01 -1.9776676418610567E-01 -1.4685113797741076E+00  1.5262019151809650E-01 -2.3964154351678815E-01
  1.0154600306488477E+00  1.0962241598255114E-01  2.4806943055073491E-01  1.0952736059114010E+00 -1.5920345198607595E-02 -1.9963682368836697E+00
  1.2756982917061239E+00 -9.9855946674196561E-01 -3.8110638507586017E-02  1.3981728190087808E+00  1.9176449158727787E-01 -3.7469304626231048E-01
 -6.4030248457490446E-02 -3.0487302129134797E-02  5.7665248122568458E-01  9.1726994727559652E-01  5.0264465694566862E+00  2.8535162549116362E+00
  2.1714429173131575E-01  3.7023242551521174E-01 -4.2054122173967734E-01 -9.7610135874124848E-01 -5.0888752031824875E+00 -2.7711394429173550E+00
 -6.0132430256654512E-01 -1.6055138577601604E+00 -1.5051044759388541E+00  1.3740818140038578E+00 -1.5976417708268393E+00 -4.1175254645113575E-02
 -1.6436715858241510E-02  1.3976819905313119E-02  6.1269532607757293E-01 -6.4272864697167464E-01 -1.1166945673538999E+00 -2.9208426432766003E-02
  1.8591092412845436E+00 -2.0695902497092047E-01  1.4179803509346867E-01 -5.6326826969268740E-01 -1.0263197588744085E-02  2.9465608519356183E+00
 -2.9631586438933422E+00 -4.4751716224862975E-01  1.1342947213948702E+00 -5.7846428535499339E-01 -1.3352856639267977E-01 -1.5537551003591255E+00
  5.7919525868355937E+00  6.9976625402151504E-01 -1.9711912564293828E+00  5.9607257172550177E-01  1.2423094741324786E-01  2.4965011414653620E+00
  5.5173094557635846E-02 -4.1016151424038522E-01 -1.5667156536272864E-01  9.3655088779837428E-02 -1.9500256053786727E-01 -1.8499057727901411E-01
 -1.3775088506041364E-01  8.6553123138748289E-01 -5.4853486354435421E-01  2.2160228559844306E-01  1.0790845832328753E-01  9.3736186890906259E-01
 -5.2958501059169871E-01  3.7279334702901368E+00  2.4299600356170424E-02  1.9044852508261788E-02 -6.9489893163580924E-02 -1.2957162853845021E+00
  7.5691759865418806E-01 -1.0072608902465351E+01 -2.0821173010603353E-02  4.0347283039688250E-02 -4.0391839216286163E-03  1.0527451224771942E-01
 -1.0737077988029388E-01 -7.8316310417360244E-02  5.4571082559200582E-02 -1.4534612834990213E-02 -1.4229673096543763E-01  2.8973090278632287E-02
  2.7630868648572920E-02 -7.6875562695360306E-02 -1.9213467403473310E-03  1.6491155959138531E-01 -8.9027317290239139E-01 -8.6939535013732208E-02
  1.2994627578987636E+00  1.2210354643648230E-01  4.7849455362162285E-02  6.5940951810874240E-02  4.3344524139931458E-02 -7.5179890186390333E-02
 -1.5748772699751731E-01  1.0560803083330385E-02 -7.7835505517116954E-01 -1.4369541094778864E+00  1.2432418831756191E+00  2.3520316672506842E+00
 -1.1317362309965745E-01  2.4897140875950696E-01  3.9258727770041295E-02  6.2674753183422482E-01  2.0255963536812097E-01  2.8436863699115630E-02
 -2.2894158554801209E+00  1.8531753284444291E-01 -9.4711940393861072E-01  1.7993739385197591E+00 -1.6082581037252536E-02  4.3104983695268571E+00
 -2.2890900121189683E+00 -2.0779450099438287E-01  1.2721453187835421E+00 -2.8662248891678210E+00  5.6655597446800529E-02 -7.2309790919875594E+00
  4.5601030220195948E-01  4.0816118726217543E-01 -2.3506468217268792E-01 -1.0912209402397252E-01 -4.8253912873932381E-02 -5.3702732013001693E-02
 -2.6449072818777031E-01 -2.6609008909916674E+00  2.8244214039671678E-01 -3.6661428592354872E-01 -3.5550626104184574E-01  3.0446599240877237E-01
  3.8602942983367278E-01 -2.7916818122846063E-02  6.9865371207251969E-01  3.6709425341647619E-03 -1.6454113650514984E-01 -4.1760033476295694E-01
  2.3082818584998055E-01  1.6883474607786442E-01  1.1082940162940332E-01 -1.5974964733466105E-02  2.5045016079521004E-01 -1.5371443947449839E+00
 -4.1540062052987138E-02  5.4775751803640199E-03  4.0136228113535188E-01 -2.0853577002147189E-01  8.8952668474259908E-02 -4.5049602854571175E-01
  4.7603748749567032E-01 -1.8331408969236150E-02  6.8692261183262909E-02  2.9387554689784445E-01 -8.3719536127481162E-02  6.5236788500059584E-01
 -1.6209557617055064E+00  5.9549117804862384E-03 -8.7943646254632926E-02 -5.2898524648818376E-02 -4.4348724075148484E-02 -6.3487520063131769E-02
  7.3872315651705269E-03 -6.7708740421507929E-03  1.2996792144306997E-02  8.8857108463987158E-02  1.4549733044219500E-02  1.0404573371336743E-02
 -4.8221189516495955E-02  1.7756326487637002E-03  7.1831282579456396E-02 -2.3976930267087013E+00 -7.4425895795407360E-03 -4.2264712762694915E-03
  1.2811437813834476E-02 -5.8371299014529476E-02 -4.3933688616057121E-02 -2.6325904148803815E-03 -3.6765114207513966E-01  7.0538859576147317E-01
  5.1566352187066855E-01  7.0817919230261678E-02 -3.6693240937659444E-01 -4.8502211054697891E-01  5.4046478772911977E-01 -1.6164634821093684E+00
 -7.3751073474321527E-01 -7.9669776290289554E-02  4.0525454760361684E-01  6.3589977478682980E-01 -2.3937519056426995E-01  1.5432993668482081E-01
  4.0088739771090738E-03  1.3199650066593421E-01 -1.9077576562629797E-01  1.3544367301960233E-01 -1.4812357675086351E-02 -1.8974218858502134E-01
  7.4125315448877671E-01  4.7787834582286706E-02 -8.8201429017232352E-02 -2.5706531813856959E-02  4.7903498555047067E-02 -5.6594886068868436E-02
  8.7234547460711409E-02  3.7386737204147105E-02  2.1531311300283548E-01 -1.7850001785336533E-01 -5.1472462525605597E-02  1.4251459206551570E-02
  8.9525643585720883E-03  3.1150263159578739E-01 -1.4377456559675317E-01 -4.4622835471958056E-01  8.9000684548089529E-02  5.7911374003175497E-06
 -5.5766634332987133E-02 -5.7616710438090628E-02 -8.4317064541716516E-02  1.3267957872695257E-01 -4.6325290406402632E-02  2.3243203236072055E-02
  6.1729654526536644E-03  3.6540848532617617E-02
ORDER     2 BLOCK     4
 -1.1022030531235973E+00 -4.3850150763713652E-01  1.2990084928073090E-01  1.3406309449947380E+00 -5.3528483921156368E-02 -9.8101966176929334E-01
  1.5524701004929804E+00  1.5423958853612910E-01  1.3757134861513696E+00 -2.0332539147610809E+00  1.3389959499946531E+00 -6.9977713373423678E-01
 -5.5231826799720274E-01  6.9498332428239340E-01  3.8153698756504884E-01  1.6085473225048030E+00 -1.3025495962307787E+00  1.4720566482107285E+00
  3.0153242223039638E+00 -2.4609202730120708E-01 -7.4085404347161232E-01 -2.0621813012221621E+00 -1.9306573693896572E+00 -1.7161369429871869E+00
 -8.8653007847854925E-01  1.3079248699696893E+00 -1.8495548800997135E+00  1.1943831404537497E-02 -7.1715656983520781E-01 -3.2114285029044587E-01
  2.0596100202590586E+00 -1.9444668854072917E+00  2.8270794167858804E+00  1.3480632002906452E+00 -1.7917027639305243E+00  3.1384201721791544E-01
 -5.3373258200158091E-01 -1.2206591148988430E+00  2.5802527812480927E+00  5.0137940518485236E-01 -3.8062197148408139E-01  1.6948704673056409E+00
 -8.0929535999950730E-01  1.1151236267206568E+00  2.1989237762672931E-01 -2.7926582597970753E+00  7.2837633886360220E-01 -1.6296924756666020E+00
  2.4895544126771654E-01 -9.3114513104097574E-01  7.0385334969104707E-01  5.8593606931004438E-01  1.7389968613945031E-01  1.5548195091238883E+00
  3.7894006113479312E-01  1.7580896102512915E+00 -9.4692634487781635E-01 -6.9037389339432376E-01  6.2707015077552741E-01 -1.7140906268859233E+00
 -2.7794030657885488E-01  1.8664448512387047E-01  1.3582952992355308E+00  3.1576482044225512E-01  1.7261391497650385E+00  1.5493634046467136E-01
 -3.2868876153042431E-01  3.1927015682789062E-01  4.4628898712731513E-02 -1.6063261801046191E-01 -8.7301656033241512E-02 -9.1530481314163900E-02
  5.5059866376326638E-01 -4.8325252221926218E-01 -1.6068874919265581E-02  2.1223187563129370E-01  4.7352580880895313E-02  2.5083016948489034E-01
 -5.2484931731186601E-01  4.2677994463549962E-01  7.4787078939275928E-02  1.3171830518634625E-01  3.7329093440685424E-01 -2.9028395127550274E-02
 -5.7294745037678463E-01 -6.3039857554851364E-02 -3.5882438807101713E-01 -2.2748971628432829E-01 -8.1516603678850649E-02 -8.7474147008282134E-03
  4.6426023511152923E-04 -7.6335729435780320E-01  2.0112521327577421E-02 -1.2164026139582429E+00  6.2833496572706460E-01  3.8784950052303887E-04
  1.6238055403305005E+00  3.8065830821145621E+00  4.7424735973003020E+00  9.0135897894132988E+00 -3.0922349943191163E+00  3.7193743776402810E-01
  7.9623212554297040E-01 -1.2748057981369316E+01  2.1016575475788470E+00 -4.0597764161581973E-01 -9.8434276252356612E-01  1.3288203475589886E+00
 -2.5754267234625985E+00 -1.4083793995567342E-01 -1.4944454044587099E-01  4.4262279480964589E-01 -4.3685050685518503E+00 -1.6628459915302600E+00
 -1.6151909674809741E+00  5.5854252198208509E-01 -3.8471650804736451E-01 -2.2957034655500447E-01  6.1212795843933119E+00  2.8077024266961197E+00
  1.7695531191190004E+00 -6.3567105670094803E-01  8.6652562050947113E-01  1.1820770723795329E+00  6.5882470390491477E-01 -8.3803330976504206E-02
 -4.2261544994623884E-01  7.8158702715681497E-02  1.8468218587688962E-01 -4.8996625816941525E-01  8.7657654720218137E-02 -1.0633527679361667E+00
  1.2007161264053652E+00  2.4648369977752740E-01  6.6507977461728129E-01  3.9506470250645148E-01 -1.6381012547204155E+00 -1.4534886022132041E+00
 -5.1786939592107228E-01 -4.6513388288687774E-01  4.8711892228696924E-01 -5.4074827615567186E-02  1.0664595231235689E-01 -2.4689408978628586E+00
  2.7662509865479229E-01 -6.8012399859781214E-01 -5.7008484890809585E-01  6.3492800142604749E-02 -2.5483198051644740E-01 -1.9298315048368805E-01
 -4.9824141006710454E-01  1.7703212638856283E+00  8.4736872784511341E-01 -1.9472335350810757E-01 -9.2335846618360487E-02  2.5801172848393389E-01
  6.9969057582870187E-01 -2.5612566205303632E-02 -3.5212139231407680E-01 -2.4228725523486091E-02  3.0428421305351677E-01 -1.2988044287475095E-01
  1.8636435974724105E-01  2.0797505890145001E+00  3.0193286602282787E-01 -9.2585678551689854E-01  1.2347874304792704E-01 -1.6707384059709610E-01
  3.0319510612492784E-01 -1.4479451400459878E-01  6.8173699205222882E-01 -1.0297714328169109E-02  4.7091369483014171E-02  2.7672399950443005E-01
 -4.2431599424811806E-01  2.0987637189690314E-01 -2.2177170872514629E+00  3.2615460181931932E-03 -5.6829790267127957E-02  3.9756291802019658E-02
 -6.4014653583531728E-02 -1.2012096491424651E-02  2.3286739649337276E-02 -2.3535502903399046E-02 -1.8185938334643514E-03 -7.4290858108125232E-02
 -7.5520537527730303E-02 -2.3057594142685295E-02  5.1624678139367535E-03 -1.4627982026476451E-02  9.2789290519855752E-02 -7.8622484261397979E-02
  7.7859658817965960E-01  1.1499267599819726E-01 -1.7734230234222731E-01  1.1617795183232806E-01 -1.0267850179614590E+00 -1.4025732052855969E-01
  7.0472624891115987E-01  1.2256562172525597E-01  9.9194775855845491E-02  3.2942057930845911E-02 -8.3027641500687130E-02 -9.4100441240307989E-02
  1.9041190277343908E-01 -9.4259368615310212E-03  1.1925697374340918E-02  9.8211849920653171E-01  3.1863406721485932E-01 -1.0309337798358350E-02
 -5.4363094007908053E-01 -1.2538655227423028E+00  4.0141449210851143E-01 -1.2552694212714904E-01  3.6161100487622400E-01  2.3818775430106573E-01
  2.1506765329530837E+00 -1.2014805299505794E-01 -1.0973025894017363E+00 -4.8400551992106927E-01  1.7449687985087722E-02  2.4846469283497649E-01
  4.3834424213395742E-02  7.8880141667842421E-02  2.6146854584571116E-01 -2.2444212201090195E+00  5.2390126943736581E-01 -3.7503249618380202E-01
  1.1028551462206719E+00 -2.3859261915778567E-02 -4.6168727655664044E-01  3.1128724575966809E+00 -7.1535606769723870E-01  6.4034795745703776E-01
 -2.0543407357634411E+00  1.8303453535972805E-02  1.2071130800330834E+00 -1.6296548872813676E+00 -2.0632427545584232E-02 -1.4893325061362583E-01
  1.7161847026004384E-01 -1.3282230949321643E-02 -2.3771366125671317E-01  7.2567932707891736E-01 -8.6819741226715896E-01  1.7492895628707189E-01
  1.2678383174814689E-01 -4.9280515491822829E-01 -2.5161984628589579E-01 -9.3198216243270265E-03  3.8317483201827923E-01 -2.0669635923027389E-02
  4.0082676592052713E-01 -1.0548874973965985E+00  1.2449658516384410E-01 -3.8067343652605032E+00 -6.8385003300037317E-01  1.4433114636794877E+00
 -8.0324641681004307E-03 -1.7631073671284327E+00 -3.8542964477322572E-01 -3.0855183882155596E-01 -1.7232288341976459E-01 -6.1782399146737510E-01
 -1.4787595000172564E+00 -8.5305186835516147E-02 -3.2019555523981606E-02 -4.8514799576835070E-02 -4.8381437006674063E-02 -1.0487687415656059E-01
 -2.8663989515260463E-01  3.1055721922248064E-01 -1.4521420638104757E-01 -1.4227858879114649E-01 -1.7097305932626988E-01 -8.2394129113497680E-02
  2.6550464904490288E-02 -4.6418104822484479E-01  2.5011969462616512E-01  1.9331863836009805E-01  1.2300485129725149E+00  7.9496174105750370E-02
 -2.6583198462323751E-02  1.4379224125590272E-02  5.3692025475796934E-03 -2.4205726726952290E-02  2.1468748858921045E-02 -8.4910094977230215E-03
 -3.8463218710088152E-03  1.6760980119103191E-02 -1.7479204878024606E-02  2.2608947471026982E-02 -4.0703488173057988E-02  2.6510778690591742E-02
  2.8342883257536232E-03 -1.8343727779071699E+00 -8.6079625728271662E-03  1.4530236392039974E-02  1.7062073019324198E-01  2.5364876385605384E-01
 -2.2321213976481918E-01  3.0580105323647147E-02 -5.5105724241158408E-02  3.4586905486635904E+00 -1.5766245327297304E-01  3.5347196198043745E-01
 -2.0059911540229447E-01  2.3689990769447191E-02 -3.6186568347555861E-02 -9.8041934621062747E+00  1.9956459577265412E-01 -5.2179922202396090E-01
  2.7820577137638447E-01 -2.5983769015036615E-02  1.0617347326048823E-01 -5.4012272411350530E-02 -1.6827573535668436E-01  8.7993336817012074E-02
 -4.3390181501284569E-02  2.7073439541259164E-02  4.0339148453348940E-02 -4.4682798833959353E-01  3.1125201847602296E-02  1.2475904316476159E-03
 -4.1439239714049503E-02  1.9493350418248996E+00  3.2451278332693324E-02 -4.0546192629529472E-02 -5.4430913399904787E-02  7.7428367562283662E-02
  1.1967633368866065E-01 -7.4091087168566078E-02  5.2910833341846854E-02  4.7523552282404411E-04  2.5912058730618158E-02 -1.1998145724314634E-01
 -5.2702861868423003E+00 -6.7272521175116076E-03  2.1439347214740129E-02  2.8926527803838997E-01  1.4421637733406932E+01  2.8231471263769174E-02
 -4.0163002595164476E-02  1.4946623308898807E-01 -5.0911364072601606E-02  5.0074883838543485E-03 -1.9917560424570221E-01  1.0534312332899218E-01
 -3.1956465479096714E+00  2.3168653782960066E-02 -3.4454815878047267E-02  2.9948939923092562E-02 -1.0998006424986441E-04 -8.7808265761128712E-02
 -8.4433994680205654E-02 -8.6808740308603801E-03  8.7013793855443590E-03
ORDER     2 BLOCK     5
  4.5754666404507444E-01 -2.4591650234914057E-02  6.0677051119202541E-01 -2.4915597712604445E+00 -1.9761275078556166E+00 -1.1081208811480283E+00
 -1.2100321299303871E+00  1.8807227341270707E-01 -8.2281919911904933E-01 -2.4283003537247613E-01  2.0471727528068833E+00 -6.2825791719188162E-01
 -3.1878213786242539E-02  9.7974726079447252E-02  1.3609417748950753E-01 -1.5511759835344847E+00  3.8879722484025780E+00  1.5268379347514063E+00
  8.3973312237035447E-01 -6.9026777639701942E-01  1.2950664566083754E+00  1.9544969367749483E+00 -2.6459189090095601E+00  2.2061295668211436E+00
  3.0033850972986200E+00  9.8651179862345950E-01  2.5503936413920556E+00  1.1764710367044726E-02  3.4655411805895237E-01  1.1070500981003313E+00
 -6.4527739679378744E+00 -1.3609229906893292E+00 -4.4891570966780110E+00  1.7776345617014480E+00 -2.2021926171377131E+00  6.8993856546876364E-01
 -1.1499293268723237E-01 -4.4139069155111432E+00  2.8543789954699337E+00 -8.9582868107117841E-01 -3.9792290598264342E+00 -1.1333169908374363E+00
  1.1260269474224134E-01  9.7010065855567507E-01  5.6392916834095494E+00  1.2928864626022918E+00 -1.6295650313564020E-01 -1.6732956086744304E+00
 -1.3373202716184109E+00  6.9623256745480477E-01 -1.2931794971289365E+00  7.6385845848056833E-01  1.8887826702362662E+00  2.6911189990564294E-01
  1.1926453459564824E-01 -1.6951008599565838E+00  2.2448258314146163E+00 -1.0782501642673608E+00 -2.6367910806469506E+00 -1.6894167268016375E-01
 -1.7725572417282218E-01  7.1931353383423846E-01 -1.1289193818346108E+00  3.6950249010741487E-01  1.3889633627372926E+00 -8.5143056942350220E-02
 -3.0745700603232418E-01 -5.5348324486404854E-01 -4.8847442682167438E-02  4.4055295793924837E-02  1.3295917467056070E-01  2.9958010524199380E-01
  3.3781751948051447E-01  7.1930755616663533E-01  3.9463585868295119E-02 -5.8416484287819460E-02 -9.4431983405109374E-02 -4.1999593699061760E-01
  4.4458988745488803E-01 -2.0462244895706144E-01  4.2229893388826961E-02  4.7305036305031169E-02 -3.9289356481857524E-01  1.2738228069214613E-01
  4.6241876347086786E-01 -1.0741599964309975E-01 -1.9326176354106497E-01  9.4716501912413334E-03 -3.3377706499577581E-02 -6.0903348430413487E-03
 -3.5836074843569873E-04 -1.0961840952181581E+00 -8.3594683156960996E-03 -2.7954837352833901E+00  1.6988456444944844E+00 -1.8923161809717318E-02
  1.8069809667119767E+00 -1.5064656880121370E+00 -8.8372822797571859E-01 -2.8974100807360976E+00  2.2393596118819357E+00  2.5128161615069722E-01
  1.5253858396789630E-01  3.3456225647430022E+00 -2.7214570716282593E+00 -4.4563152560891456E-01 -3.4525112459268809E-01 -3.4388416822214468E-01
 -3.1699918987780684E-01  2.3619065660744673E-01 -1.0447426413190271E+00 -7.6237309176101125E+00  3.8721167779674679E+00 -2.8363378516729862E+00
  1.2944192429273396E+00  5.4092591476134788E-01  1.2319830918824981E+00  9.2374388246337862E+00 -3.9325651917769964E+00  4.1195549785565797E+00
 -1.0662634104393367E+00 -5.3199511835430668E-01 -9.8731739439941779E-01  8.6133405074478187E-01 -1.4479651318572462E+00  1.0211077034826828E+00
 -1.8428494777051629E-01  2.5821274044380116E-01 -8.5835213901959986E-02 -8.7223525249592349E-01 -1.3562112150456076E-03 -4.2818061506513422E-01
  5.2223843450354135E-01 -1.6109845187123992E+00 -5.8597048894168557E-01  6.4866855017254366E-01 -7.2434452536188332E-01  3.6170991594360196E+00
  4.4204219242775539E-01 -6.6364238517438667E-01 -4.4483204696987355E-01  5.8942917380806770E-01 -1.7370173977636058E-01  1.1555906995596035E+00
  1.7040769956633527E-02  1.2747191788726113E+00 -1.9049817004311215E-01 -5.3266179854129891E-01  6.6469966978974365E-02 -3.4573807028747078E-01
 -2.4991524411850659E-02  1.5267712284200008E-01  4.1785694376760335E-01  7.7596824632479833E-01 -5.2833333720616460E-01  3.2567937176723538E-01
 -6.2771780304665348E-01  9.6745789689732839E-02 -2.4079027402325945E-01 -6.5795588721338588E-02  1.9047316205917739E-01 -9.3058412440942040E-02
 -3.0854373800537177E-01 -1.5346706079455175E+00 -3.0095003234261495E+00  3.3208458827574665E+00  6.5306439670241911E-02  2.2454117591990869E-01
 -6.0451587045898270E-01  7.9389441461890545E-02 -5.2360632396915456E-02 -3.4265072932312006E-02 -2.8664287769545011E-02 -2.8047142188114110E-01
  7.4615528976887446E-01 -4.3164854470930811E-02 -7.9561247397133064E-02  3.3281195639408408E-02  2.5706873739446190E-02  1.0695687096840098E-01
 -8.6461159140911140E-02 -5.2059720521194612E-02  3.0399967412302717E-03  7.0033654261973423E-03 -1.1113563105304867E-02  2.0699028797560148E-02
 -3.1662932643676790E-02  3.0768979070701839E-02  6.4903180881368108E-02  8.2062194006402148E-02 -2.5498686099338469E-01  5.0398888452863867E-02
 -1.4906596523950794E-02 -1.4601660202382499E-02 -6.8147693836373791E-01 -3.5458128292173978E-02 -5.2765071397586474E-02  1.4842292895653676E-02
  2.2864290854831850E+00 -3.3867568442248058E-02  5.4228263293555387E-02  6.9851678085530765E-03 -1.0824601101887493E-02  1.0721638099363127E-02
 -5.7650792487235564E-02  3.3268989749207778E-02  1.3167602473261895E-02 -1.2931349438293993E+00 -4.1161089207412949E-01  3.7307340979827619E-01
  1.2502719773570177E+00  1.7913778182006883E+00 -1.0803923654506431E+00 -5.8146439795483751E-01 -2.5225077585523317E+00 -1.1427213875970735E-02
 -8.9886982441368646E-01  7.4814689100737952E-04 -5.3425849220240618E-01 -1.5342326109863033E-01  7.1081381818489150E-02 -2.9879472427068288E-01
  1.4707717128758294E-01  3.8604733713458426E-02 -3.8956966912448021E-01 -4.1038900058219141E-01  1.2989329301711939E-02 -2.8346782429306089E-01
  5.2822121028642210E-01  1.0035489270401582E-01 -3.2550167231734028E-01  5.4198586001808979E-01 -2.1356923548429246E-02  4.6413312750798857E-01
 -1.3227734274967968E+00 -1.2105825232781046E-01 -1.6587508131750564E-01 -3.6098975465824584E-01  4.5081178260314533E-02 -2.6558938545700696E-04
 -1.8682349782280405E-02 -1.3644014564353196E-02  2.8130910874068432E-01 -2.2540940766228421E-01 -2.6896160292307064E-01  7.6950676734605797E-03
  1.5732615280541817E-01 -1.2621123702657711E-01 -7.5290186245952975E-02  6.1900073303571496E-03 -2.2098889911226119E-02 -2.8769729112623297E-03
  2.0268026430764281E+00  1.1342349955040896E+00 -2.4259456856828002E-01 -8.6586273216208631E-01 -2.9134543981134704E+00 -1.4350446422749248E+00
  1.9382044860716158E-01 -7.9539755640518295E-01  8.4699314070214735E-02 -6.6396714586004468E-01  5.3430964016443185E-02 -1.5777892429176718E-01
  8.9244185524358499E-01  4.2900710902064221E-01  3.1090102450810497E-01 -3.5722479321408762E-02  4.8073898939041504E-01  4.1554398972288097E-02
  8.1965446953720641E-02  1.7516919934344558E-01 -2.8454060216820160E-01  1.2383306042862262E-01  1.9592966541252625E+00 -1.9945151896563491E-02
 -2.4422983486718321E-02 -2.4094627958399814E-01  3.5811706583006397E-01 -1.8795952048990416E-01 -8.1182433000073573E+00  1.5754241327240612E-02
  2.5484038396814932E-02 -2.0550149457135378E-02  4.5146686780470791E-02 -3.4110929590892279E-03  1.2471962736652565E-02 -1.5504588547924974E-02
 -2.9246539383916840E-03  5.3304080202602425E-02 -7.4844962785262661E-02 -1.2479698000254761E-02  3.3587939404288603E-03  5.0080061660831128E-02
 -1.5929557010318690E-01 -5.9608307386119541E-01 -4.9710336490103486E-03 -2.5733515462664988E-03 -1.7645428959390231E-03 -1.0843281631534316E-02
  6.7820994936940143E-03 -2.8680383515897975E-03 -3.8066787716463901E-01  9.6224315597328260E+00 -7.3335904009895397E-02  2.6485548698294964E-01
  6.2583263601849445E-02  1.5264270440166688E-01  5.0878177764270716E-01 -2.6403797343346614E+01  6.5972704559002990E-02 -3.7157068905640328E-01
 -8.1219035643390072E-02 -1.8084258055300886E-01 -1.6097008691065420E-01 -3.2210880923463514E-01  4.5747029516183291E-01  4.9304923590513222E-02
 -7.0170553554192952E-02 -1.1716688134547140E-02 -7.1292030173403173E-03 -7.0774036715916622E-01  1.7468229075387401E-01 -2.9247949473831320E-02
 -1.2281267704042910E-01  6.1966040068513522E+00  2.4389911474118734E-02  3.0863566569931497E-03  1.4761796498635163E-03  1.1172930373379913E-02
  1.5685301315101915E-03  6.2752915227485863E-03  5.8557193682568738E-02 -1.7672432124411249E-04 -7.3482993025014024E-03 -6.7615871919587889E-01
  2.5328952775539828E+00  1.7444906567460094E-01  2.9153817135453464E-01  9.5709959472319328E-01 -6.6470493462617419E+00 -2.0613826762025420E-01
 -5.1275496616752902E-01 -7.1140662927460976E-02  5.2211322044952346E-01 -2.6732927305116474E-02 -5.3386605021887890E-01 -2.0470245749470020E-01
  1.1658900283915663E+00 -9.1997790682982000E-02 -1.9456861510784639E-02  9.0355038855724455E-03  1.2927747769743174E-02  9.2255858742901903E-03
 -1.0643962307504071E-01  1.6357951172058450E-02  7.3478862285767735E-03
ORDER     2 BLOCK     6
 -3.8321093534835748E-01  6.3518348283939330E-01  7.6652115363025564E-01 -3.7563570821408604E-01  2.8830976189727320E-01  1.4509774974972953E-02
 -5.0689868204948296E-01  1.8222723424988103E-03  1.4085512520278634E-02 -1.2024224573653101E-02 -1.8719563906155260E-02 -1.3633050739167915E-03
  4.5505855285183248E-03  1.9197779927904624E-03 -8.3303765297574586E+00 -4.4763123217618050E-01  1.0691532671727122E+01  1.1863731376074353E+00
  5.5652519113012289E-01 -7.0721089592422159E-01 -3.1996311164398739E-01  9.9131676804142153E+00  5.4638674852950242E+00 -4.5817052545638441E+00
  1.1501278883125770E+00  1.2851669400738785E-02 -3.9663014929136842E-01 -1.3895580656507116E+01 -8.1510962302622065E+00  7.8389615956550029E+00
 -2.7148966840844175E+00 -6.9173746020404114E-01  4.1391583059340853E-01 -7.3776411623855442E-01  3.5957929462226812E-01 -1.0939727110196551E+00
  3.1983820491673720E-01 -8.7964121376209392E-01 -5.0576940729708808E-04  1.0180282593055223E+00  1.8813774293543819E+00 -1.5086975308532591E-02
 -1.4639756720374679E+00 -4.0289281120113535E-01 -1.3072678241100251E+00 -5.8978030593441233E-01 -5.8542282238978105E-01 -1.0186181531260252E-02
 -3.3393861871071593E+00  2.0868094028594761E+00  5.4987429299088864E-01  1.2062977162220238E-02  6.5021940694097815E-04 -6.1552053955444351E-02
 -3.5994884535631141E-02 -1.7487262790634545E-01 -1.9261684886759603E-01 -7.5620410566558105E-02  4.6826438077295296E-01  6.3053541555323925E-03
  2.9722991467619991E-01  4.4847458379302485E-01  2.1830455806982263E-01 -4.3784125269452789E-01 -2.2173126588683898E-02 -1.6156153278018993E-05
 -1.6052769311826354E-01  5.8662105245724933E-04 -1.4540889234259158E-01 -4.3695314045832229E-01  2.7940477736689831E-04 -1.5666366349223687E-01
  4.0548437200255777E-01  7.9212211894730311E-01 -1.1783916068375702E-01
ORDER     2 BLOCK     7
 -2.9809596133762328E+00  5.8461108384557736E+00 -1.6671550425443271E-02  1.3013690442996020E+00  4.0924650972701571E+00 -8.2256951079720668E+00
 -2.6591232648545143E-01 -1.8106425635458869E+00  3.4915857861734478E-01 -3.8922913311657020E-01 -5.0899507057876259E-01  1.8399344547665661E-03
  9.4545479486083054E-03 -1.1997069918080293E-02  1.2928421788143074E-02  1.1782333037569422E-02 -1.2408362874526395E-02  2.4506585761219172E-02
 -2.2440862899211374E-02 -2.6656466338787904E-02  2.6951424645493077E-02  5.3121722503591713E-03 -6.6586048686389532E-01  1.7584648183200149E+00
  8.3522727337333891E-01 -2.7027668805990941E+00  5.0860759016789236E-01 -2.5050305154455481E+00 -1.7570617589181623E+00  3.8727333960111832E+00
 -5.6664979434074769E-01  2.6864327893705742E+00 -2.9638231610137805E-01 -1.3579327849366662E+00 -4.1697443992179055E+00  5.9476832238284745E+00
 -1.2776480587372354E+00 -1.2642720000248131E-02  8.2943253516505333E-01  1.9680078759047270E+00  5.9560048044203882E+00 -7.3525044965471196E+00
  2.4483271399063300E+00  2.2586616533835313E-01 -2.0545286275766301E+00  8.8355225171999607E-01 -2.1046057862514842E+00 -1.1140496560446926E+00
 -7.5374109740101586E-02  4.7239237572685572E-01 -2.8797386240489331E-01 -2.1811870254445371E+00  2.6968294567721800E-02 -2.4564835140448943E-01
  6.5715688053354981E-01  1.0043112910428005E+00  1.3423447747598516E-02  6.5604850292819195E-01  9.6191783447099311E-01 -5.7712020311758006E-01
  1.3054547753515440E+00  1.1754553864136142E-02  6.8278601019041962E-01  1.3769748509425153E+00 -7.3683540664719627E-01  7.3361222873948879E-03
 -4.3800617856098856E-01 -1.1590172819647721E-01  6.7512185655434109E-01 -5.6602275635444753E-02  1.8196087401989674E-04 -2.4053101128447742E-02
  8.9089959076161324E-02  8.9184268740950007E-02  6.3838378916875715E-02  1.3600927139522925E-03 -6.6082904613145935E-02  1.2850423921942322E-01
  1.9780155418962109E-02  9.2721881853023366E-03 -2.0712537976909345E-01  1.6722954074516377E-01  2.8759048524526026E-01 -4.2078823108639670E-03
  1.0602491373648540E-01  3.1474583590551536E-01 -5.8124808364928247E-03  3.6682212975506240E-01  8.1685449435241614E-03  8.0360852363485269E-01
 -3.6523183667360487E-01  1.1342849219801054E-02  5.0702832754065115E-04  4.0916475394675696E-02 -1.2692676578704586E-02 -1.4415664039268876E-02
 -1.5044182597395839E-01  1.2497491355141529E-03 -1.0483508761498836E-01  5.4412920314935970E-02 -2.9283095186212665E-02  1.7036026207809987E-01
 -2.3757758819649313E-03  1.0533928488881375E-01 -6.3529995395715272E-02
ORDER     2 BLOCK     8
 -2.8469574133613382E+00 -2.5540475248054978E-01 -6.2426405100390951E+00 -1.8458368200529538E+00  8.9156030609024173E-01  3.6185131775557728E+00
  3.5415548755143083E+00  1.9470433962774023E+00 -1.6647573270863666E-01  2.7626914117231203E+00 -9.8663284706108356E-01 -1.4347792522855046E-01
  1.8177897636570428E-01  1.1144680353226946E+00  2.6371038066059654E-01  8.0335129074374105E+00 -1.8482401908580470E+00 -5.2379399456893010E+00
 -7.0531975012637202E+00  7.0045592122580516E+00  3.6796497359146169E-01 -4.6573248467460315E+00  1.2881527972720734E+00 -8.7262836712818341E+00
  5.9198213980153380E-01 -2.5259602564455359E+00 -8.4152175522547807E+00  3.1924026877276657E-01  2.6607021300538897E-01  6.0418420807443896E-01
  9.2931762873272583E-01  3.6662545383871041E+00  1.0616759622682883E+01 -4.3244196364347411E+00  1.2826366633251811E+00  3.9455390613893172E-02
  5.6199224513101054E-02  1.0427403797915362E+01 -1.6991745974852159E+00 -4.6721869473889510E-01  6.7199588868539495E+00 -1.0969448582143151E+00
  6.2189883065520912E-01 -5.1668018353681022E-01 -9.3285095443846036E+00  2.0077451033020370E+00 -5.0159295446206964E-01  1.1492871168604069E+00
  7.2767151056756341E-01  1.3597260279310373E+00 -3.0745935674676437E+00 -1.1653758294050955E+00 -1.6617089142657009E+00 -7.0054363118550012E-01
  1.6372664512223148E-01 -1.0841551140531334E+00  3.8781296471287954E+00  1.4366718493475137E+00  4.3649655743252573E+00  7.7135545961566254E-01
 -1.7011387680213852E-01 -1.4927036083028888E-01  2.6294945775182388E-01 -4.3176277205743152E-01 -2.4560985063777840E+00 -2.2332228866124706E+00
  2.2708144161774313E+00  8.6595851448543393E-01 -1.6738673467168327E-01  7.8557168470420907E-02 -4.9500910883289721E-02  2.7630014666520379E+00
 -2.9234032913867498E+00 -1.2023989455663644E+00 -6.7543348457800079E-02 -6.0329805617506761E-02  1.7105317601357726E-02 -4.4876970013209568E-02
  3.6269363300519397E-01  6.2958024535248472E-02 -2.6100111070818893E-01  9.9835274964723705E-02 -1.1168979487465815E+00 -2.7461787154867440E-01
  1.8013732550548542E+00  2.2680189645501075E-01 -6.2076693803054361E-02  1.3429634834330878E-01  6.2546771650800817E-02 -3.1306137167915075E-02
 -8.0640502494647495E-05 -3.3633345611001658E-01 -1.6284077416271300E-02 -1.4440101229730695E+00 -4.6131136025890633E+00  6.2555876514535655E-03
 -4.8365618186752768E-01 -1.4427738030761118E+01 -7.0061474425577384E+00 -4.1752774301533085E-01 -4.7147473866609939E+00  2.4300094663461544E-01
 -7.6469096130965797E-01  1.2698186888953318E+00  6.9743121595726087E+00 -1.1172598233410405E-01  7.5868859865248395E-01 -1.1021056759555701E+00
  1.9892155239659064E+00 -2.7431435777019292E-01  2.5571347498147123E-01  1.5854592738844076E+01 -8.0352918204889274E+00 -3.4727993774199932E+00
  6.2424517308286898E-01 -7.3520387199496118E-01  9.0918078856429357E-02 -2.0947456011182954E+01  9.7833952621167839E+00  5.0289222026161724E+00
 -1.0827813173893177E+00  3.4138365302131041E-01  1.0474625825097146E-01 -3.8064907576117635E-01  1.0499029045140247E-01 -1.3714233606903241E+00
 -7.4512491713355347E-02 -1.0334869597989106E-01 -5.2593455685007402E-02 -3.6412511337444858E-02 -2.0187461950733757E-01  9.3086507097172944E-01
 -2.2835865615060844E+00 -2.7311474009913104E+00  1.1167294649308492E+00 -3.4120364478418230E-01  2.8463960472996988E+00  5.7747124852336000E+00
 -2.4863191700761815E+00  3.9379655575972194E-01 -1.2654185608473087E-01 -5.8956635873005880E-01  1.2378515886758068E-01 -6.3024484526680957E-01
 -7.1969210268220007E-01 -2.9305573917835686E+00  6.0106213072856551E-01 -5.0867282649230772E-01 -1.0348869753495693E+00  6.3925828942124374E-01
 -1.7337303181690416E+00  7.1531793837792446E+00 -9.8959098291745662E-01  3.7904496921754544E-01  2.6476800317182487E+00 -5.3887829088270978E-01
  2.1541880277375522E+00  5.6168749796382378E-01  7.4487615051875355E-01 -7.3429440492899545E-01 -8.2558854745636134E-01  6.5190584739115165E-01
  9.9000560167627524E-02  1.7538977081446323E+00  4.5695255572760312E+00 -3.4517987648595216E+00 -4.0642572914971875E-01 -1.0513054576185059E+00
  8.8454530752301497E-01 -9.1863526749460911E-01 -1.6694398247040568E-01  4.7616836089205028E-02 -2.6010968669279457E-02  1.5423638762034027E+00
 -1.1512587601984714E+00  1.2894782259482949E+00  7.0794030361990556E-01 -9.6130990694531057E-02  2.5167925748336050E-02  1.5367804148865056E-02
  9.9398635126296958E-02 -5.2938610906943816E-02 -2.1575297146403431E-02  5.3177379185145958E-02  2.3773149549884989E-02  2.2642766749638018E-03
  5.5975322685998669E-02 -1.1067296049874838E-01 -1.6296119445260127E-01 -1.9889680308568974E-01  2.5386945831684415E-01  9.7318027921245692E-02
  1.1150644410519503E-02 -2.9049825029539521E-02  1.7123162456425172E+00 -4.0152744907862464E-01 -1.4478221329363123E-02 -2.1678217506282287E-02
 -4.5336555985766651E+00  1.5450965518437420E-02 -1.4170498400236742E-01  3.7868532641629399E-02  1.6210736459145635E-02 -2.7276658543918635E-02
  3.3199579801939910E-02 -1.3390910834183678E-01 -2.9003034177611891E-02  1.3032378887160119E+00  7.2059291575718842E-01 -2.0522425394573338E-01
 -2.0038741917377106E-01 -1.7435584304564724E+00 -3.0425830424788286E-01  2.1614294285078409E-01  2.4052080347398658E-01  8.3370185914193512E-02
 -1.3236928961916703E+00 -2.6616166232496144E-02  9.6332244422027224E-01 -3.6248006554198237E-01 -5.2876031171231508E-01  2.9005261308529479E-01
  1.1804939545007508E-01  3.5444317404735429E-02 -2.8750249608437928E-01  1.6873474577350334E+00 -1.2964126022175704E+00  2.8408875006972972E-01
 -8.8841588722726927E-01 -1.3674549003077902E-01 -7.9668251252670585E-01 -2.3688760928903667E+00  1.7641574062043750E+00 -2.3933160904036607E-01
  1.8028639898415597E+00  1.4570910076645505E-01  1.2484572837676529E+00 -1.0312019941952928E-01  8.4204980825653170E-02 -1.2733685299658193E-01
  1.1938272427651812E-01 -2.4504218343017140E-02 -5.9459966977748357E-02  1.0124271564103124E+00 -6.1816524985581511E-01 -3.6463893767224292E-01
 -3.1686548551201493E-01  4.7126324646858636E-01  2.3989345697326148E-01 -1.0663134053839278E-01  2.5067754177086876E-01  1.5236047625015512E-02
 -2.4260146776194840E+00 -1.3517660636583659E-01  2.7253971475943748E-02 -3.4351273983645114E-01  3.0033752502164774E+00  2.1140401905126474E-01
 -3.9793160496242964E-02  2.0546901839485292E+00  5.1068992642809719E-01 -1.9292632917885185E-02  2.6936901266993979E-01 -1.2515132724345610E-01
 -9.6010950742417178E-01 -3.3915456977718467E-01 -7.6249863447141919E-01  1.2577946533162696E-01 -4.2329856839067886E-01  2.3590787487274151E-01
 -4.5943359331995176E-01 -2.6080984926943396E-01  4.7967574523870349E-01  1.1881827754762241E-01 -1.9173737977248348E+00  1.4718726650413375E-01
 -2.0212462998374963E-02  3.0664003696173642E-01 -6.0795671345478064E-01 -1.9634649937983623E-01  7.0902754305614675E+00 -1.2564390020035265E-01
  2.0857966609765445E-02  6.4791347517630538E-04  1.1199018683288754E-01  1.5483779815073664E-02 -4.6144319466626435E-02  8.5961204125040280E-03
 -9.3925073696489152E-03 -3.5296334845738320E-01  2.7447836319681312E-01  1.8507512841326984E-01 -6.2967373416256394E-03 -1.0919227074290606E-01
  1.6199995273704512E-01  7.9052391234678832E-01 -7.3405006848944578E-03 -1.3687725339809291E-02 -8.2230021186917718E-02 -6.3141220910321205E-02
  5.4591474228001195E-02 -2.3098270163605137E-02  3.3493605179878178E-01  5.9063864551629885E-01 -1.8417772671351235E-01  6.2984484003373398E-01
  2.2119383421173852E-01 -1.6454499602741621E-01 -3.9571504151549208E-01 -1.7765638793925500E+00  2.5512705446523470E-01 -1.0530718548714404E+00
 -2.6607381094794069E-01  1.8034309468221804E-01  1.0718893691892974E+00 -5.9449669957943804E-02 -8.4579058295514348E-02  4.5203394618705199E-02
  3.0488003650898352E-02 -1.5471950732571899E-02 -3.3540214269012042E-01  5.3704148073974139E-02  1.9356022172738841E-02 -8.8144280505824124E-02
  1.3740595233702618E-01  4.3803486743407793E+00  4.9924586536632634E-02 -4.7302994762984718E-02  7.4050379271780750E-02 -2.9185879119081031E-02
  8.1293039744840985E-03 -1.4138996544085411E-02 -3.1266703782660216E-01 -1.1498272745163693E-02 -1.3683947942091570E-02  3.5383908384627027E-01
  2.9327445592757937E+00 -3.9961018343935528E-01  8.3480993694190944E-02 -6.5746426194655327E-01 -7.9235533753785381E+00  5.9018875322768638E-01
 -5.6774119374094621E-02 -3.0423129595441423E-01  7.0872612316848216E-03 -7.2305575735745628E-02  1.3779037499674110E-01 -3.0375692163308898E-01
  2.0129185783003023E+00  6.9058153745458192E-02 -1.1355492558893916E-01 -5.3935158663671219E-03 -1.0769806753125813E-01  1.6559302538850718E-01
  7.8606516958131020E-02 -3.3631536500307526E-03 -3.9096283590709248E-02
ORDER     2 BLOCK     9
 -8.5297690636994539E-01  7.1759032436514572E+00  2.1909992888933902E-01  2.3138187616715311E+00  2.6002819830186987E+00  4.8238182351909376E-01
  2.3131194851151116E+00 -2.6363694816866468E+00  9.2667523746742064E-01 -2.1754563509635210E+00 -8.9149451031373133E+00 -1.6399576436937227E+00
  3.3048659935947544E+00 -4.6600719049469612E+00 -6.0301977818613484E+00 -5.8419626499321495E+00  7.7526070953150619E+00  7.7986639102206889E-01
 -1.3345721850636463E+00 -2.4238753145314615E-01  6.9612571540529411E-02 -1.1064978948768667E-01  3.4450206107345718E+00 -9.8375386260721231E-01
  1.9783303406491288E+00 -2.8523703913212173E-01 -5.4286917331942108E+00  5.5378964241880562E+00  1.0937272414257780E+01 -5.3069524643633583E+00
 -1.7740276458900708E+00  3.0730229411406862E-01  2.2151304050056231E+00 -4.8691095918863625E-01  3.3339320956259257E+00  1.6912029618228108E+00
 -3.4964741331613149E+00  3.2610338546138329E-01  1.9346997104714297E-01 -8.8033149854942172E-01 -4.5600983980632055E+00 -2.3255478997169052E+00
  5.1117441307679599E+00  2.2788905897678582E-01 -4.4327251505009763E-01  6.2401665757298697E-01  1.4118313995649642E-01 -2.6730533862025507E-01
  7.5064498146283498E-01  1.8676512327737782E-01 -2.1596642417750371E+00  1.6743898162319415E-01 -1.7289358596015150E-01 -4.1205521455524119E-01
 -7.7843800647470895E-01 -6.9020836131481994E-02  3.6491293366244126E+00 -2.1101232239285783E-01  1.9694509047613745E-01  9.5332864616558399E-01
 -4.4991205669181807E-02 -2.9000948851496561E-01 -1.2852554405164829E-01  3.4619194788647993E-02  5.9545926752824441E-01 -3.7071457710175064E+00
  2.0441005379326699E-01  8.5701002209664090E-02 -8.9926137590811450E-01  4.9918722316198698E+00 -2.3887330348743721E-01 -1.7881951466952173E-01
 -3.4397615094528877E-01 -2.3547715247416731E-01  1.0064201047081478E-01  7.2047548866288869E-01  6.4519604434711761E-03 -2.6201786349047690E-01
  7.0785549242471080E-01  3.1627477934264245E+00  7.7750059868293575E-01 -3.9506184414488041E+00 -1.1993550619230211E+00  1.7497539217780719E-01
  7.2950956717739282E-02 -3.7532144615106555E-01 -1.7058499541916390E+00 -2.6365578269684073E+00  1.0939435729732774E+00 -5.1596959819737553E-02
 -1.2091151954425574E+00 -6.6149497902499210E-01  2.1456875132258464E+00  3.6501880018382531E+00 -1.0247465784315222E+00 -5.3840699389038171E-01
  1.0502005894036148E+00 -5.3412536950665446E-01 -3.4639882564319219E-01  1.6765693823425248E-01 -1.2325440567537711E+00  3.6038882330995992E-01
  2.3824654955891042E-01  3.7654059715708489E-02  2.4079719707967773E-01 -1.2420338260054471E+00  4.8499405693566198E+00 -1.4806323707208839E+00
 -6.5682406539022020E+00  1.3887160043298119E+00 -1.0821902548137623E+00 -1.3428273596729681E-01 -1.3681654766763196E+00 -2.3339836173404610E-01
 -1.9881016947256409E+00 -2.2397836652116778E+00  2.5501485783792410E+00 -1.2082659289786735E+00 -4.2593979802622484E-01  4.3172371088378891E-01
  2.8166488246967010E+00  3.1894107456673240E+00 -2.8394553024287732E+00  1.2041607786648683E+00  1.8271357226137602E-01 -1.1801190101770096E+00
 -5.4140053649325304E-01  5.3108311200118097E-01 -4.1768232655941501E-01  4.9334929960165425E-01 -1.1102047631450332E-01 -3.2182972461184289E-02
  1.5660165765020133E+00 -7.4209030475065529E-01  9.0671729951979974E-02  9.9542040979467872E-01  9.0043249759426580E-01  7.7609525602792762E-01
 -3.2730893990068743E-01  4.9779028703708011E-01  3.5524642980582881E-02 -1.8560350992391092E-01 -1.1854138435611612E+00 -1.0261916164237661E+00
  3.6186313431967476E-01 -1.8323749454985636E+00 -2.8240113261856544E-02  2.4837432223304803E-01  6.9341557662184999E-02 -3.3605499779617465E-02
 -1.9624538235409571E-02 -1.9858370925177213E-02 -2.5981278952531772E-02 -3.6876886867042546E-02  1.5615721741747060E-02 -2.1129583913971076E-02
  9.4376858647561818E-02 -1.4327950076745266E-01  2.3159361675971274E-01  2.7678695879088860E-01 -2.3267303011779936E-01 -4.3082285430102951E-02
  1.3126847632175262E-01  2.5650544992902688E-02 -7.9628354103343985E-02 -3.4499442406394555E-02 -4.2289290481401079E-02  1.4918945107039289E-01
 -2.2187321680654204E-01  5.4273430459879923E-03 -2.6426812700207541E-01  1.8062290867690645E-01  3.4864305455878525E-01 -3.0733876624865358E-01
  1.1425964420096784E+00 -1.1549423318815305E-01 -2.3497269536726095E-02  9.3379312967583200E-02 -1.2941468555089969E-01  1.1839240406703257E-02
  2.1163038636933540E+00 -1.1063422303461088E+00  1.4568845681312850E+00 -1.0730642716446057E-01  7.2535913945314490E-01  3.4070247178981226E+00
  4.0114707623966850E-02  1.5643259196550747E+00 -2.0200348077042047E+00  2.0331461139350226E-01 -1.7111745945625554E+00 -5.5481141721843308E+00
  2.7487184784295593E-01 -1.4907557582967765E+00  6.5828150764659921E-02  1.6834400414006229E-01 -5.5571600769854422E-02  7.7846385192010939E-02
  6.8420494483193495E-01 -1.3463907835642284E+00 -1.6945313111943519E-01  2.9789015367554811E-01 -2.3883466122847888E-01 -2.5226051814290151E-01
 -2.6099408616271969E-01 -7.6455580274219443E-03  5.2447877654939734E-01  6.7298023821294427E-03 -2.6609794940949538E-01 -2.1580190011576608E-01
 -1.5358307473210919E-01  3.1116308955864230E-01  1.0249895384466334E-01 -5.8120377191833862E-02 -1.3054255356935232E-01  2.8606271301402031E-01
 -4.5813875802082932E-01  1.7961191105173524E-02  3.0857718083662544E-01  7.9654354375204284E-01 -1.4902003431845728E-01  2.7675666397228904E-01
  1.3292449471652476E-01  1.6791574586307933E-02 -6.8427409742084569E-02 -1.1333659239997389E+00  1.7916483886638088E-01 -2.7635553834025894E-01
 -2.0910423877109592E+00 -1.6705352352650440E-02  5.9134665049559575E-02 -1.3976874206411898E-02  6.6649418098457910E-02 -4.8673033271076922E-02
 -9.0824591906132918E-03  1.0603736928813492E-02  1.5069404792103679E-02 -1.4535621020651779E-02  4.3582210694218214E-02  1.6730723998049643E-01
  1.4357091575167710E-01  1.5653144877123393E-01 -8.6037159062623270E-02 -1.5498688405776835E+00  1.7042742901218596E-02 -2.9431561922237972E-02
  3.7300455468142167E-02  2.4346705573809596E-01 -2.5901085238786380E-02 -3.3368228187102701E-02 -1.5607760538161516E-01  1.9812419855681211E+00
  1.0578999902703030E+00 -1.9716339146904760E-01  7.8872954285840791E-02  1.1074887388350987E-01  1.6494829523611748E-01 -6.1395365592401960E+00
 -1.5466423632271964E+00  2.8239645832481242E-01 -8.1087863491711529E-02 -2.7720838893787858E-01  3.6082155247889736E-01  3.9114059732790085E-02
 -8.4641039076197833E-01  2.2971474602688554E-02  6.9857416954200752E-02 -1.5574233903339334E-02  2.9292185797797843E-01 -1.4514230425774663E-01
 -1.1617129512752841E-01  1.0696818580265149E-01 -1.1158021580537078E-01  2.6384460056021362E+00  1.4717959409581663E-03 -4.4580147547223468E-02
 -1.4316772578895087E-02  1.6170333547151330E-02  9.2785113481335391E-03  1.2647291497719998E-01  1.3636060088945334E-02 -8.4634612899835704E-03
 -7.5558645302034988E-02  8.6718293447071648E-01  2.3049753331639300E-01 -1.1109874783319089E+00 -2.6766263215885538E-01 -6.0601699367394214E-02
  1.7717838035960446E-02 -8.1403565391820274E-04  3.3402214184280982E-01  2.8555738576922934E-01 -1.2274881753120706E-02 -1.5364416277091595E-03
 -1.3513746560603513E-02  7.5137841244900944E-03
ORDER     2 BLOCK    10
  4.3509536248484837E-01 -1.5580260624437594E+00  1.3569326384948641E-01  6.7740947599466694E-02  3.4296560283004407E+00  1.6568997686866898E+00
 -2.5328835123831266E+00 -1.4059873812289860E+00 -4.9160806686377234E-01  1.4598453613932039E+00  1.8684818041903697E+00  1.3796195087055350E+00
  9.5860916510613314E-01  1.9515054394366946E-02  1.5151001036513130E+00  3.0562514022725451E+00 -7.4772077290122727E+00 -2.1225408569759074E+00
 -1.8208837396273883E+00  1.2873564556502501E+00 -1.0590856975407080E-01  2.2752626947230787E+00 -2.6129573284044447E+00 -7.2016664788058833E+00
 -5.4885161742477324E+00 -3.0819319373159701E+00  3.2144364404836034E+00 -3.0562141684847904E-01  2.9218742283976523E-01 -1.8100730399522691E+00
  1.1512572463108039E+01  4.0797185783598202E+00 -1.0304168288302522E+00 -3.4012741002016162E+00 -2.4206757501099916E+00 -1.7755300503304707E+00
  2.3028302654315236E-01  5.0899354806786237E+00  3.3768707795759978E+00  2.3599299090633128E+00 -1.8399987090073993E+00  1.5957972876216428E-01
 -5.8178842950481380E-01 -1.6097170791675208E+00  2.6812468259850442E+00 -7.9783013291260096E-01  8.8597894109422148E-01  3.1694237943480701E+00
  2.3767654287709664E-01 -1.7523795071655226E+00 -5.5125215924792159E-01  1.5753478380343695E+00 -4.7859918415626018E-01  2.8516468238311160E-01
  9.4455158701784017E-02  2.6074905036275084E+00  1.2802629122951041E+00 -1.9835395461696064E+00 -1.2352427209587276E+00 -6.2830228057551041E-01
  7.1748563481606215E-02  1.1093736713225350E-04  6.7932167124113296E-01  8.2180128803547603E-01  1.0024227068734983E+00  1.0174835279358001E+00
 -8.6501547157931213E-01 -1.3287508692234629E-01 -1.7001575663358365E-01 -1.7418560972560118E-01 -7.2197198807645441E-02 -1.1978812329034776E+00
  9.6473480451262639E-01 -9.1660852298941553E-02  3.6012965963060173E-01  1.5926233297591469E-01  9.5820977795806755E-02  1.2464544023821800E-01
 -5.8023717569921238E-02  1.8587585165467774E-01  1.3590008932483630E-01  2.3569037385026057E-02  6.5068689507472266E-01 -2.8698833341177052E-02
 -1.0100893116025582E+00  7.8383843543723589E-02  7.7360424851417739E-02 -2.2707968677230000E-01  1.2701776200333068E-02  2.4066999365480408E-02
  3.8141954932479006E-04  1.1900550360130557E+00  1.6642016786262932E-02  7.5630761972812277E-01  1.9952589342921454E+00  3.5947249638167578E-03
  1.4197442233501247E+00  6.5439603183158193E+00  4.2406870630506619E+00 -6.5306621234584994E-01  1.7299242307660965E+00 -1.0259761928333246E+00
 -8.5595351132637346E-02  2.6587047002055431E-01 -3.3763043591207218E+00  1.4415190800203612E+00  7.9248926033321565E-01  8.1282042619821004E-01
 -1.2888137922530543E+00  2.6388310894603062E-01  7.6400405921001591E-01 -6.5460065943610415E+00  6.1965084993148811E-01  3.4821087345056534E+00
  4.8635023615850298E-01 -4.6832642342365333E-01  8.8017792794983993E-02  9.3091599132356588E+00  8.4154617415931731E-03 -4.4104639187149708E+00
 -4.2327989904391539E-01  7.7618075228565531E-01  9.7106848763598555E-02  1.6724645555262482E-01 -9.0813919380971619E-01  1.3326744947367863E-01
  1.4033817084625289E-01  2.1137959761242672E-01  2.2858863298385371E-01  6.7928991972000052E-01  1.0286725201755549E+00 -1.1616806808395816E+00
  2.1145199853713477E+00 -1.1687627914202978E+00 -1.6348179476115328E+00  5.0887847213615089E-01 -2.8360905870296387E+00  3.3429975261498268E+00
  2.5938988787643922E+00 -6.6022466220877374E-01 -2.5907340245870913E-01  5.8170202470473387E-01 -2.3342319577071299E-01 -1.0912339558676114E+00
  1.8548344559818659E+00  4.5634018290457884E-01 -1.0285134205433026E+00  4.3911271207923525E-01 -2.2331284289001196E-01  6.2881758972527724E-01
  1.0303347464759133E-01 -1.0292879802603394E-01  1.3673046271284801E+00 -5.3645317547895455E-01 -5.9311167066613735E-01 -9.4009634387823371E-01
 -8.2509278456758789E-02 -4.4864538454922984E-02 -2.1515919832363919E-01 -4.1203339372009906E-01  3.1474251964496552E-01 -1.7322615180356565E-01
 -1.0876928902363411E-01 -8.5974298349913680E-01 -8.3291838811465957E-01  5.3311195352276253E-01  2.5280484232023476E-01 -9.3306129105442420E-02
 -1.4964092754199956E-01  2.8566962242885374E-01 -3.2643852218156000E-01 -6.4093807244526969E-04  7.8945071716692614E-02  8.3250168756295553E-02
  1.8622407651147202E-01 -4.9033179675373906E-01  6.7041753236428514E-01  3.3471090106842939E-02 -6.7463246765291085E-02 -3.7113960748841664E-02
 -1.3247616707545807E-02  4.1847107669188144E-02  4.6243041060994826E-02 -1.3041655426672188E-02  1.9013180198619840E-02  3.3410161253239687E-02
 -1.2636191144846368E-01 -1.8500933986978427E-01 -4.8054875646256698E-03 -3.6298426950642185E-02 -6.3651258481479872E-02  7.7429706366633225E-02
  1.4971548524604295E-01  6.1671729011109712E-02 -1.3689058087295123E+00 -3.1613831773274745E-02 -2.0349340779758920E-01 -3.6031526891035781E-02
  3.9865797615081955E+00  3.4143243046289698E-02  5.8254689925370626E-02 -3.4570926709160031E-02  4.4700593119375208E-02  1.1146283503361303E-01
  3.5477826129776846E-02  8.7152385718750530E-02  9.2618372892867961E-03  4.5091451653628051E-01 -4.3263929014400920E-01 -7.8481867133375679E-03
 -2.8092386618698817E-01 -7.2306975693869258E-01 -5.5129469930228758E-01  1.6076073765825921E-01  5.0061133913308364E-01 -1.5857367143671114E-01
  1.7765543767299297E+00  1.0168857603886045E-01  5.4820576296636470E-01 -6.3712863981603785E-01  1.2537513129680700E-01  7.9980340092811048E-02
 -1.3536113624570745E-01  2.2428656649737398E-03 -2.3860515578628400E-01 -1.3863982164852637E+00  1.3531747213132341E+00 -1.1543041511845782E-01
  1.2584091707444026E-01  1.1317021100820626E-01  7.3903929199599805E-01  1.9311654468753219E+00 -1.8327764790053356E+00 -3.4207567170420637E-02
  1.5872601138323514E-01 -1.2719445095487331E-01 -2.2527480967984603E+00 -5.7908539740703902E-01 -1.6970418457671077E-01  1.3294582963352200E-01
 -1.0859677107934956E-01  1.6321655859676126E-02 -9.8574317320068361E-01 -1.7361703487134811E-01  2.0842719359625135E+00  4.1252736560115538E-01
  9.5365008781726476E-02 -4.4157285308838451E-01 -1.6950466232470832E-01  8.3351043238636943E-02 -2.6735376841694397E-01  1.8762966719042720E-03
 -1.7048267026202815E-01 -1.3677194917296476E-01  2.2678792992748293E-02  7.8550695662154091E-01  7.4592868878727958E-02  2.9474762622460993E-01
 -9.9923133573815645E-02 -1.7259484959871602E-01 -3.5300515776026414E-01 -3.5397003264593152E-01 -9.0266988949223428E-02  2.9744531270640145E-01
  9.7800107670413017E-01  1.2331879815800946E-01 -4.4027874522037651E-02 -1.1612934138576824E-02  9.1905518123257024E-01 -1.8532855564981005E-01
  4.0277200585086992E-01  4.9248663092087386E-01 -2.5084606448196523E-01  1.3028251405803615E-01  5.8421718745649576E-01 -5.3247883684807836E-03
  2.3915111817125616E-02 -6.8876461319281856E-01  1.7955041205894587E-01 -2.6197446884849013E-01 -2.2773730282730735E+00 -9.0911134394937466E-03
 -2.4175392969336108E-02 -8.7670441099527499E-02 -2.7363660372065710E-02 -3.8741913728436946E-02  9.8045342956796389E-03  2.5198611502179552E-03
  3.0273073551116462E-03  5.5067445765136322E-02 -1.0261606625906822E-01 -1.4601719641062386E-01 -5.2497824572545905E-02  8.9560720425376356E-02
 -1.9451479592916671E-01 -7.3468297833074381E-01  1.1196729080661723E-02  1.0436455848813865E-02  1.4800135161949529E-02 -6.1906325141063614E-03
  1.6788527979826082E-02 -1.4996584269679265E-02 -1.7276607609308628E-01 -5.2530793973619847E+00  8.7197328235407978E-01 -1.0638757857404412E-02
 -1.0221276673312772E-01 -3.0419769272916911E-02  1.5627121674189515E-01  1.4337102744088304E+01 -1.2235856757749302E+00  2.6566303920266425E-02
  1.6355909822916034E-01  5.5711810515754273E-02 -2.6141731082625613E-01 -1.3886382829565658E-01 -1.5434521683783056E-01 -3.9574453697425356E-02
  6.5085881550153060E-02 -1.0545843050072912E-01 -5.2948698952380313E-01  8.0187424782982963E-01 -2.8861963606787289E-01  2.7673478883611136E-01
 -1.1646388691019836E-01  6.2023017606534969E-01 -5.6184962327781906E-03 -3.3468462937886058E-02 -6.7423921319370569E-02  2.7357133912037689E-03
  1.7182182082375694E-02  4.7028548962086032E-02  5.2054207289758930E-02  5.7534030269565115E-03  8.2939663170796922E-03 -1.0004193836543690E-01
 -2.6758319111632369E+00 -3.3346798756324660E-02  1.3476411854804796E-01  3.0430670436696666E-01  7.1023174254243022E+00 -7.9415293835980047E-02
 -2.2759390497710086E-01  1.6573239600209824E-01 -1.1845967388668312E-01  7.5419937987733554E-02  7.5146680785697773E-01 -1.8125374111847137E-01
  1.0908625878176501E+00  2.5533623281547461E-02  2.9578115207759208E-02 -1.4999148802415927E-03  8.7182917228734141E-02 -1.0936175737716355E-01
  7.1498106531558206E-02 -9.7930048384452604E-03  1.8129434558796498E-02
