SURFGEN.GLOBAL Hd COEFFICIENTS FILE V:2.8.8
high order tester                                                                                                                                                                                                                                              
ORDER
    2
COEFFICIENTS
ORDER     0 BLOCK     1
  1.3613790909960807E-01
ORDER     0 BLOCK     4
  2.2156306071478990E-01
ORDER     0 BLOCK     5
  8.0827136563856428E-02
ORDER     0 BLOCK     8
 -4.6416653229929400E-01
ORDER     0 BLOCK    10
  7.0008667169835642E-03
ORDER     1 BLOCK     1
 -7.2471770163641547E-01 -8.8658523442806703E-01  8.0463058267534793E-01 -3.0908189668965140E+00  2.1525400559198782E+00  1.5466726321710786E+00
 -3.3544949849661778E+00  7.3395706358098796E+00  5.6824987965918394E-01  7.7274608115812315E-01 -7.7370931006222388E-02 -8.7588082443098025E-01
 -1.0452398068017796E-01 -2.0181371493866598E-01  1.5314581315862225E-01 -1.3560355498692256E-01  3.6444489530317502E-02  1.5769165568877397E-01
  2.2767032345265559E-02 -5.9810418970294643E-01 -4.6556321206195217E-01  9.0835091473320606E-01 -3.3111509839721656E+00
ORDER     1 BLOCK     2
  1.5478306615348342E-01  6.9532159830018375E-03  3.1126252215307310E-01  9.2342349637129117E-01
ORDER     1 BLOCK     3
 -2.8442907022808948E+00  8.9947259092869158E-01  4.9556583094126703E+00 -2.2030230782345224E+00 -2.0617080415830605E-01 -6.5078821617084281E-02
 -8.2231069287112823E-02 -2.7863769380930590E+00  3.2501904270908866E-01 -1.7329730181115002E-01 -3.8893390912513826E-01  1.3601120166949241E+00
  1.4289005587202086E-01
ORDER     1 BLOCK     4
 -2.4256686204388103E-01  2.3677089305392696E-01  1.0531152604197820E+00 -3.9743489873645372E+00  1.0664610834540105E+00 -1.5379563381261245E+00
 -2.7988330481318036E+00  3.4802003245159376E+00  8.4429238980786525E-01 -6.5262814286986895E-02 -1.3822320667282151E-01 -1.0074492134135431E+00
 -4.3476402616098875E-01 -2.5308281219121698E-01  1.2936985061328413E-01 -1.3396315776445358E-01  1.9585230063124001E-01 -2.7747454147813033E-01
  2.7422668885421281E-01 -5.6867745684040982E-01  1.1323075151639945E+00 -1.0008312125991128E+00  1.4787486669509939E+00
ORDER     1 BLOCK     5
  6.7845663637106512E-01 -9.9814665366240485E-01  6.5745158472835274E-01 -1.2361686464645982E+00 -1.9811456289515215E+00  2.8400400436245974E+00
 -1.2541852026687974E+00  1.2203988816605815E+00  1.6662563522697689E+00 -7.2467956791839627E-01  8.7472840989100575E-02  5.6403747970212126E-01
  4.9807721366269869E-01  9.3401952350116085E-02 -2.9353899148373064E-01  1.1602333221435876E-01  1.6629876153973916E-01  2.0900060733393414E-01
 -3.0849840060213707E-03 -9.5934235210681296E-01  3.7522488491407652E-01 -3.0564581218393156E+00 -2.6343810039469473E-01
ORDER     1 BLOCK     6
 -1.3375535698028389E+00
ORDER     1 BLOCK     7
  4.6826907298995864E-02 -9.3182423454792000E-03 -2.9887711083120383E-01  2.6236149338776438E-01
ORDER     1 BLOCK     8
 -2.1744694680536911E+00 -9.4054433261330672E-01  1.5176882740275360E-01  2.2018236473737405E+00  7.4406860146503320E+00  5.6229373105220475E+00
 -3.6619325245128547E+00 -3.4706735135965769E+00 -1.2288909901693685E+00 -7.4006091573889210E-01 -3.8455441718602205E-02  3.9948441163521470E-01
 -3.9682457334132909E-01  8.0272608360671582E-01  4.6278211312656192E-01  4.4060375633116150E-01  4.1929465470088689E-02 -1.2243029365179220E-01
  1.5609429777610301E-01  1.1836844765768995E+00 -4.6173048936891775E-01 -2.1379243865996713E+00 -2.9015420325661773E-01
ORDER     1 BLOCK     9
 -1.3812859220510318E+00  8.2282167526840744E-01  3.3970949817408980E+00 -2.1515584428350740E+00 -8.1656214026276985E-01 -9.9365914769618133E-02
  7.8830662403747798E-01  6.7273479389681068E-01  1.5711674303069795E-01 -4.0980901850855367E-01 -3.6050576874129314E-01  7.7647334465168583E-01
 -1.3309128750027637E+00
ORDER     1 BLOCK    10
 -5.5508661621866406E-01 -2.2673013004738407E+00 -9.5989401832542520E-01 -2.3582276564599822E-01  5.5622114011691559E-01  3.9852117283391832E+00
  4.3629763573492388E+00  2.1621696455136639E-02 -1.5052654875134739E+00  1.2179197514543838E+00  9.5435841671470720E-02  4.4985886508242395E-02
  7.4965360764103484E-01 -3.0625377166344514E-01 -1.7358822495993947E-01 -5.1422361052221685E-02  7.7511562876979787E-02 -9.1602128788184162E-02
 -7.0339147901127594E-02 -2.0019401794704339E-01  4.4123010314203176E-01  1.0375580403579157E-01 -6.3355688957730594E-01
ORDER     2 BLOCK     1
 -2.0113392193895101E+00  1.3807719951276651E+00 -1.0145455453066838E+00  1.2936811909172756E+00  2.1715782729853378E-01 -1.9338371271303181E+00
  8.8966382840580477E-02  1.5826993293318699E+00 -5.7158303515890234E-02 -1.4466936747560684E+00  3.6162249823663178E-01  5.4089570608167958E-01
 -2.4107416898320824E+00  1.1809160765935496E+00 -1.5754972791543433E+00 -3.1950452025597670E-01  1.7883548914444449E+00  2.7128188471703067E+00
  2.8530724198227442E+00  1.7767371792757010E+00 -7.2285750487893852E-01  1.7570763164853825E-01 -8.0533601862768966E-01  2.7721277778761988E-01
 -1.7898028925175535E-01  2.2639803309800328E+00  1.3446866051383815E+00  6.4358517186195818E-01  2.5454533606422647E-01 -1.6104371285624270E+00
 -3.3309691266230677E+00 -3.1403501485306200E+00 -2.9761902321743428E+00  2.4817712443052131E+00 -6.1455039137569556E-01 -4.9556721666835390E-01
 -9.8403737341432440E-01 -4.5179308545203192E+00  1.1489662764933091E+00  1.6508761230209876E+00 -1.7963829275041998E+00 -2.1807425904031780E-01
 -5.9666244665936626E-02  2.6877294467399931E-01  2.3351992518417868E+00  6.8637672456025844E-01 -1.1154085884443572E-01 -7.0248596581889644E-01
  3.8026310862116897E-01  4.9734937428078374E-01  2.1177838579432759E-01  1.8103088296735145E-01  1.5707329487731012E-01  3.7750818243408440E-01
 -2.4583685225333385E-01 -8.4763513139262381E-01 -1.0466091242962984E-01  2.3435396123230941E-03  3.4261234748792158E-01 -2.7786196287937653E-01
  2.1928369875662759E-01 -3.2442248369336230E-01  6.9049088729697694E-01 -3.5852313397856272E-01  1.9856268696846714E-03  7.4573821372110671E-01
 -8.7257858442779956E-01  3.1505129927985265E-01  6.8256927591554356E-02 -5.9178385528442540E-02  1.5802012043824376E-01 -1.1593365764074215E+00
  1.2739126659845166E+00 -2.1863690114925663E-01 -7.1167163842183648E-02  7.6653122023747189E-02 -2.2268217210908098E-01  5.4961179086838001E-02
 -3.4167889001148055E-01 -1.1315733333067710E-01  1.2224888630251539E-01 -8.2477337006227266E-02  1.4783142095796238E+00 -4.7613790953122395E-03
 -2.2322175907439976E+00 -4.8999617226605063E-02 -1.4814250736057797E-02  8.8986242921072545E-02 -2.9101094486999591E-02  4.0869589514103905E-03
 -8.3981950968557150E-05 -1.3013465828911881E+00  3.7437084466614159E-02  2.4160487974288971E+00  1.3381529312382798E+00 -2.4647522476299418E-02
 -1.8218824121891160E+00  1.3251481981401072E+00  5.2427510661850994E-02  4.5909088589403240E+00 -1.4173447058348969E+00 -1.2891985906836598E-01
  4.0342999159518284E-01 -5.8665475655475845E+00  1.4684730507313248E+00  2.8317245862812906E-01 -8.4457364876254781E-01  4.8398567497612366E-01
 -8.1606430760255078E-01 -1.4853550428946888E-01  6.3207828682998757E-01 -5.9882691499624863E-01  9.6423429198366450E-01  1.5958867570893742E+00
 -7.5055527906167918E-01  1.0612624040250604E+00 -1.3772207892644683E+00  1.5865466521742213E+00 -2.5938138406858680E+00 -3.2912630018040954E+00
  1.3478204177071922E+00 -8.5510737577774776E-01  1.2855502958496416E+00 -2.7069121304407801E-01  7.2060242251159479E-01 -1.9921759160972752E-01
 -2.1117009183691451E-01  1.1980773642892767E-01  3.6937856334022162E-02  1.3825347475711902E-01  3.9120960926118709E-01  1.2991376664647858E-01
 -5.8418439418048251E-01  3.8351827399426686E-01  5.0846384142477941E-01 -1.7428743451455345E-01  9.8016446477785479E-01  1.8951956611308964E+00
 -6.5988531311186904E-01  4.9995820325006282E-02  3.7889895251322891E-01  3.8846616684911371E-02  2.4819364167050822E-01 -5.4004210401116981E-01
 -1.0170770892029806E+00 -1.2059682383223103E+00  5.0318985890869838E-01 -3.1609919384708735E-01  9.7568656092851924E-01 -2.4557389531539667E-01
  3.8688316216893909E-01  1.4371102321384801E+00 -8.0973780037489618E-01  5.3747280469165659E-01 -1.6706481555263364E+00  2.8470420863373486E-01
 -4.9071620466637172E-01 -3.2472595489768402E-01  7.8991790533902026E-02  2.6529651190067516E-01  9.4067168212188634E-02 -3.2286815653125417E-01
  2.9718385488044219E-01  1.1101350392860470E+00  6.3500224627217372E-01 -5.8017055893103509E-01  4.9410637044513511E-02  5.6007365637345885E-01
 -2.8281807484202420E-01  2.1818017023967984E-01 -1.5283773613688638E+00  6.9909463721112411E-02 -1.8532408249075958E-02 -7.7530872532048800E-01
  4.1203181193417016E-01 -3.0288551958534699E-01  3.8562267283147524E+00 -7.0082466276370464E-02 -8.4971800154379599E-03 -7.8699677433090851E-02
  5.7797713852249929E-03  4.3594929545568400E-02 -1.8516244522567827E-02 -7.5319487861210496E-02 -4.7941204693838418E-02 -9.1837606057067700E-02
  1.1608341925022208E-02  2.1632915120414337E-01  4.5437312329441197E-02  1.1003606600090962E-01 -2.2036958294360601E-02 -8.1285718255509190E-02
 -1.4187209531539891E-01 -5.3844605371037600E-02  2.4758807516951109E-01  1.4068048297575292E-01  2.2752531641960413E-01  5.4519803024729328E-02
  6.2743218310412144E-02  2.0990742817764953E-02  3.0801621737431440E-02  8.3467151518275082E-03 -7.3028670977247296E-03 -2.2170729044383459E-02
 -1.8647984885880570E-02 -7.6208616951142923E-04  5.3510398868601124E-03 -6.9733134738081681E-01 -1.0014471647779952E-01 -2.3271639336998684E-01
 -1.6678233129036907E-01  9.9348966546690931E-01 -1.4918860310417148E-01  3.2904194542598425E-01  6.8977607813857755E-01 -2.6261700096733259E-02
  1.0319807056232619E+00 -3.8481106799309939E-02 -4.3137307767275568E-01  2.6065097372303425E-01  2.1345873030387735E-01 -1.6036969616757682E-01
 -2.1655602928469417E-01 -1.0879173160615672E-02  2.1743840898572431E-01  3.5941764060333226E-01 -5.0748861838588222E-01  1.3504119185335103E-01
  4.3414757981408819E-01 -2.1879761636603298E-01  2.8973218338092144E-01 -5.1651742109484733E-01  6.9738388285635500E-01 -1.8550440856054112E-01
 -6.9788464641903014E-01  3.1449478181789337E-01 -5.3145688387049250E-01  1.5688665181590773E+00 -1.2406824191104335E-01  5.0040059055444057E-02
 -5.4547631121630115E-02  6.7382733147247562E-02 -9.2466136624378512E-02 -2.9189616130473534E-01 -5.8907752871650987E-01 -9.9894709163443784E-02
 -1.7503966235080871E-02  7.8642755549931512E-02  3.9628146725147619E-02  3.3340614952880265E-02 -2.0156993111215435E-01 -1.4307194660698025E-02
  1.1470933980248146E+00 -5.0094752092104156E-01  6.5641051116387239E-02 -3.8696278599609230E-01 -1.3166636794209980E+00  2.6296507191469126E-01
 -6.5391911221941046E-02 -3.8510164432968788E+00 -1.2849904566454459E-02  2.5489599922169592E-01 -8.0500545187270095E-02 -2.5539328323590710E-01
  4.9647872250317410E-01 -4.0613672310239246E-01  3.6119531182719894E-01 -4.6412724084018551E-02  5.1682674629561187E-01 -1.3795946386144839E-01
  4.4876096629441850E-02 -6.4844362179760362E-02  1.2499790743322375E-01 -1.6014206286193777E-01  9.4795584479485451E-01  8.6200740221116495E-03
  6.1446162767154776E-02  5.8812656322923172E-02 -9.1440754649652387E-02  2.6308510020083120E-01 -3.1182329395384296E+00 -1.3597648474975211E-02
 -6.2679011385364594E-02  3.7668758022333007E-02 -5.0188936857250142E-02 -1.9746874824139247E-02  2.3677123030511470E-02 -1.3411177182919867E-02
  8.7335366678178358E-03  1.1836024179562310E-01 -1.9635844983691764E-01 -1.9138627589992965E-01 -2.8223312141841577E-02 -4.4261919456278748E-02
  7.2615562999754954E-02  7.3863769131259227E-01 -3.0743415944449485E-03 -5.2713899130825206E-03 -1.2736756217599943E-01 -1.1373350036288625E-01
  1.3576292602147966E-01  2.7911164201848752E-02  3.3953744884907650E-01 -3.7558896233045558E+00 -6.3989648228917528E-01 -1.3425905129955379E-01
 -1.4242410990099377E-01 -1.3415983686982019E-01 -3.6880739944108920E-01  9.9564400014248182E+00  9.2015195352967494E-01  2.5881364286900682E-01
  1.7742869521798060E-01  1.7539393558183897E-01 -5.4905475013789229E-01  8.7354564391489281E-02 -1.2029462976747832E-01 -8.0335041139251995E-02
  3.5955348503556576E-02 -6.0238317417069399E-02  1.7325073772084421E-01 -8.9612535326097448E-02 -6.7103026110948413E-02 -1.2167617562653284E-01
  1.8780448734152197E-01 -1.7204477377184753E+00 -2.0833275210212918E-02  3.0792610544635415E-02 -1.0722747574048857E-02 -2.5491318491565433E-03
 -1.1565619644126432E-02 -1.1129778288351218E-02 -1.2599253618108687E-02  7.0527036386430096E-03  5.6729032832177097E-03  4.9585957184601070E-01
  3.5379791660828146E+00  1.5155337987360168E-01 -1.9874796270238540E-01 -7.4031432478930836E-01 -9.7303045152843364E+00 -1.7217133609416066E-01
  2.2604399249919757E-01 -2.9730879284032576E-03 -4.3930201682403726E-02  1.9607981960556530E-02 -1.2641101563195031E-01  2.1655181143459049E-01
  6.2972495827493002E+00  4.4168809332308399E-02  3.9457449331905529E-02 -4.1746319796734871E-03  2.8522819173227271E-02 -4.9972475204657821E-02
 -2.4748556834559596E-02  1.2584184160605683E-02  6.7877594520990812E-03
ORDER     2 BLOCK     2
  1.7617129495172779E+00 -2.2745484749360760E+00 -2.0297863272771899E+00 -3.0915953984035127E-01 -3.3360933682819698E+00  4.1697762227051660E+00
  1.6570683777779132E+00  4.3488339312917769E-02  2.6891448459433287E-01  2.6619170336779607E-01  7.5415864774220831E-01 -5.2975552875327382E-02
  3.4179191567931255E-02 -3.1919154756730240E-03 -2.4356548664500106E-02  6.5703498938110644E-02 -4.2342825864205832E-02  1.2773033676847557E-03
  3.2053558396465481E-02  1.8138709296325418E-02 -1.5923031198643099E-03 -5.9283616474753286E-03 -1.0150637104298615E-01 -1.3158553584313772E+00
 -1.1591228694339459E+00 -2.7562278141478815E+00 -1.5608082640494819E-01  1.3799126012299463E+00  1.4326048470036865E+00  3.2497252065354552E+00
 -9.7053320763648609E-01 -1.3227212501767038E+00 -8.7777467473239765E-02 -2.7242197699676245E+00 -2.5326210197648051E+00 -1.1540988694515129E+00
 -2.1233743932030902E-01 -4.3548383018181475E-01  5.7275096950674775E-01  2.8153520129056386E+00  2.8743459324743830E+00  3.0619024928949536E+00
  2.3990213650713238E-01  3.4961161974558931E-02 -5.0019060538145188E-01  1.1493110115843284E+00  1.7203645987732579E+00 -2.3503701246668618E-02
  2.9121126548950205E-01 -1.6273053191022244E-01  1.1103086069535031E-01  2.3800243335885001E+00 -1.9125527940553104E-02  9.2766052068032323E-01
  6.2282350985050705E-01 -2.2763839126339698E+00  6.6931099680386380E-02  2.7226522802445374E+00 -2.3531468723355958E-01 -1.3649085073924372E+00
 -3.9251012565471266E-01  1.0125955906661094E-02 -7.7619098269691011E-01  1.0715050547177885E+00 -3.1471495184395798E-01 -2.2142041775317367E-03
  2.0817208810897972E-01 -7.9039300869396800E-01  1.3579014066866901E+00 -4.9582421136336610E-02  2.1790476634298886E-03 -2.5935115555916544E-02
  1.6159817801584868E-02 -7.6086652950010422E-02 -1.7361903273104558E-02  1.1616066812532109E-03 -1.5262761687556650E-02  1.7870371642798900E-02
 -3.1160146843811304E-01 -1.7334148163077562E-02 -7.5547840036180158E-01 -4.4901883743340025E-02 -9.2337655728863197E-02  2.1146101130251595E-02
  4.3532030044530612E-01 -1.0917906828804282E+00 -6.2721147962548152E-01 -4.1438430289300049E-01 -4.3915625235578168E-03 -6.6696890296835232E-01
  5.8684547633005957E-01  1.9736026402530384E-02  2.2020134286057370E-04  4.9308389656050597E-02 -1.4033579077203234E-01 -8.1053256789017772E-02
 -6.3216000219373514E-02 -6.7421645100944547E-03  1.4488118798131069E-01 -3.5599017798561833E-01  3.9596152533854412E-01 -2.0180202801267386E-01
  5.5128253626262778E-03 -6.7927247508243727E-01  2.8016875525033058E-01
ORDER     2 BLOCK     3
 -1.5691726381069020E+00 -3.5176077786162026E+00  7.1963546067452078E-01  2.0614839184815481E+00 -1.0811255736191572E-01 -9.1263457592322905E-01
 -4.9522593480083001E+00 -5.7753610942542721E+00 -4.8327224450790601E-02  1.3288011011738161E+00  3.2739417887389792E+00 -4.0827678457599320E-01
  2.7525774560318039E+00  5.3789107019598603E+00  2.1700004115953293E+00  2.0856306563250997E+00  3.9975440975078608E-01  3.9079969611270698E-01
 -2.2724867608490209E+00  4.6427034674822893E+00 -2.0739289148574869E-01  1.0494143860015590E-01  4.4628776470143370E+00 -2.1606884122246259E+00
  3.0316545668709942E+00 -1.2530954714792889E+01  6.3563647989043455E+00  6.5204728631760203E+00 -5.8333939230093792E+00 -5.2303912677082316E+00
 -9.0579015348538761E-01  2.3958531417929982E-01  1.6504581936702027E+00 -3.1125986616944469E-02 -2.3944855601314874E+00  1.9360924570643874E+00
  1.8639412454845150E+00  2.1867022220231644E-01 -9.0193694319453366E-01 -5.9386624186914330E-02  3.6890713804614546E+00 -3.4369624911308310E+00
 -2.2810693416626266E+00 -6.2890299313440357E-01  1.0433635320838954E+00 -7.9316559205047932E-02  6.9933298542209610E-01  9.4813545779126862E-01
  3.6690117450890503E-01  1.6260818755072961E+00 -9.7423346267270527E-01 -2.2379470400053808E-02 -1.1072889076640319E-01 -9.8227639749336870E-01
 -5.5711252984298465E-01 -2.5615734161669699E+00  1.2453942271035117E+00  1.4642977363838149E-02  1.3569534176187514E-01  1.5537496891314122E+00
  3.3120277926275671E-01 -2.1322754647158429E-01 -2.9472659576656302E-01  1.5603531177881311E-01 -4.0049364976436977E-02  1.1395342816174956E+00
  3.7176351026588592E-03  1.0844623751173522E-01 -2.2049795400256980E-01 -1.5356013872518488E+00  1.4795832164337100E-01 -2.0216561044119133E-01
  1.0067194911269919E+00  8.9431338252063022E-02  2.5347848959431335E-01  1.0790043844079775E+00 -1.6634804904346455E-02 -1.9579580214621728E+00
  1.1289514853643250E+00 -1.7492900612868609E+00 -1.2645813492091956E-01  2.4198397065258517E+00  2.7886573105530627E-01 -3.4175410047385346E-01
 -9.1279199025177740E-02 -6.2180822295636373E-02  8.6048206035238428E-01  6.2759885387067516E-01  5.4071455442938046E+00  2.8426899695299581E+00
  1.9495475333609127E-01  2.6848787338018792E-01 -8.0848010224799016E-01 -5.3883052964682043E-01 -5.5837129807668511E+00 -2.7640350765674220E+00
 -5.9867499337374241E-01 -1.4595107389541202E+00 -1.6094377093093901E+00  1.5741759985922934E+00 -1.7056220057157403E+00 -8.4296833102530708E-02
 -2.7090510023258865E-02  2.4553096403247099E-02  6.4766049882551557E-01 -7.2886355985215845E-01 -1.1360830527068368E+00 -8.4497994526307074E-02
  1.8801787155794736E+00 -1.5846123400441897E-01  1.4261510853733544E-01 -5.3676720135371003E-01 -4.2366896834325745E-03  3.0877659568537745E+00
 -2.9140199141797067E+00 -2.9905233249158342E-01  1.0331148448237535E+00 -5.1618602881460385E-01 -1.2115316578492634E-01 -1.6448321637751142E+00
  5.7437087467489993E+00  4.7922289522810935E-01 -1.8036649780556664E+00  5.1413812574929274E-01  1.1900430429158661E-01  2.6369607939051010E+00
  5.6261699565487266E-02 -4.0230297772102125E-01 -1.5023841296452695E-01  5.9012458181055945E-02 -1.9241300575134224E-01 -1.9445821661207638E-01
 -3.6458196963935885E-01  9.2022979011866801E-01 -4.8065815240919402E-01  2.1444197246502722E-01  1.6585981453424770E-01  9.3531069395132538E-01
 -5.8848953648874491E-01  4.0031496333422112E+00  2.4109059573649495E-02  5.1360483658683564E-02 -1.4917639534460733E-01 -1.2911362894465361E+00
  8.3735823520510322E-01 -1.0862765220989413E+01 -2.1737060096414754E-02 -5.3128259433126582E-03 -9.1294451733962157E-03  1.0394958247915505E-01
 -1.0914153927888828E-01 -7.7234876567460448E-02  5.3797022429052280E-02 -1.2623306895575651E-02 -1.4847080511921584E-01  3.8248917269861314E-02
  1.9690948759338987E-02 -8.5596794617476463E-02  7.5996121418301608E-03  1.6262016973630961E-01 -9.5220075076705846E-01 -6.9327754960051516E-02
  1.3879024948023335E+00  1.0155733142308747E-01  4.8841843728450622E-02  6.3544284344309337E-02  4.8599586534600031E-02 -6.0733237471243907E-02
 -1.6966529195090826E-01  1.0870923084196097E-02 -9.9923261449353218E-01 -1.5446893380558198E+00  1.5242003647826632E+00  2.5073777619787516E+00
  2.5317491395027782E-02  2.6258088987988287E-01  5.2923798193607860E-02  6.7059259771586643E-01  1.4066008324004342E-01  2.6867434718425700E-02
 -2.4485101077902374E+00  4.3117128357070288E-02 -8.8667507635719345E-01  1.9774132719933972E+00  8.5812811840544220E-02  4.7244098435850246E+00
 -2.3438460507879055E+00 -2.3863384788824514E-02  1.1556129888689419E+00 -3.1239397105195397E+00 -8.0120041988602994E-02 -7.9419880180925020E+00
  7.4019212124140088E-01  4.7278167802198678E-01 -2.7796563644395006E-01 -9.7428196621943811E-02 -3.7195980466165443E-02 -5.5072354585790066E-02
 -2.4712560840112668E-01 -2.9510949338615662E+00  2.2330117510830891E-01 -3.6526537858314229E-01 -3.5784388829569430E-01  2.6647977073290430E-01
  4.0912926455546861E-01 -3.2168406410309894E-02  7.3742192252837302E-01  9.8700437922512600E-04 -8.7408050122747438E-02 -4.0222806532041622E-01
  1.2937189527918247E-01  1.6510539773333779E-01  1.3474847391051809E-01 -2.9929222493895864E-02  2.4882569443028221E-01 -1.4565972843094843E+00
 -1.9349989110545859E-02  1.0794936924642553E-02  4.3538569980866937E-01 -2.2448214620849208E-01  8.3710968955411288E-02 -4.8615390832620919E-01
  5.6821960587514175E-01 -1.8357143535039297E-02  7.9520275997796694E-02  3.1713076225637171E-01 -7.6617869146393028E-02  6.9871762146711447E-01
 -2.0781702884188742E+00  5.5434524942375970E-03 -9.9259410767291292E-02 -4.6148799146234348E-02 -4.4233825597609883E-02 -6.5552777898681927E-02
  1.2257465001036449E-02 -4.9198552545014224E-03  1.2920314275217398E-02  1.2451023466143817E-01  2.3737633028823802E-02  7.1165736919986929E-03
 -5.7756939726372282E-02  6.5069201969067164E-04  7.1083579651011461E-02 -2.6708022113476089E+00 -6.3472954134577413E-03 -2.4846487437944721E-03
  1.9703851740332380E-02 -5.1520600664443118E-02 -5.6519902987111695E-02 -1.3084297201075435E-03 -3.8282657947750320E-01  2.9918768971822840E-01
  5.0090730655532600E-01  8.0870152571695705E-02 -4.3354872213520618E-01 -5.4612669779428236E-01  5.7014924423459312E-01 -5.0509836362603189E-01
 -7.0585647119004957E-01 -9.4576727104125818E-02  4.9537836346079828E-01  7.1713515470662836E-01 -2.4474628487156883E-01  1.5910983956634295E-01
 -4.2766948154290690E-03  1.3009582682662593E-01 -1.9274446112464852E-01  1.3729907325655288E-01  3.2029532396598545E-02 -2.0356393903405384E-01
  7.8525081883246761E-01  5.1744042155812180E-02 -8.3294415924543647E-02 -7.2790731741702253E-02  5.3148220457001356E-02 -6.9393542397727784E-02
  9.0757275192851025E-02  4.8902121249179198E-02  2.3206698329971054E-01 -1.9353820951610320E-01 -6.1223760552803791E-02  1.4397971475778384E-02
  1.2621885993849438E-02  3.4133374217382045E-01 -1.6079663946525263E-01 -5.0266332624993337E-01  1.0780744300583038E-01 -1.0005001162831357E-02
 -5.5942113388742346E-02 -7.3912148363136296E-02 -3.8801409245821553E-02  1.2378344021242123E-01 -5.7305855100399858E-02  2.6221493032116308E-02
  1.1343397764228171E-03  4.2008983973049779E-02
ORDER     2 BLOCK     4
 -1.0706043271290424E+00 -3.7243996615329256E-01  2.8476644917122845E-01  1.6900057237315569E+00 -2.4601571530789107E-01 -1.1953415899623594E+00
  1.3481181395135287E+00  2.1140936266038812E-01  1.4953359703626834E+00 -2.0422067097838790E+00  1.3267012647768019E+00 -6.3277023208893124E-01
 -6.3247406474915391E-01  6.8667540475838296E-01  3.0493204822823677E-01  1.3659718892888391E+00 -1.0644033881531718E+00  1.7884996462331919E+00
  3.0145948556584456E+00 -5.4665555408065158E-01 -8.8437463828891216E-01 -1.7777557292539929E+00 -1.9523073968005193E+00 -1.2076562946435530E+00
 -6.4166087501529234E-01  1.6434901276749627E+00 -1.7073807630186821E+00  3.0350714198342729E-02 -7.7928538349515941E-01 -4.5546571385874435E-01
  1.8154824372251031E+00 -2.4343097033119747E+00  2.6527475540494057E+00  1.3491934832246597E+00 -1.8576394131419580E+00  1.9360973726799915E-01
 -6.1561939249058195E-01 -1.1829144786366186E+00  2.7161642842289835E+00  6.6672688911088196E-01 -2.8087252568916171E-01  1.8152467644655887E+00
 -8.4349405745764994E-01  1.1974445054309109E+00  7.3545712736280244E-02 -2.9614522459779917E+00  7.7312592332052643E-01 -1.7568852700405533E+00
  2.5609632461852050E-01 -9.9856208754675335E-01  7.5372135580140998E-01  6.5404164016585842E-01  2.6333015755522576E-01  1.6300582899810949E+00
  3.7098186168485486E-01  1.9001294766010408E+00 -1.0427021018929710E+00 -8.1154256302849248E-01  5.5244049458333522E-01 -1.8074320405622621E+00
 -2.7172863027672994E-01  2.0802312383148641E-01  1.4070550448888144E+00  3.2305264909867248E-01  1.7345512168931609E+00  1.5700561460513809E-01
 -3.4276541285943446E-01  3.3969176024715170E-01  7.2683409121709439E-02 -1.8607562264044208E-01 -8.1413616800544486E-02 -9.5083592252957969E-02
  5.4183903201246830E-01 -5.1040063746192244E-01 -4.7535729894425553E-02  2.3734419970377330E-01  3.3775554860234105E-02  2.4517451996164105E-01
 -5.3014482520528861E-01  4.2037724018904732E-01  8.4808600838446727E-02  1.2964928221851105E-01  4.0467476882235326E-01 -4.3354732814838412E-02
 -5.7626788050236277E-01 -5.0716312718644144E-02 -3.5394832974613710E-01 -2.2010027921430939E-01 -7.3304590397715697E-02 -9.0867728723897957E-03
  4.5112698564280288E-04 -8.6926683908815872E-01  2.0302723119327324E-02 -1.4669679192712477E+00  6.5999871866081739E-01 -4.9283243168951379E-04
  1.7573774331115837E+00  3.7799794599644243E+00  4.8142110379441148E+00  8.9101452305777311E+00 -3.1139615809166816E+00  4.0905989947741750E-01
  6.4398527034713027E-01 -1.2624299068796653E+01  1.9969485739185220E+00 -4.3850756857730366E-01 -8.1370666819815163E-01  1.3909919842498981E+00
 -2.5677490949661084E+00 -1.6612728681534289E-01 -1.2278597400443630E-01  7.0044466691443374E-01 -4.5110979977540948E+00 -1.6838065957417483E+00
 -1.7770335962499164E+00  6.7429456794326137E-01 -3.9423261009067234E-01 -5.4822055955962701E-01  6.3266163627728105E+00  2.9531749206075952E+00
  1.8946972298394416E+00 -7.5385479518414056E-01  9.2269404168271973E-01  1.1685579751230530E+00  7.2185335135114548E-01 -2.6422743721123337E-01
 -4.2646099258769726E-01  6.2424025579226862E-02  1.8584304622347672E-01 -5.1544124405301861E-01  9.4872545243884533E-03 -1.2532804832564779E+00
  1.1842979632683734E+00  6.9311886182797133E-01  6.2576525875510902E-01  3.4776415902411967E-01 -1.6049284270441380E+00 -2.2985324119453923E+00
 -4.5404976570313371E-01 -4.2619433365628423E-01  5.2587586606128445E-01 -6.4375255294058867E-02  1.1978584934631739E-01 -2.6066785113662521E+00
  3.6564139911430704E-01 -6.9151242693462767E-01 -5.0707919924048184E-01  3.4865759480332322E-03 -2.7523855595848057E-01 -2.3244363492477088E-01
 -4.6711362357950759E-01  1.9261442349397795E+00  7.3938678171152972E-01 -1.0469473391409093E-01 -3.4605016544483495E-02  3.1826551584622242E-01
  6.6521409694372968E-01 -2.8870401128074364E-02 -3.4911511070698786E-01 -4.0656078659168426E-02  3.1097161595701106E-01 -1.4716444196813230E-01
  2.2768410432478275E-01  2.0683545514315256E+00  3.7900636301509910E-01 -9.8508666308199089E-01  1.1848098966137342E-01 -2.1055386935150172E-01
  3.2449177873121327E-01 -1.8419382983922458E-01  7.0097493084409035E-01 -1.1972799564425861E-02  5.2757454113501336E-02  3.4512735893819768E-01
 -4.5202280138183309E-01  2.6437773670054548E-01 -2.3319669972001504E+00  4.5944088255582679E-03 -6.2767266296613750E-02  4.3294792677721732E-02
 -6.6851839591037548E-02 -1.8556485128921763E-02  2.6444314775456130E-02 -2.3968419757581724E-02  1.5605789977032921E-04 -7.1563864520388903E-02
 -7.1917934011691331E-02 -2.4122366042543083E-02  8.6319371960671544E-05 -1.8767419635488451E-02  9.9032364767212527E-02 -4.1866736577946276E-02
  7.3917060931500644E-01  1.0337550902391134E-01 -1.1934177833575764E-01  6.3919923163151551E-02 -9.6805623676190156E-01 -1.2708191140955566E-01
  6.6280317533632627E-01  1.1430387827002580E-01  9.9187199959536829E-02  3.1068513308194125E-02 -7.7902275116440059E-02 -8.0191253328022627E-02
  1.8234577273344127E-01 -2.7421165665332445E-03  1.2476473209531868E-02  1.0381502778731748E+00  2.8691541634071860E-01 -1.1078066518715191E-01
 -5.0256221386270239E-01 -1.3417659927975440E+00  5.3803092874719605E-01  1.6132678970257077E-02  3.2109230382100679E-01  2.3337197672378215E-01
  2.0362845117587041E+00 -1.2398046296746326E-01 -1.3779479041314775E+00 -4.9270236558649078E-01  4.3418896931782157E-02  2.4418167863441784E-01
 -3.2492843034404542E-02  8.2779786671081934E-02  3.4219538561696072E-01 -2.3272236305874676E+00  5.4058337477635987E-01 -3.3591868288472188E-01
  1.0042893556770691E+00 -2.3540150701235947E-02 -5.4986394249579240E-01  3.2282855963443580E+00 -7.3548904180110297E-01  5.8185290665335787E-01
 -1.9052091371093920E+00  1.9250132260847746E-02  1.5981321710576215E+00 -1.7765055314432074E+00 -7.0131201985965484E-03 -1.7531005999123592E-01
  1.9234134538723077E-01 -1.8652735282223193E-02 -2.8085533367273535E-01  1.0334470271240741E+00 -1.0328827071338116E+00  1.8163441332165065E-01
  1.5061082066850504E-01 -5.0837878160064298E-01 -2.3304762921349242E-01 -1.6942505333738159E-02  4.2444806071050567E-01 -1.6834266801713720E-02
  3.4814224142891326E-01 -1.0709178439413316E+00  1.8946157206613715E-01 -4.2758301810739621E+00 -6.0165192371522591E-01  1.4456599898699192E+00
 -7.7685543778798230E-02 -2.0025548013447141E+00 -3.5801448855677109E-01 -3.2394881966510158E-01 -1.7948565642248573E-01 -6.8204647057330225E-01
 -1.5568200787141726E+00 -1.1193272090153281E-01 -2.0101205987670821E-02 -5.2375254134617480E-02  6.1451337293213282E-02 -1.2712289464084484E-01
 -3.0287516657552604E-01  3.1759251493042423E-01 -1.7140440066160720E-01 -1.4991406978236330E-01 -2.2551328397086290E-03 -8.2132155283177397E-02
  2.5659948191171181E-02 -4.7606825233581490E-01  2.8707370236991381E-01  2.0340139425678033E-01  4.9027718826500916E-01  7.9161668466232460E-02
 -2.5494264878232337E-02  1.6802094176265815E-02  2.0978710570634719E-03 -2.0981855217829332E-02  2.4117960717399096E-02 -1.0571624173125382E-02
 -3.1874907094415076E-03  3.9148237751027604E-02 -2.3224737660620300E-02  1.6185065352296503E-02 -4.2051454852853901E-02  2.5856532233004541E-02
 -1.5408523325901315E-03 -2.0331055995556335E+00 -8.6981422637969746E-03  1.3000627014282043E-02  1.9014364959590294E-01  2.7404784695487067E-01
 -2.4584803485695170E-01  3.2362587517198088E-02 -3.8042525048076814E-02  3.4765534961355375E+00 -1.6536228849446480E-01  3.5776063631536659E-01
 -2.4412204425630518E-01  2.0939769731928782E-02 -6.8985142413172093E-02 -9.9188582586487328E+00  2.1416142678600517E-01 -5.2657728847421381E-01
  3.4463864788716853E-01 -2.2551021756886117E-02  1.0147253275998343E-01 -5.6084434580450260E-02 -1.7191025640609128E-01  9.6698923628336070E-02
 -5.7517550158058303E-02  3.7361304959484885E-02  4.2084943761243394E-02 -4.6779684044348774E-01  7.2616223851967809E-02  5.1728871586880238E-03
 -4.6105065539458694E-02  2.3374966133899768E+00  3.4431527281643309E-02 -4.3276232784096751E-02 -4.9236709281502894E-02  9.7538556565163428E-02
  1.2372265267457966E-01 -8.2654369973039474E-02  4.4861099935079626E-02 -1.9234037665830910E-03  2.7392899034585170E-02 -6.9429480933615978E-02
 -4.4415954701644269E+00 -4.0049666938405020E-03  5.5782804588038727E-02  2.1606240089236925E-01  1.2105262016640271E+01  1.9357512639290246E-02
 -8.6496522982885335E-02  1.5514065287599418E-01 -5.0506978906729789E-02  2.9167527493000490E-03 -1.8821527389598244E-01  1.0232558856489476E-01
 -3.1580012586486279E+00  2.8609926503765103E-02 -4.0399757567464119E-02  3.4273177657735694E-02 -1.5042063655407085E-03 -9.5103567538602163E-02
 -7.5254733037754068E-02 -7.7009551929292149E-03  1.0762401664054634E-02
ORDER     2 BLOCK     5
  5.5445509265342818E-01 -2.6350901346086825E-02  5.6771222323383352E-01 -2.7143185185716665E+00 -2.0863445827517535E+00 -1.0372578350417185E+00
 -1.1905209005558646E+00  2.2898502371338900E-01 -8.9179462996724546E-01 -1.0637292651376622E-01  2.2394721433552660E+00 -7.7496368899265744E-01
  2.0088869166612087E-02  1.3676432308669195E-01  1.4246979696624640E-01 -1.5287500929378670E+00  4.0248986307213919E+00  1.4250257698247695E+00
  5.7287726086125468E-01 -5.7697572313061418E-01  1.4297160655872843E+00  1.9544684193021469E+00 -2.8996468820663770E+00  2.0799656840570107E+00
  3.1005994200040452E+00  9.5058481326871014E-01  2.6053430046140318E+00  2.6543128844412300E-02  3.6127665973001472E-01  1.3387912692215780E+00
 -6.5534451110361900E+00 -1.3072342798238470E+00 -4.6183311842645640E+00  1.6916775180028876E+00 -2.4273192095927185E+00  8.4023219946551986E-01
 -9.2924998353869789E-02 -4.2337432891429643E+00  3.1518376303391458E+00 -1.1051239103689692E+00 -4.3048076520173115E+00 -1.1533322515483835E+00
  1.3670958405110087E-01  1.0256540657336812E+00  6.0872173875884057E+00  1.2835300929098354E+00 -1.9963498034230920E-01 -1.7951583429702667E+00
 -1.4640720480577900E+00  7.1204646526769833E-01 -1.2659423750574854E+00  7.3038617658228788E-01  1.9639416053217558E+00  2.5725399928167120E-01
  1.4960270991186683E-01 -1.7652299547034143E+00  2.2010549838135871E+00 -1.0101807099880100E+00 -2.7587210789704670E+00 -1.3920726487853924E-01
 -2.0874498026773172E-01  7.6308427054468875E-01 -1.2065371767118482E+00  4.2022268035052684E-01  1.4668212778089884E+00 -1.0655946296454695E-01
 -3.7094630573355891E-01 -5.7627957478630754E-01 -5.1987667552285968E-02  4.9642977320680612E-02  1.3654724522677619E-01  3.4202187668028772E-01
  4.1880901375843127E-01  7.4378660484356596E-01  4.4511142459228756E-02 -6.6404276171990448E-02 -9.5571359036854570E-02 -4.4830091322425958E-01
  4.6254485118059085E-01 -2.0378382948490670E-01  4.5444764278229473E-02  4.6825392587648861E-02 -4.3800676734634991E-01  1.2770998310517845E-01
  5.3266925929730391E-01 -1.0473018000209056E-01 -1.9718835772456692E-01  7.2712038181400769E-03 -3.7380200527645235E-02 -7.4563573115896797E-03
 -3.3473068823349926E-04 -1.1100978076571668E+00 -9.5310558845267696E-03 -2.8909360530775752E+00  1.6430011946072576E+00 -1.8577732505493671E-02
  1.8749647249755754E+00 -1.4677382743577172E+00 -7.0677308352157953E-01 -2.8649503612743126E+00  2.2992362144265996E+00  2.6507197878039479E-01
  1.6887989470827966E-01  3.2255416267874457E+00 -2.8079453736619167E+00 -4.9328234211839750E-01 -3.9554721344125499E-01 -3.2380079559111991E-01
 -3.1572419603300328E-01  2.3287471470699453E-01 -1.1311510078074474E+00 -8.1381942216254384E+00  4.1876464048042861E+00 -3.0552345525102367E+00
  1.4883157430489138E+00  6.2003460233064223E-01  1.3952563559299977E+00  9.8182166702446878E+00 -4.1987292641941041E+00  4.4580511524217368E+00
 -1.2483444606228455E+00 -6.0113279381038365E-01 -1.1065190016684341E+00  8.9612086834718374E-01 -1.4125067842397860E+00  1.0202795262323281E+00
 -2.2572207578079781E-01  2.9314676048807714E-01 -8.5398789075070022E-02 -9.5241221215256489E-01  1.8115777528806654E-02 -4.9438163952523584E-01
  5.9301735203155070E-01 -1.6646338145268798E+00 -5.7637905204347040E-01  7.0319644492795763E-01 -8.3762075129173519E-01  3.5931664290835608E+00
  4.2213265506462067E-01 -7.2359460901736705E-01 -4.5204902287884607E-01  6.1544326798500437E-01 -1.8138265268138684E-01  1.1942140687284870E+00
  4.5597134659116634E-02  1.5740901856515683E+00 -2.1007847281123010E-01 -5.6909353766572879E-01  4.4871346560428835E-02 -3.4561011338217068E-01
 -2.0103585898039768E-05 -4.3290085271361745E-01  4.5052116706464918E-01  8.2479749062194230E-01 -5.0705073329936523E-01  3.3546847418347975E-01
 -6.7929478316315095E-01  7.8771486403934554E-02 -2.5281333198570372E-01 -7.5138808988605338E-02  1.9913710801023099E-01 -1.1472895843468468E-01
 -3.1660280883117864E-01 -1.6103223847342578E+00 -3.2405606558394044E+00  3.5774751974929249E+00  6.6353237574135221E-02  2.2322617883200721E-01
 -5.9305752855738014E-01  8.2012764354494769E-02  6.4314081542682549E-03 -3.2478239973168711E-02 -3.0908054935176087E-02 -2.7952448017814535E-01
  7.2619389156525116E-01 -3.6997500378424419E-02 -2.5888777989695599E-01  3.1522637861011352E-02  2.6884272665269757E-02  1.1289217846220725E-01
 -9.4161316101379178E-02 -5.3174927490211514E-02  3.4181723029073356E-03  5.8893620247654488E-03 -1.0325171747387387E-02  1.6906872687766271E-02
 -3.4991634438324690E-02  2.6868427342637859E-02  7.6210858308260965E-02  8.3454057438067511E-02 -2.5610706443031866E-01  5.7945978428502527E-02
  6.0459507856230922E-03 -1.9045930473799186E-02 -6.6903189618589198E-01 -4.2449314300288914E-02 -8.7421371899242373E-02  1.8672610604800521E-02
  2.2202787520910103E+00 -3.8438421854177826E-02  5.6574454513442514E-02  8.7858000817984880E-03 -1.1343862213260204E-02  6.3617488498870969E-03
 -5.6554051500752205E-02  4.2044315648619136E-02  1.2469787570051618E-02 -1.4432806710087862E+00 -4.4099979611296969E-01  4.2157757634136489E-01
  1.3788832850087949E+00  2.0025498552151930E+00 -1.1541997229327272E+00 -6.6012024494464250E-01 -2.7681804175628120E+00 -5.9415281181620528E-03
 -1.0676225448456984E+00  2.7259267941064091E-03 -6.0229120767017053E-01 -1.7947420172340481E-01  7.7578814148703740E-02 -3.2708053406467591E-01
  1.6539721836517382E-01  4.5336768869171755E-02 -4.3585591810946323E-01 -4.3364169385552964E-01  7.5555793465594129E-02 -3.2220277610908388E-01
  5.5447970765734433E-01  1.1060801884624681E-01 -2.8406592438537009E-01  5.6746676216566938E-01 -1.0787004482843666E-01  5.2914580496755048E-01
 -1.3440582143169109E+00 -1.3382173176282514E-01 -1.2344918186462278E-01 -4.1423340902991729E-01  4.3850055415920970E-02 -4.3724361469111677E-04
 -2.1841723465778552E-02 -1.2631018856630713E-02  3.0941400560148441E-01 -2.5333466281091810E-01 -2.9440701371084188E-01  2.3911709162524601E-02
  1.7431718400833265E-01 -1.4102773460243753E-01 -9.1820006953800701E-02  1.0935571521452300E-02 -3.2602622349817575E-02 -3.0941661501857373E-03
  2.2780288929926122E+00  1.1803820404402878E+00 -2.6010791193582111E-01 -9.0555012071863861E-01 -3.2880874818524108E+00 -1.4921325662111857E+00
  2.1100528505443913E-01 -6.9873277003926193E-01  5.1134312729847871E-02 -6.7746541312553654E-01  5.1206845525823080E-02 -1.5896946038318829E-01
  9.5055766002880282E-01  4.5500472373098322E-01  3.5070351290483165E-01 -4.1765392892068827E-02  4.4508265072687492E-01  4.2343864850824975E-02
  9.3061379926148352E-02  1.8485685317835368E-01 -3.1068468913177327E-01  1.1975990087129082E-01  2.0691609071460451E+00 -2.1264462916535887E-02
 -2.6901473877639300E-02 -2.5568867128939354E-01  3.9234517351411913E-01 -1.8349576412746174E-01 -8.5644686770304439E+00  1.7011233007546995E-02
  2.8017952668357351E-02 -1.6731929179960303E-02  3.8562038132452167E-02  6.4458766167005428E-03  1.4211340804718971E-02 -1.6808378089293825E-02
 -3.6192888916678997E-03  5.2691648107628004E-02 -8.4485688661751143E-02 -1.3104855034778462E-02  1.9418351308475800E-03  5.1927777330119572E-02
 -1.7224246195196286E-01 -6.9941282024823659E-01 -4.4755207651690594E-03 -2.9395062178117120E-03 -4.0623517326812105E-03 -1.2534690194613365E-02
  8.9399667745449964E-03 -3.3091567774548225E-03 -4.0097165541895086E-01  1.0169111698865359E+01 -5.7690331266108501E-02  2.9374735778533401E-01
  7.0868152978152743E-02  1.6426429686004568E-01  5.2652300859495582E-01 -2.7971371279467828E+01  4.0739900622934908E-02 -4.1283039087810097E-01
 -9.3467512882709020E-02 -1.9567688038571840E-01 -1.4977258275219107E-01 -3.3117758662157265E-01  4.6487178695099041E-01  5.3563399125770475E-02
 -7.6225105684246314E-02 -9.0540078404796141E-03 -3.2616597657333856E-03 -7.8258123384532452E-01  1.8131683714087332E-01 -2.4749523760989080E-02
 -1.3411360662009533E-01  6.1857559500551504E+00  2.6539916191935232E-02  1.1731200086442651E-03 -2.8112146644523042E-03  1.3462267967752422E-02
  1.6922350795308105E-04  6.6351422111324831E-03  6.3072510804848547E-02  1.5355856596197073E-03 -8.1943671700041160E-03 -7.2145893329596622E-01
  2.5266764125152847E+00  1.8024332025723752E-01  3.3931711042991408E-01  1.0210263131294750E+00 -6.6044702289325485E+00 -2.1289197439311938E-01
 -5.9343089663926329E-01 -7.2899907037104084E-02  5.4200798105552184E-01 -2.5414875249349076E-02 -5.8103731572950901E-01 -2.2417156612208711E-01
  8.5384996890614362E-01 -1.0103709815691886E-01 -2.4182140823508256E-02  1.2851587906152982E-02  1.2592644092292663E-02  7.9726978979850552E-03
 -1.1384218710136794E-01  1.5000531191210675E-02  7.3509742114436956E-03
ORDER     2 BLOCK     6
 -1.8062442637615472E-02  6.0795837734776814E-01  2.5264974675722840E-01 -3.4425053256495480E-01  2.3928064936147747E-01  1.2424723693091541E-02
 -5.2514964133864916E-01  5.3564765364199247E-03  1.3815243004125221E-02 -1.7185007342778495E-02 -1.6144235046737988E-02 -1.6470118952698239E-03
  4.4859280526379879E-03  1.7098594903485974E-03 -7.6814229328001176E+00 -3.2469195693967390E-01  9.8115076533689205E+00  1.0714614314356774E+00
  5.5770143636581104E-01 -6.8986655583253720E-01 -2.9484062817247569E-01  1.0439096635023178E+01  5.6337343567724867E+00 -4.8129058158760039E+00
  1.0212947984478342E+00 -5.1614713765828379E-02 -5.1257824232199400E-01 -1.4719071561292971E+01 -8.4307162532889830E+00  8.1759167901078520E+00
 -2.5451042602321792E+00 -6.1218061577678007E-01  5.5622399038634285E-01 -7.9020818469933107E-01  3.4841382629776474E-01 -9.3976812238925933E-01
  3.0846878907811204E-01 -8.7500567441330024E-01 -3.7529307011180527E-02  1.0266709438758475E+00  1.7968636498279296E+00 -1.7971254371172033E-02
 -1.4101568276317511E+00 -4.9661765686258119E-01 -1.2451568243607092E+00 -5.6768173257332477E-01 -5.1028986807285925E-01 -1.0015819601039078E-02
 -3.2242685073018720E+00  2.1568795309144608E+00  5.3309407898777716E-01  1.3251539603418388E-02  6.6949528680224687E-04 -8.5452615942023608E-02
 -3.0032430012851691E-02 -1.9482287226483719E-01 -1.9725127019098401E-01 -7.9692757907605952E-02  5.1101260697120021E-01  7.1826913060290057E-03
  3.4754410067443786E-01  4.9297200797527241E-01  2.5519331554791774E-01 -5.8950708648099504E-01 -2.1009093666737474E-02 -1.6906307759896686E-05
 -1.7533423522771263E-01 -8.2330259495696223E-03 -1.6703186338160636E-01 -4.9333263435935304E-01  2.5311511050969205E-04 -2.4159823994234519E-01
  4.1318211538004956E-01  7.9706641000695466E-01 -1.0437191120339447E-01
ORDER     2 BLOCK     7
 -2.9164688253026338E+00  5.7065534610223523E+00 -4.8341119563608759E-02  1.2808441725853723E+00  4.0021500707321387E+00 -7.9878772486902765E+00
 -2.2631266780614440E-01 -1.7630969698565679E+00  3.5877410940947335E-01 -3.9179815894326453E-01 -5.2468053532402048E-01 -1.7446343741718611E-03
  1.0819048107299951E-02 -1.1908793005780235E-02  1.3520573441732898E-02  1.5969879076938129E-02 -1.4508257883718470E-02  2.4382571829024854E-02
 -2.2101291276290524E-02 -2.7906055088253480E-02  2.7056214827648351E-02  5.2778743974778095E-03 -7.2138116814423459E-01  1.3548933594101618E+00
  8.3107487865893948E-01 -2.9063133433417736E+00  6.0293316438359734E-01 -1.9043167810733346E+00 -1.7724810991671893E+00  4.1001087083554077E+00
 -5.8854513584491708E-01  2.6132788606557025E+00 -3.2398461873694884E-01 -1.5042975568707579E+00 -4.2049612747935434E+00  6.1458927606958618E+00
 -1.2767613369351962E+00 -1.4282899782798258E-01  8.8149443069601030E-01  2.1519840960078631E+00  6.0132291422475745E+00 -7.5662389497669089E+00
  2.4363723432749138E+00  3.5676167815111515E-01 -2.1236987072775895E+00  8.7593610115328646E-01 -2.1634477827799792E+00 -1.0722724467927460E+00
 -9.2642875309005543E-02  4.8647076089818420E-01 -3.6142417723440023E-01 -2.1430234706349029E+00  2.7783707544665533E-02 -4.0184025297693088E-01
  8.3902922947632586E-01  9.7206301884056256E-01  1.5415357846570442E-02  8.8102128708637073E-01  1.0465060303806728E+00 -6.0954579287826727E-01
  1.3124650466515888E+00  1.2356330585526931E-02  6.4585728884124383E-01  1.4497598243273018E+00 -7.4038120903704219E-01  6.5343873834778831E-03
 -4.7491259045466178E-01 -1.3655993373902320E-01  7.0865576119508722E-01 -6.1594771060990941E-02  2.8124049383625827E-04 -2.3547905087335983E-02
  9.0405248814703784E-02  8.9915881636357803E-02  6.5587396996133931E-02  1.3876237666768745E-03 -6.7067996750626038E-02  1.2791417660074550E-01
  5.5700301890350412E-04  9.4678183977259054E-03 -2.6883933567612800E-01  1.8882166474082893E-01  3.3572445663918293E-01 -5.3032993682863286E-03
  1.0173197067911663E-01  3.1883218452173728E-01 -4.8003099826528853E-02  3.4399581612210295E-01  7.9806758218278814E-03  8.0195344461917240E-01
 -3.7275894397209003E-01  1.4986719868461036E-03  5.6971576026885172E-04  3.7777327045393508E-02 -2.4984407080500419E-02 -2.5321837416111194E-02
 -1.2270480189968361E-01  1.0742809583532350E-03 -1.0500152923057353E-01  7.8811437918781022E-02 -3.6284362383669611E-02  1.3254106516204217E-01
 -2.1228174634751367E-03  5.1530276260378149E-02 -6.7562307080600431E-02
ORDER     2 BLOCK     8
 -2.7734372616767913E+00 -2.3196787474709119E-01 -6.6651566665522886E+00 -2.0777465002997451E+00  1.3227341460319570E+00  3.5056984630656141E+00
  3.2203046210850812E+00  2.1961972898348954E+00 -1.8617892896878674E-01  2.7825388284542369E+00 -1.1844251433979069E+00 -2.2799430635913540E-01
  2.1270496323678068E-01  1.0461913525566147E+00  2.4257476937066802E-01  8.5582843376449720E+00 -2.1994519923975111E+00 -5.0915532641742578E+00
 -7.0484859830546469E+00  7.5223091677075127E+00  4.7650221415042698E-01 -4.2197253517765532E+00  1.5563149460960832E+00 -9.3661823017668695E+00
 -7.2153830711162978E-02 -2.2212592586861888E+00 -7.8057994715075054E+00  3.5861712815042246E-01  2.8812203675023140E-01  7.0931534092592186E-01
  1.4893862744325854E+00  3.2521743331549464E+00  9.7709547127587690E+00 -4.2813157355618818E+00  1.5308528570397086E+00  1.5577884293968930E-01
  7.1081879840345280E-02  1.0199547782028073E+01 -2.0359472762737121E+00 -6.2425595842107473E-01  7.1003073166817670E+00 -1.0757499494564999E+00
  6.5258397055714035E-01 -5.6971102424604447E-01 -9.8487718818621897E+00  2.0199600142940577E+00 -5.4597358129888940E-01  1.2677728090300286E+00
  7.6184323979629709E-01  1.4668771656850881E+00 -3.3078205050434732E+00 -1.1441928619476651E+00 -1.9386736762358379E+00 -7.0869635730272296E-01
  1.6219418635295577E-01 -1.2107737466365762E+00  4.2172451059203855E+00  1.4091101813990514E+00  4.8124449599523427E+00  8.0921780444529701E-01
 -1.7607228932031294E-01 -1.5319884085686097E-01  1.9999093265510992E-01 -4.3904378818414230E-01 -2.5596782792752140E+00 -2.2856586348147441E+00
  2.4568888335726173E+00  9.4513338773750333E-01 -1.8708636773137913E-01  6.6327506806165407E-02 -4.7039983308367679E-02  2.8233445024393253E+00
 -3.1774919623329869E+00 -1.3145887810825831E+00 -4.2328851424491221E-02 -4.3499977095016115E-02  1.5212153452671419E-02 -7.1498583812057162E-02
  4.3675716658915104E-01  7.5627257485279377E-03 -2.9923126971567415E-01  1.1147961806192744E-01 -1.0223699363516598E+00 -3.0785635315848142E-01
  1.6588640075003147E+00  2.9491369768181397E-01 -7.3603413059171896E-02  1.4901127845055462E-01  6.7108417860487962E-02 -3.0811722817611058E-02
 -1.0410892009134314E-04 -3.2886224090085792E-01 -1.5647631896877845E-02 -1.4473134098127727E+00 -4.6439089517896255E+00  4.9978429309618976E-03
 -4.9592946893434597E-01 -1.5245365228405824E+01 -7.5934618307381490E+00 -6.3972616899896828E-01 -4.7293703010959556E+00  1.8209605840074422E-01
 -6.6997035134413729E-01  1.6747485383691592E+00  7.0746250031966360E+00 -1.0257177334642037E-02  6.3517264474308577E-01 -1.2343646998481788E+00
  2.2413681561420788E+00 -3.0237680302723008E-01  3.2208370944037173E-01  1.6563361585344985E+01 -8.6028036158675611E+00 -3.3579615322673013E+00
  6.3263818853720299E-01 -7.5317970238132648E-01  8.4102824106937688E-02 -2.1852783669584369E+01  1.0373815418426004E+01  4.8378067554815827E+00
 -1.0844159261989355E+00  3.4285176783863408E-01  1.1817395234418029E-01 -2.6158580584650021E-01 -9.5832512287250815E-02 -1.4831599161241931E+00
  1.7031165482433740E-02 -1.5161425205503587E-01 -7.0145131600371974E-02  5.0462075345625773E-02 -2.0920583205776158E-01  1.0705402126264516E+00
 -2.4758802665753588E+00 -2.7942886519523036E+00  1.0554571619726998E+00 -3.9470143082573200E-01  3.1240131829376812E+00  5.4091026103469879E+00
 -2.3727866349525422E+00  4.5862911286707381E-01 -1.1466501156970407E-01 -6.0130185301743666E-01  1.4012472104519072E-01 -5.6867096754874991E-01
 -7.4940177632309668E-01 -2.9512777514019941E+00  6.0716311995135153E-01 -4.7200981449012458E-01 -8.8858319241209005E-01  6.0497307323096450E-01
 -1.7177495981989470E+00  7.1198056200090392E+00 -1.0030308547465503E+00  3.2664461183394750E-01  2.4180118213941380E+00 -4.7223068132747109E-01
  2.1231484071314362E+00  6.0967357262296729E-01  7.9132503086666706E-01 -7.6399562820314670E-01 -8.3916526438770533E-01  6.9867442421454951E-01
  1.3327380520414492E-01  1.8085878668349795E+00  4.7485646181407564E+00 -3.7586133440438929E+00 -4.1519852882629671E-01 -1.0555741824209750E+00
  8.8377768349143138E-01 -9.3046617447897995E-01 -2.4506325895715333E-01  4.0598483989853926E-02 -1.8924781787709670E-02  1.5532363936465492E+00
 -1.1507507573770408E+00  1.3087559227270191E+00  8.5710474346833676E-01 -8.6369625146298978E-02  1.8904689233185262E-02  1.1665802580443148E-02
  9.8382093367650761E-02 -4.9768910511475827E-02 -1.2755790463166524E-02  4.5010761596357585E-02  2.4471117201164169E-02  1.5690652819410442E-02
  7.4654863203257746E-02 -9.6956633124990879E-02 -1.6329066634798625E-01 -1.9908437106113810E-01  2.5278610481594954E-01  1.0447909065079798E-01
  1.1713185143003945E-02 -4.3642029819607450E-02  1.6499865119790771E+00 -4.2109092667646425E-01 -1.6334255883357504E-02 -4.2900720943455217E-03
 -4.4170246473246095E+00  1.3169795598713903E-02 -1.4232247884840671E-01  3.4441761493807940E-02  2.0695211494658580E-02 -1.5278925249640592E-02
  3.0071607104132207E-02 -1.3874870194911992E-01 -3.0692461896846875E-02  1.3004634658334633E+00  6.4951354191008104E-01 -3.0843906203838184E-01
 -3.5281671536133302E-01 -1.7147442375610569E+00 -2.3424887458813398E-01  3.6742399152518096E-01  5.4138905545282068E-01  1.1103642239643813E-01
 -1.8070413486542061E+00 -2.9661957657317918E-02  1.2235374722133188E+00 -2.5100491023573418E-01 -5.7949881019279426E-01  2.9694689102662780E-01
  1.7169278851553368E-01  4.1317405967475213E-02 -2.7120596386062668E-01  1.7497664249898655E+00 -1.4591162655028649E+00  3.3985985403216173E-01
 -9.9902917785663992E-01 -1.4569678676406261E-01 -7.7162549036950345E-01 -2.4592216271594660E+00  1.9871241456312281E+00 -3.2840778212769089E-01
  2.0062375835678057E+00  1.5518697700945755E-01  1.8842268783753418E+00 -1.0368590409585450E-01  9.2698754650976864E-02 -1.2608372742096888E-01
  1.1788251776358892E-01 -3.9574059755589662E-02 -4.9202206210882483E-02  9.6415911764860907E-01 -5.3196205415011855E-01 -4.1295906415485578E-01
 -3.1882137256995685E-01  4.9061065040749879E-01  2.7711922753917329E-01 -1.1884871602085410E-01  2.8322196009633610E-01  2.3862525771552023E-02
 -2.7062605731596552E+00 -2.0312758253123525E-01  2.2191278249259098E-02 -1.8660263122735346E-01  3.3891079342173254E+00  3.1455297026454415E-01
 -4.5377701338155857E-02  2.0350291415792729E+00  5.7475856823997551E-01 -5.3431615626374634E-02  2.9603078524368565E-01 -8.4988954711426035E-02
 -1.0365668603426961E+00 -3.5638318976340355E-01 -8.3403824398295889E-01  1.4548658052696983E-01 -4.4808611951510496E-01  2.7432565990565688E-01
 -4.9050057072209363E-01 -2.5659594628308868E-01  4.8144095686536409E-01  1.2571811551820555E-01 -1.9805996377159525E+00  1.5112229154699208E-01
 -1.9794554633790224E-02  3.0274225930413939E-01 -6.1361209134761785E-01 -2.0734930479356212E-01  7.2793389659294538E+00 -1.2884038505871109E-01
  2.0111842833688862E-02 -7.8586796564084575E-03  1.2600084143166926E-01 -2.1799534585347485E-03 -4.9984987832621543E-02  9.1992580435711381E-03
 -9.4314109596110151E-03 -3.5654679281465362E-01  2.8879299264884323E-01  1.9106104027191068E-01 -5.2999169476356149E-03 -1.0683794259042899E-01
  1.6715098098611653E-01  7.4258098110442639E-01 -1.0697729972626926E-02 -1.4024611468532813E-02 -9.3174804765601790E-02 -7.1887701408342053E-02
  6.2322914177744000E-02 -2.5560757799738845E-02  3.3887514456086720E-01 -9.7573928797370854E-02 -2.9114926306165312E-01  6.7794637897282350E-01
  2.0677252016352987E-01 -1.7168038848984790E-01 -3.9263349392225189E-01  1.9490647558239221E-01  4.0309686034071779E-01 -1.1207806170971002E+00
 -2.5184894595600610E-01  1.8869006345530329E-01  1.0761788979348972E+00 -5.4696791999555960E-02 -8.7974606934389035E-02  3.9377340073600657E-02
  3.4028411139179371E-02 -1.0864692416015738E-02 -3.6244126548463040E-01  8.5907494896561756E-02 -1.6291811635278386E-03 -1.1768591051128684E-01
  1.4263003120957765E-01  4.1805771867384873E+00  5.2567347232159750E-02 -4.9704241958972627E-02  7.4285165154288346E-02 -1.8722517450889781E-02
  8.7581223773078830E-03 -1.6352300805538462E-02 -3.1945179974492177E-01 -1.6762438316233943E-02 -1.0625757219743754E-02  4.1408595443808655E-01
  1.7768154892660064E+00 -4.3273470425225197E-01  5.8765258737313343E-02 -7.3053091633470169E-01 -4.7810485861763299E+00  6.4771580803620765E-01
 -2.2060208557349640E-02 -2.8968434721166675E-01 -2.0134811914488825E-03 -7.2741940650524417E-02  2.1962298582210923E-01 -3.4675404216590927E-01
  8.1991402843533301E-01  8.1076228604868392E-02 -1.1375430646513508E-01  3.4190796774158003E-04 -1.1719329041826380E-01  2.0339716522650353E-01
  7.8196607298288520E-02 -8.7969191838907154E-04 -3.8611301348770034E-02
ORDER     2 BLOCK     9
 -1.0089337855635898E+00  7.6278845042460732E+00 -7.9083398560169257E-02  2.4473335358021093E+00  2.7976850170291696E+00  4.5279431880259413E-01
  2.5023950000559210E+00 -2.8371127941832155E+00  9.9244759263786941E-01 -2.2657655607245575E+00 -9.5911511044687749E+00 -1.0968207604579847E+00
  3.5022146458174785E+00 -5.0237902198233870E+00 -6.4944124033664066E+00 -6.3202073677994930E+00  8.5428537503433493E+00  1.2290064433177490E+00
 -1.4142059361970181E+00 -4.0250998228780399E-01  5.3626927712041493E-02 -1.9713516308827678E-01  3.8061534454681238E+00 -1.9196014519250477E+00
  2.1050743218718821E+00  1.2047776408565236E-01 -5.7389507638179165E+00  5.9818680302449625E+00  1.1656094495649256E+01 -5.8337404395734200E+00
 -1.7272549357118643E+00  2.8343551439911907E-01  2.0991525569074017E+00 -4.5515720582887043E-01  3.3738893629550275E+00  1.6788686736389877E+00
 -3.5520820993282589E+00  4.8582662139196403E-01  1.5964900785115396E-01 -9.5030328252024521E-01 -4.6018980938363390E+00 -2.2948978883590265E+00
  5.2100347330231322E+00  4.3179145638586963E-02 -4.0267699255508138E-01  7.4156616180959189E-01  1.5124264939172472E-01 -3.1201420023341858E-01
  7.2813437970514394E-01  1.1778356068598579E-01 -2.1605991249164749E+00  1.6536938679584279E-01 -1.8716345624864822E-01 -4.5938322061066933E-01
 -7.3532248295647251E-01  7.4985367560151922E-02  3.6512549164586492E+00 -2.1515931550427045E-01  2.1198956580777961E-01  1.0154077445676231E+00
 -5.0298721842419486E-02 -2.9365105188023571E-01 -1.6908549163312017E-01  3.8089984052973529E-02  5.7646217399619915E-01 -3.7688139919216721E+00
  2.1622553075255929E-01  5.9266204089318250E-02 -8.4739006147898244E-01  5.0601270407153489E+00 -2.6006986711074681E-01 -1.4581107743408664E-01
 -3.7829323357036837E-01 -2.5225908719409001E-01  9.9697398027872142E-02  7.3527933632867737E-01  6.7801795579980071E-03  1.3259737650376034E-03
  4.9659608780113940E-01  3.1595281678141123E+00  7.9793305519436009E-01 -3.9272766467443039E+00 -1.2701886462407632E+00  2.6913519376503736E-01
  8.1446463177828055E-02 -3.8023339279342222E-01 -1.3828700088294141E+00 -2.7923114556280861E+00  9.8570113695657813E-01 -2.4021588728066489E-02
 -1.3029820762671140E+00 -7.9932913101008252E-01  1.5826708945378378E+00  3.8914002061540498E+00 -9.2285403286177137E-01 -6.4264411652328191E-01
  1.1025780362145425E+00 -4.2417502881086239E-01 -3.0169436695586083E-01  1.5633790699038599E-01 -1.0720376186175691E+00  3.6284431098883146E-01
  1.7047966450800695E-01  7.7227979926371468E-02  1.2983326744159532E-01 -1.3779235182108793E+00  5.0027322043606022E+00 -1.5176384165031775E+00
 -6.7823663002637211E+00  1.4498622426804662E+00 -1.1086539380045861E+00 -1.3798362599680669E-01 -1.3973645079289445E+00 -3.5004657846421239E-01
 -2.2412358370188690E+00 -2.3221557103275332E+00  2.6800035666169850E+00 -1.1610901974330152E+00 -4.4897992582960666E-01  5.0108371092391313E-01
  3.3127850875555711E+00  3.3015445174170810E+00 -2.9977100008870550E+00  1.0901273362972688E+00  1.9191462692842606E-01 -1.2629064237054726E+00
 -5.6441188509545970E-01  5.4440884380316312E-01 -4.1683354715304632E-01  4.9986024747263702E-01 -1.2619220711514811E-01 -2.1586589952952168E-02
  1.6047668924555172E+00 -8.0346933703229984E-01  9.6260969221489537E-02  1.0337024098801597E+00  9.5583393555363871E-01  7.7856150677222991E-01
 -3.5521747409502596E-01  6.0818385902699434E-01  2.9186107011316298E-02 -1.4763401431053391E-01 -1.2596403738567514E+00 -1.0285392128284876E+00
  3.9820217710861566E-01 -2.1255480413439178E+00 -2.2452700769681425E-02  1.9365444600435316E-01  6.5869734877630329E-02 -3.4331102117577034E-02
 -2.1922764882232885E-02 -2.0779952999165512E-02 -2.5875296402523416E-02 -2.9739403639682825E-02  1.1493915769085046E-02 -2.0248329721303304E-02
  7.9489046405217173E-02 -1.4972046962009924E-01  2.4630466577939469E-01  2.8476777896660704E-01 -1.9792692293024627E-01 -3.6138062998858890E-02
  8.1341497711898914E-02  1.8801431429997940E-02 -8.7534307047012649E-02 -3.3134479880155998E-02 -4.5288157861311538E-02  1.4365745638900287E-01
 -2.1396463001402682E-01  7.1612005322638219E-03 -1.8467615198814466E-01  1.9751734483933103E-01  2.4362255625999546E-01 -3.2933359916887212E-01
  9.6442794147109279E-01 -1.2751413284373386E-01 -2.2397403277098552E-02 -2.5745164478650131E-02 -1.1015750307668731E-01  5.1808329401973521E-03
  2.1969163632480555E+00 -1.2241904434880115E+00  1.6018512735411043E+00 -1.2740777171765452E-01  7.2756386720409760E-01  3.6903360507740386E+00
 -5.4960020702998991E-02  1.7311586522902465E+00 -2.2223100949182824E+00  2.3011064813037840E-01 -1.7311186016394471E+00 -6.0123879533179831E+00
  2.3406252005631742E-01 -1.9717185311775531E+00  6.6902084684958826E-02  1.8843782285255489E-01 -7.2063157085924562E-02  8.0975968519041749E-02
  7.4020967063552578E-01 -1.3919887023270574E+00 -1.3288457559047701E-01  3.2968148582008805E-01 -2.5937855454955977E-01 -2.7943026564728152E-01
 -2.7836377417263686E-01 -7.0329418122718323E-03  5.6761350037641156E-01  8.1013256262198654E-03 -1.9177524010358782E-01 -2.1834135379945763E-01
 -2.8826751236556802E-01  3.1569417435990543E-01  6.8769143638184413E-02 -5.8099667456675164E-02 -1.3853534352868566E-01  3.3641483698861019E-01
 -4.5943929067641115E-01  1.8681680671539608E-02  3.4316970670388725E-01  8.0070977028061407E-01 -1.7424715371393668E-01  2.7099130858225390E-01
  1.8106045853024180E-01  1.0615343957452811E-02 -6.8535539880157328E-02 -1.1394852327638245E+00  2.2282510767398678E-01 -2.6739912081898343E-01
 -2.2719683492754705E+00 -9.1774987210420066E-03  5.7738107332627353E-02 -1.2500618868265959E-02  4.9493568856441100E-02 -4.7299839028571648E-02
 -9.0198852516875736E-03  1.3819617614451394E-02  9.1958778031039599E-03 -3.3757224267961489E-02  2.4901487753819122E-02  1.8893593513591633E-01
  1.4321510327466466E-01  1.5967849766897352E-01 -8.1284109581977501E-02 -1.6603708282414587E+00  1.5770968263683040E-02 -2.6533223313733381E-02
  3.2567788164359956E-02  2.6352915580362962E-01 -2.0941457053202960E-02 -3.6174128044237946E-02 -2.0834157591293043E-01  1.9254061841709222E+00
  1.0968300023731381E+00 -1.8070421749199528E-01  7.6445402181549660E-02  1.2890467732103603E-01  2.3126848303308778E-01 -6.0431236179963292E+00
 -1.5991793730011505E+00  2.5562442833962606E-01 -8.0804847191602733E-02 -3.0168695502487025E-01  3.6977990335116384E-01  2.0316735866746712E-02
 -8.7131076715020350E-01  2.1936092349533535E-02  6.8075372470519036E-02 -2.0303555345998155E-02  3.1098066564385346E-01 -1.8864454774725714E-01
 -1.2226085851062049E-01  1.2063316832461166E-01 -1.2889783231241345E-01  2.5963394174136960E+00 -1.4344000202675530E-03 -5.5247584645185067E-02
 -1.1982320338859577E-02  1.5540317492477413E-02  2.3519607856603950E-03  1.3274480606658498E-01  1.3425904328400851E-02 -8.5850569251423713E-03
 -7.7737767473228081E-02  9.3924863946131376E-01  2.4574849541154778E-01 -1.1999036796715696E+00 -2.8939226748679053E-01 -4.0156193169406343E-02
  2.0534333835213379E-02  5.0408359764740054E-03  4.0936630270144964E-01  3.1099672440517057E-01 -1.7885638357929921E-02  7.9731458950548059E-04
 -1.4103061605234682E-02  8.2030751228659715E-03
ORDER     2 BLOCK    10
  3.2961447193601429E-01 -1.6419369893295226E+00 -1.5055835824112887E-01 -1.5771977848815522E-01  3.3954694144738049E+00  2.1104180651647799E+00
 -2.4726394706167758E+00 -1.4311032910247770E+00 -4.5135370474351139E-01  1.3588985099270623E+00  1.8834405559823011E+00  1.4181788383898088E+00
  1.1880838959607285E+00  8.4929413824152422E-02  1.5850439836696719E+00  3.6884651421697394E+00 -7.6652053907986479E+00 -2.7289796915863267E+00
 -1.7070766058596034E+00  1.7554500966141999E+00 -2.2575827304937506E-02  2.3037986953778486E+00 -2.6352848210498721E+00 -8.1815218230220204E+00
 -5.2491021102338982E+00 -3.7873232088248985E+00  2.9499333772960599E+00 -2.8509346010227138E-01  2.8438251533014453E-01 -1.8940251043990814E+00
  1.1502507003394355E+01  5.0321216409829326E+00 -7.7680905067139805E-01 -3.4344265814949879E+00 -2.2396702636319823E+00 -1.8549948335270641E+00
  3.1631669527510942E-01  5.3133362129421728E+00  3.1187169297321446E+00  2.4833302817691263E+00 -1.8709411423715632E+00  1.2144553467942935E-01
 -6.2341919057093265E-01 -1.8022904458624549E+00  2.6961249610615057E+00 -7.8208898441961439E-01  9.4053920970665317E-01  3.4332836101933673E+00
  1.9311306025806635E-01 -1.7475585772776612E+00 -4.9652541459883759E-01  1.7042575919099028E+00 -3.6766496562914530E-01  3.0455918902383938E-01
  4.0467501197989621E-02  2.6693252268403898E+00  1.2477309957034055E+00 -2.1553354096521722E+00 -1.4801721409734134E+00 -6.6994944987365834E-01
  1.4223658606611694E-01  5.4651423296943292E-03  7.9665911059357974E-01  8.5103943912792090E-01  1.1199766994764606E+00  9.6897584584031071E-01
 -9.1622924397789685E-01 -1.7205287916508200E-01 -1.8254354054616526E-01 -1.6654974577206219E-01 -7.9818220641891383E-02 -1.1265920580000430E+00
  1.0183255540941347E+00 -3.6750605772180887E-02  3.6834059661523860E-01  1.4633075192098138E-01  1.0640148779957466E-01  1.3075105905017997E-01
 -1.0112371866082506E-01  2.3514556645807264E-01  1.5164312135554850E-01  2.0084922958211463E-02  5.6660429218606090E-01 -2.3441478869108284E-02
 -8.7137837068332413E-01  5.4898655431884130E-02  9.1983643225018924E-02 -2.4715978497580043E-01  8.9984690142760858E-03  2.4595201868941850E-02
  3.8217610873139376E-04  1.2587138284451300E+00  1.7360182740028183E-02  6.2547068915352633E-01  2.1190447471886711E+00  3.2028849017766451E-03
  1.6942994359521160E+00  6.8291788709236778E+00  4.5921929513592321E+00 -5.2596286203426301E-01  2.0372537505917134E+00 -9.6361548453329227E-01
 -5.0184219873697845E-02 -4.6932022357890207E-02 -4.0258492597326958E+00  1.3512397484854066E+00  7.7858588777727633E-01  9.3857726099301242E-01
 -1.5625248899347286E+00  2.6745078869794220E-01  7.2324259251715584E-01 -7.1361360706770052E+00  9.5550576737180004E-01  3.3738002848421016E+00
  5.1530315280967820E-01 -4.9191432565955096E-01  4.6517518563201396E-02  1.0112415703226187E+01 -3.8999715579964539E-01 -4.3465666927724884E+00
 -4.4760195212431214E-01  7.9557570848563330E-01  1.6960441078304939E-01  2.0790348495133404E-01 -8.6589630356739378E-01  1.7674923189133371E-01
  9.4805122135064188E-02  2.7178131433570962E-01  2.3543169304513925E-01  6.1060492446074610E-01  9.3221115225710505E-01 -1.3550331631339874E+00
  2.2233331301964170E+00 -1.4087105156413928E+00 -1.5384237963544807E+00  5.4535860989613871E-01 -2.9686058867913023E+00  3.8185981220284790E+00
  2.4211226234351146E+00 -6.7574491800990588E-01 -2.4409939987226237E-01  5.9802573785759050E-01 -2.3863491790089053E-01 -1.2222303458777790E+00
  1.7550344096636818E+00  5.8456311865135313E-01 -1.0365594027296503E+00  3.6812843885993912E-01 -2.9390317518906284E-01  7.6236900947126263E-01
  8.2269105022211367E-03 -6.6571083966798617E-01  1.3867263232797178E+00 -4.2522872748729540E-01 -4.4794416691951916E-01 -1.1242799624123505E+00
  5.6228343660948560E-02 -2.9921613404127023E-02 -1.9709190598547943E-01 -4.0216349256494255E-01  2.9827786541477935E-01 -1.8321792508381046E-01
 -1.2233436527876418E-01 -9.7806928855364805E-01 -9.6483064297234911E-01  6.6315576722310532E-01  2.4959296196721301E-01 -7.6744114148571255E-02
 -1.3839258224091530E-01  2.7820181018834267E-01 -4.0520969090293679E-01  2.9234047349752336E-03  8.8921037247906370E-02  5.4912811813612551E-02
  1.7496510821324004E-01 -4.8848106334749036E-01  8.5343881487318674E-01  2.8780447309654594E-02 -7.6734217702966429E-02 -3.8552705359747204E-02
 -1.0426025398253807E-02  3.8470182773289008E-02  4.0990583080388256E-02 -6.2454317144143186E-03  1.9468616278977481E-02  2.6894580513306447E-02
 -1.3711362876274022E-01 -1.9795657825466456E-01 -1.1252711427215805E-02 -3.6009560925853480E-02 -5.2132435517695266E-02  9.1569831962028100E-02
  1.4071381613899983E-01  6.4934589119209699E-02 -1.5062347183011897E+00 -5.4694357591253344E-02 -1.8905943480234882E-01 -3.9292392325586643E-02
  4.2986762169058741E+00  3.2221837736175624E-02  6.3834111967643672E-02 -3.3034610885963031E-02  4.7476081674413126E-02  1.0711073658129051E-01
  3.4294575808681553E-02  8.9737380335396799E-02  1.0948442177859919E-02  5.8959884336849822E-01 -4.1812138238822155E-01  3.9575736313712452E-02
 -4.5644665645670252E-01 -9.3465679930306511E-01 -6.6566784122948286E-01  1.0533824072350331E-01  8.6827517743185267E-01 -1.7112881272974084E-01
  2.1638238404304420E+00  9.7134758384212358E-02  6.1096148721252785E-01 -7.4520949759699739E-01  1.0829259130875363E-01  9.8012855672845400E-02
 -1.6675308632348293E-01  1.2274337502609820E-03 -2.2471909961154182E-01 -1.3532947086919012E+00  1.3871878968595273E+00 -1.2523283828549833E-01
  2.0483855090660047E-01  1.0372043444987884E-01  9.0607128396928216E-01  1.8884346721064669E+00 -1.8767363882639472E+00 -2.7774023073845355E-02
 -1.0258980519322045E-02 -1.0997370250399637E-01 -2.9983281144309526E+00 -4.2051999804854168E-01 -1.7499326774047222E-01  1.3411717511615326E-01
 -1.1622300760383016E-01  8.0979909218696685E-03 -1.1163687213605273E+00 -1.4021454157605090E-01  2.1596177076331813E+00  4.3347371186309164E-01
  5.3812103051653522E-02 -4.3557215564263779E-01 -1.7739137765202267E-01  8.7650133433766861E-02 -3.1069834756486719E-01 -4.2202880972614246E-03
 -1.9891313923649612E-01 -9.1581962475955001E-02  1.7088739224535496E-02  1.0464387369055335E+00  1.0741470557072258E-01  2.0217750409148591E-01
 -8.2804502372796990E-02  9.8304713969236512E-02 -3.9494247052954290E-01 -3.6772966065985918E-01 -1.0405143268604047E-01  2.3808355796484262E-01
  9.8372893105093695E-01  1.1780459033437074E-01 -4.4525903651133916E-02 -2.0135141321950489E-02  8.8783391234443021E-01 -2.2835786953152268E-01
  4.3502143588034520E-01  4.6803081849897377E-01 -2.3413130915586647E-01  1.1075349168968317E-01  6.7019686193990757E-01 -9.2962676083193831E-03
  2.5235342253173015E-02 -6.6281645147078538E-01  1.5789860938850456E-01 -2.3843012823051116E-01 -2.4848212799711509E+00 -4.2078060439446263E-03
 -2.4793275248313186E-02 -8.5881145676328388E-02 -3.7535883370170726E-02 -2.9865162593804520E-02  8.8613354772376345E-03  3.9219264556041500E-03
  2.8216467831573750E-03  2.9318348070594864E-02 -1.2159842773950144E-01 -1.5072123407956220E-01 -5.9473324081962951E-02  7.6847960084309400E-02
 -1.8781074383951252E-01 -8.5863127695478836E-01  1.2975313175594907E-02  9.9618965033722359E-03  9.7791985409279806E-03 -1.4499030334032296E-02
  2.1958744030425612E-02 -1.2809384278095574E-02 -2.2593812442149255E-01 -5.7578369748268790E+00  8.6332960819094262E-01 -7.1525349225201541E-04
 -1.0236424116841983E-01 -4.7072684007572092E-02  2.2483739464385355E-01  1.5756485705078861E+01 -1.2034982153609353E+00 -1.0368224838898311E-02
  1.6687905199383746E-01  7.9875345105329731E-02 -2.3298214999571287E-01 -1.5139985215344520E-01 -1.5283156796295114E-01 -4.3714506531251029E-02
  6.0515044219386513E-02 -1.0773920234364751E-01 -5.7348281147626945E-01  8.7081764561709529E-01 -3.4844706750063603E-01  2.9336184712936658E-01
 -1.3116867242290392E-01 -2.4042651309919527E-01 -1.4318006961501876E-02 -2.8972008213017555E-02 -6.9337105840645244E-02 -7.3876738480710066E-03
  6.9926557716661281E-03  5.3774314875873128E-02  4.8370406263064609E-02  5.3253733089961173E-03  6.3316574618693857E-03 -1.2471236099126895E-01
 -2.8224830137869783E+00 -1.6788052568625100E-02  1.3489636566686630E-01  3.3748574139985216E-01  7.5610583945247525E+00 -1.1132617115712634E-01
 -1.8630268601694153E-01  1.6269903045985057E-01 -1.2070658516231436E-01  8.4303193544411792E-02  7.7389176345176813E-01 -1.9716425352355663E-01
  1.0760523402188826E+00  1.9608757751241344E-02  3.0364304530133564E-02 -3.2441643128283842E-03  1.0118297302113163E-01 -1.3964287911830833E-01
  7.4964627675120479E-02 -1.0283768189908794E-02  1.6236099328763166E-02
