SURFGEN.GLOBAL Hd COEFFICIENTS FILE V:2.8.8
high order tester                                                                                                                                                                                                                                              
ORDER
    2
COEFFICIENTS
ORDER     0 BLOCK     1
  1.9819241991728118E-01
ORDER     0 BLOCK     4
  9.3696422586899863E-02
ORDER     0 BLOCK     5
  3.7476143013636734E-02
ORDER     0 BLOCK     8
 -3.1502604187337663E-01
ORDER     0 BLOCK    10
  1.6993930977102689E-01
ORDER     1 BLOCK     1
 -3.9284151433098691E-01 -1.2138128580613339E+00  3.6638631543818040E-01 -2.2873884268937470E+00  9.2519778178133139E-01  2.0202073468787178E+00
 -2.4121107227051377E+00  5.4534839624200098E+00  2.9151905715058496E-01  6.8080801288793058E-01 -7.8438197287676203E-02 -5.3046602156743705E-01
  2.6857404678349572E-01 -2.2842350457653021E-01  8.0245874276567375E-02 -1.1563338486110372E-01  3.7474829078414519E-02  8.0424048577399210E-02
  1.8488270566997363E-02 -4.3936797059289479E-01 -4.5513161005742542E-01  8.8187237159019360E-01 -3.1030792254213071E+00
ORDER     1 BLOCK     2
  8.9564693107466106E-02  4.6625651423658843E-03  1.6487718096356280E-01  5.5040054405600114E-01
ORDER     1 BLOCK     3
 -2.6794033866911398E+00  9.0146841656510335E-01  5.4185870744024829E+00 -2.1045505227780654E+00 -6.7039093713113751E-01 -5.3887628284461621E-02
 -9.3928522267084646E-02 -2.3160350900290014E+00  4.1657578059251682E-01 -1.9194290186147814E-01 -2.9660639961992075E-01  9.6503104230990244E-01
  3.4506766462885974E-02
ORDER     1 BLOCK     4
  3.1386619459985124E-02 -7.5298300439283161E-01  7.5589230457734990E-01 -2.6727091045869344E+00  4.9029957620828729E-01  1.0401566297441469E+00
 -1.8962217009781897E+00  2.3389222528914133E+00  2.6690971085202092E-01  3.5171271375365198E-01 -1.4536559581503383E-01 -9.8044289385975403E-01
 -2.9359814089500641E-01 -1.8155736816300316E-01  1.7250609899435476E-01 -9.3746736207390879E-02  4.7326029274007114E-02 -2.5417630438951377E-01
  2.6300905145045173E-01 -2.8572285915989470E-01  8.3457637895760506E-01 -4.8478282061198030E-01  1.4385522283498384E+00
ORDER     1 BLOCK     5
  6.7520115805580483E-04 -1.1203393456578052E+00  4.3200851533316620E-01 -1.3742281991271863E+00  3.4163022923412112E-02  3.0336730421939095E+00
 -5.8811341956135277E-01  1.7920449038718693E+00  1.2105519148612482E+00 -4.1578861252927957E-01  4.0265857629753835E-02  4.4951058058527354E-01
  5.8946236728917134E-01  4.5589124315655628E-02 -1.8024034578270981E-01  1.1938030450507317E-01  2.1329753327559764E-01  1.5016577400344333E-01
  3.4805312437670835E-02 -8.5290653297452301E-01  2.0711539074158530E-01 -3.0499301844865565E+00 -7.8812248328768097E-01
ORDER     1 BLOCK     6
 -1.2040212340427963E+00
ORDER     1 BLOCK     7
 -1.2339047620711292E-01 -8.3623648738527477E-03 -5.2080156131039546E-01  1.2340832676931984E-01
ORDER     1 BLOCK     8
 -2.1443669106616081E+00 -1.3198029105375220E+00 -1.4696800999871160E-01  2.1056837249758003E+00  7.3221734455813854E+00  6.2785981648461693E+00
 -2.1580445140100575E+00 -3.5811709447552285E+00 -2.2164569566430052E+00  1.4864388894298042E-01  4.1149661854759850E-02  2.6985044200770447E-01
 -5.5051730557889911E-01  5.2941830641339616E-01  4.4476019179835902E-01  2.9338681292793656E-01 -3.4317046601456250E-02 -1.6717800791506152E-01
  9.2470126177320339E-02  9.2370944013319733E-01 -5.1145713432738149E-01 -2.6639354886505830E+00 -1.8839838596011547E+00
ORDER     1 BLOCK     9
 -1.0447623034154796E+00  9.4025632774347001E-01  2.3244229832881400E+00 -2.2279183083586700E+00  4.3133511961701440E-02 -1.4123386787659792E-01
  7.4706256893096123E-01  5.6578152696548978E-01  9.6234350718989975E-02 -3.2221716529921623E-01 -2.8499252580448048E-01  5.3360668569282543E-01
 -1.2665058447037656E+00
ORDER     1 BLOCK    10
 -1.2902350815359054E+00 -1.7713015562827603E+00 -6.2171662077737710E-01 -1.1601345754994654E+00  1.8034560403685309E+00  2.6141732792271331E+00
  3.6630718245601068E+00  1.3321331930356806E+00  3.8647623097865222E-02  5.1019110341826279E-01  3.0744729874252349E-02 -6.0697809644085082E-02
  4.0253340401215959E-01 -2.7049205490790607E-01 -2.8544397301851671E-01 -7.1000338907924870E-03  1.7147719931000469E-01 -6.4280720228824875E-02
 -8.3993647126101745E-02 -3.6515913679708367E-01  2.8966972435774391E-01 -1.1417790543111042E+00 -6.7673894616335295E-01
ORDER     2 BLOCK     1
 -1.2259412787863351E+00  1.1904368403642092E+00  2.4982548772485783E-01  6.8876861102926923E-01  4.8257573996220765E-01 -1.1028270054137579E+00
 -4.2861376866920964E-01  1.3318587467630345E+00 -4.1493217222265302E-02 -1.3019205333569062E+00  9.0345483599756679E-02  2.7931974020318934E-01
 -1.5652463606945495E+00  8.5844476024529315E-01 -1.3734889606715048E+00 -1.9300589527188938E+00  1.3076487511129991E+00  1.5717256611842128E+00
  2.5845590144406536E+00  7.1790418574544476E-02 -3.3742942936220971E-01  1.2654754301473266E+00 -3.6887010662571085E-01  2.4378649493256788E+00
 -7.0852969713330227E-01  1.1679948313866448E+00  2.2056661690364696E+00  5.5399332536342116E-01  2.0738418928766109E-01 -1.1475530760829413E+00
 -2.3078482423683906E+00 -1.6400133766720808E+00 -4.6902183466652909E+00  2.2982483820221224E+00  2.2736466562797214E-01 -1.7302137814729973E-01
 -6.5701302390221961E-01 -4.1202166958809023E+00 -1.1307492225146175E-01  1.1095658863299371E+00 -1.2382435164672438E+00  6.4133389467519716E-02
 -1.9826581608918533E-02  3.4461151173093962E-01  1.5105839163305679E+00  2.6818238803329764E-01 -1.7841374839232529E-01 -8.9377162820743816E-01
  3.3265369079667906E-01  4.6618117231803119E-01  3.2920483689047469E-01  3.3569846786692187E-01  4.4025669680278112E-01  4.7401894763606528E-01
 -2.1878897627629515E-01 -7.6625381811798754E-01 -2.7071607683638199E-01 -2.2755790697633044E-01 -1.4033740709663433E-02 -3.2878328636550630E-01
  2.0588369064293147E-01 -2.5483144585518752E-01  6.8872369960105950E-01 -2.4841787362328249E-01 -4.1149634460996030E-02  6.2331894219841877E-01
 -7.2988060914039998E-01  2.8805365523166931E-01  2.0406665609305787E-02 -3.0199752128394406E-02  1.3233312212708534E-01 -9.6748632783703170E-01
  1.0411542329826156E+00 -2.0415127621403528E-01 -1.7894599093380037E-02  4.5215730135111133E-02 -1.7897174307925257E-01  1.8811190990297426E-02
 -3.0345160180229935E-01 -1.5712786846071936E-01  7.3992725404457921E-02 -4.1815577992852716E-02  1.2893778122428396E+00 -5.7707887489823584E-02
 -1.9545460855318082E+00  4.1858789290159348E-02 -4.6122819652698759E-02  3.6575696825220418E-02 -4.6341777089056208E-02  2.6957450628166662E-03
 -1.3130426538634221E-05 -1.2948109518346427E+00  3.1563818672473196E-02  1.9306467807563805E+00  1.1211630560749708E+00 -2.1119499210060715E-02
 -1.6265033415264780E+00  1.2024431559791469E+00  1.6116773201333282E-01  4.0313289539457120E+00 -9.5472429650533508E-01 -1.7926074730916192E-01
  4.1805577383160786E-01 -5.2037634510568829E+00  5.9835592559518369E-01  2.4603293668404796E-01 -9.4837914148219771E-01  4.0100720977008136E-01
 -9.0779197637088938E-01 -1.0339284787566017E-01  6.9429562577982384E-01 -3.8646390222707006E-01 -3.6445689939259013E-01  1.7659997299658972E+00
 -6.8177593605488429E-01  8.4244677385898903E-01 -1.1828447433283735E+00  1.0642308320239535E+00 -6.8115797602184636E-01 -3.5101157709978272E+00
  1.2137760131116253E+00 -7.1092342988745127E-01  1.1591327566024450E+00 -1.9349848491729305E-01  4.1601355284779029E-01 -2.4992268631318768E-01
 -1.2224520021920512E-01  1.5016742191504293E-01 -1.4438307076962080E-02  1.5259589984147140E-01  1.8384386351942555E-01  1.8175582454188499E-01
 -2.0903782186511699E-01 -1.4683016563652673E-01  6.4838167847492123E-01 -1.3897822894496725E-01  4.3912070914392265E-01  2.6678166991995358E+00
 -8.2988366685430914E-01  8.0137972557613915E-02  4.1302992855807708E-01  3.0896460557593628E-02  2.2652014712206919E-01 -5.5475169459811569E-01
 -9.5292811838103164E-01 -5.5816879518883233E-01  3.2289866033902165E-01 -1.6818001160828061E-01  1.0105874539445587E+00 -1.2921989823253702E-01
  4.0619079945257902E-01  2.9693672332454790E-01 -5.1118735436775764E-01  3.6365395591054878E-01 -1.6627213486347414E+00  1.2241861102335885E-01
 -4.8368744639810879E-01 -2.4964788498508961E-01  8.2793093677571719E-02  3.0002439015882543E-01  8.5084943370663038E-02 -2.9756303054890454E-01
  2.7256790119369845E-01  9.2158120244696107E-01  4.7919847322893377E-01 -8.2073043665629375E-01  9.0760979965229416E-02  5.5741411500473992E-01
 -2.3646278532693898E-01  2.0545030412222387E-01 -1.4216840223307547E+00  5.0710775976376229E-02 -6.4272850110624240E-03 -7.7784627378948756E-01
  3.4779779555580126E-01 -2.7724274977128682E-01  3.6358974898314891E+00 -4.9823344719520053E-02 -1.9933551085203505E-02 -6.2109178931564722E-02
  1.1956216339835828E-02  4.0677571022749055E-02 -1.5215125873252171E-02 -6.2889595069141629E-02 -3.7901823311504879E-02 -7.9186460852206639E-02
  2.4122150264069185E-02  1.6403133299739181E-01  4.9482847915987935E-02  1.0832814270277966E-01 -8.6884930444258938E-03 -4.0823362416979495E-02
 -1.1393337121141307E-01 -7.1342601616720680E-02 -2.4075771973302815E-01  7.5819136117355232E-02  1.8600257981840834E-01  7.2574850199437324E-02
  1.0738429478702085E+00  1.4261754138161910E-02  3.0601096120506557E-02  8.7657250881923825E-03  1.0864152780275603E-02 -1.3389830154606581E-02
 -1.4194622516620407E-02  8.3238571867545047E-03  3.5466717793639180E-03 -4.2412909268613241E-01 -1.3693765419261450E-01 -1.9401451935624137E-01
 -4.2013902229450012E-01  6.0536857984567494E-01 -4.3186131618291168E-01  2.8577147555092841E-01  1.2048880070825938E+00 -3.3500971441559205E-03
  7.6826868677472671E-01 -6.6919617124358247E-02 -7.9300381458273630E-02  2.7731201952476020E-01  2.0357773515276567E-01 -1.2365465660340151E-01
 -1.7148775136852806E-01 -3.2338894400003150E-03  1.9668709067414647E-01  2.5181453335356313E-01 -6.1638883289263480E-01  1.5939390607052856E-01
  5.6423896963189135E-01 -1.6986196491759917E-01  4.6975051368259602E-01 -3.6435363763593803E-01  8.5657544201099556E-01 -2.2609502827673209E-01
 -1.0147087481318999E+00  2.5119126423772531E-01 -5.7694760623482966E-01  1.7330951931173120E+00 -1.2688763451933063E-01  6.4150596029458787E-02
 -5.3922371161951782E-02  4.7603066392913493E-02 -1.4342010615236156E-01 -3.7770801108247187E-01 -4.7745851027704966E-01 -1.0141612718886880E-01
  3.8983742987773851E-02  7.5587017093275519E-02  6.0585785023450398E-02  2.5364664614316745E-02 -1.7616570418118974E-01 -1.1918804877081399E-02
  1.0851526482372904E+00 -2.0606522884415404E-01 -8.3223373141587502E-03 -5.5181122876909738E-02 -1.3005686316615701E+00 -1.3884900590855959E-01
 -4.9596902762139381E-03 -2.8477419310751348E+00  2.8801736501075110E-02  2.6244327678226981E-01 -5.2041321111715270E-02 -3.4660135163683675E-01
  3.7532910099340333E-01 -3.3321650192915203E-01  3.0533264340492217E-01 -5.3738365304396858E-02  3.5219034628384027E-01 -1.1533682764486937E-01
  5.0706558577408016E-02 -6.4601763190733935E-02  1.4319440009938414E-01 -1.3002059512295358E-01  9.8903453992188606E-01  1.0411361418085163E-02
  4.7163787033320324E-02  5.6613551658560871E-02 -1.2782167611730982E-01  2.1282252475616217E-01 -3.3089941012427175E+00 -1.3569093812136716E-02
 -4.7469612188428309E-02  4.7464766823374145E-02 -3.8842830608877735E-02 -1.6548065691391705E-02  1.7634308658574092E-02 -7.9562774279651142E-03
  2.6642258262775330E-03  8.5655495907565923E-02 -1.6978038381848382E-01 -1.7721124416110295E-01 -3.1394557922957228E-02 -4.7389280066072806E-02
  6.5263925409500087E-02  7.9942266239188031E-01  3.5057912283000610E-04 -6.9078257541793702E-03 -4.7659891959307886E-02 -4.0583729544541064E-02
  6.2079486809679375E-02  2.5154501904518952E-02  1.1409744926029015E-01 -2.8722511390162495E+00 -6.6305190939749903E-01  5.2238525475559211E-02
 -9.6085742158637133E-02 -8.5527054090281524E-02 -9.8936138354061037E-02  7.5626885136383120E+00  9.4977552653182951E-01 -1.7696352440950833E-02
  1.1867011930406898E-01  1.1003847210314707E-01 -4.3290930392854599E-01  3.0933593269063243E-02 -1.4185400999075959E-01 -7.8497692105852390E-02
  3.4492556448481933E-02 -6.3332284663765351E-02  1.0386821970869012E-01 -1.5212827089679021E-01 -1.1739566182332814E-01 -9.6728813395070529E-02
  1.1490107684144142E-01 -1.5912326338181024E+00 -2.4918925164918511E-02  2.8348789774670414E-02 -1.1178859891350035E-02  4.4030714471358914E-03
 -2.5319437936809679E-02 -5.9081073593786051E-03 -4.6648785195224068E-03  1.0766555571772181E-02  2.5869910634308341E-04  4.5939688942938828E-01
  4.2146617953334422E+00  1.4133539320245661E-01 -2.6020812497079432E-01 -6.5728389531961728E-01 -1.1544817234252500E+01 -1.5274611653342560E-01
  3.9503172244780854E-01  2.1140077921246631E-02 -3.0278717493490825E-02  2.8507501551695996E-02 -6.9804834445195113E-02  1.7234098642616280E-01
  5.8835716260843318E+00  4.7444725559857105E-02  3.1477795458624294E-02  4.6027073439072275E-03  2.0314590798546580E-02 -3.5690245135964631E-02
 -3.3189302040529521E-02  1.4321776353964713E-02 -2.4107124558789767E-03
ORDER     2 BLOCK     2
  2.0708671109479422E+00 -1.7779690712252030E+00 -1.6217142884732492E+00  2.1322088913183546E-01 -3.7352883868970674E+00  3.3026661381688047E+00
  1.6628500682051646E+00 -3.4203263273508583E-01  1.3434690727196913E-03  2.2156376655924551E-01  7.4101263235779369E-01 -5.2472562511814362E-02
  3.5870860923336273E-02 -1.1703930148383892E-03 -1.7444727424978969E-02  6.7298752774867646E-02 -4.3650144020708992E-02  1.4682809526080123E-04
  2.5504126066425714E-02  1.8097944791892574E-02 -1.3552756736014639E-03 -5.0395247649098291E-03 -6.7649658201245300E-01  1.1736039664813369E-01
 -8.8644686046253574E-01 -2.3609861850661695E+00  8.1179053379251354E-01 -5.5595481394804880E-01  1.2393744134665479E+00  2.6903378835066341E+00
 -1.4197771840710420E+00 -1.0379949242530777E+00  5.0070536837727400E-02 -1.3820901088169637E+00 -1.6504282438284241E+00 -9.0733166323198744E-01
 -1.0397213955566102E-01 -2.9815952007997848E-01  7.8420644799288042E-01  9.6865691367775408E-01  1.9203510673338284E+00  2.7025690973123595E+00
  1.6204718796034803E-01 -1.6114795665596515E-01 -7.2515588925388474E-01  9.4585136024042382E-01  1.6420090836359869E+00 -3.2266694142178065E-01
  2.7922224878068302E-01 -2.4280305796000076E-01  9.7694056385461220E-02  1.7470813299613079E+00 -1.5957413728700631E-02  8.6153163464979154E-01
  3.1799767425019398E-01 -2.1423716034123022E+00  5.1475209719767982E-02  1.8680537687153789E+00 -4.6565211486465258E-01 -1.3871968302997479E+00
 -3.6629617207135257E-01  1.1645642728995112E-02 -3.2664282950577161E-01  9.0213066992569368E-01 -1.6159342897276904E-01 -3.2615346291791506E-03
  7.7362239983898684E-02 -5.6476738329264753E-01  1.0630667654817347E+00 -4.0669184257230810E-02  1.8270467559132089E-03 -2.0689350992725928E-02
  9.3991226896973368E-03 -6.0171199274993321E-02 -2.3274290407790360E-02  1.1189223080194279E-03 -5.5342310383826719E-02  4.2853874380513045E-02
  3.5678800855764171E-02 -1.8954423135322071E-02 -6.4891272692104462E-01  9.8463770079210255E-02 -1.6802706441813825E-01  1.9766045050611795E-02
  3.8206067996632637E-01 -1.0225928253794261E+00 -5.0269478677446211E-01 -4.0973755845506105E-01 -3.3680825331660730E-03 -6.8382623095050410E-01
  5.8725057135161196E-01  1.2810482589125000E-02  6.2756725947731528E-05  3.2313286100768245E-02 -1.4580581970363143E-01 -7.8208715209914334E-02
 -6.1487074788814627E-02 -5.7057602750413879E-03  8.6335599341864785E-02 -3.3778561898305365E-01  2.3025172418477272E-01 -1.1143298649543917E-01
  3.4071169348713856E-03 -5.7776490881527165E-01  2.3568719064768129E-01
ORDER     2 BLOCK     3
 -1.8498303864636125E+00 -4.5511143429850724E+00  4.0541698264040987E-01  1.9457931681547638E+00  9.8481936570630826E-02 -6.1591618207840171E-01
 -4.4315978431815859E+00 -5.8627461540531280E+00  7.2407321985288764E-02  5.9758451575157145E-01  5.6276125912222277E+00 -4.5352044946937253E-01
  2.6186152066257113E+00  5.1072300601984395E+00  4.2829417042095157E+00  1.7756767627743608E+00 -4.0910639820197181E+00  6.8042517303742367E-01
 -1.9468724698398485E+00  4.4437620000425770E+00 -1.4020104821296150E-01  6.4619124569628122E-02  4.6584890796409519E+00 -1.8054843644790839E+00
  2.6138680488761890E+00 -1.1945612053266142E+01  5.2844226801358225E+00  6.5501406312655792E+00 -4.9443646851447118E+00 -5.4278628520908159E+00
 -6.8177138657414538E-01  2.6389665307744620E-01  1.2027576757668195E+00 -5.2379435566076021E-02 -2.2130355436353586E+00  1.6642933357743228E+00
  1.8927390975488843E+00  4.2962766453903678E-01 -8.4254873314801815E-01  2.1116468543012648E-01  3.4788590069938854E+00 -2.9331977183743398E+00
 -2.2935344041983554E+00 -1.0271538396139590E+00  9.8047698226152702E-01 -5.9950298510594735E-01  6.9044958507739707E-01  1.0448168869315013E+00
  6.0473720689942279E-01  1.6661041150780498E+00 -1.3572041233829453E+00 -1.1497400202758562E-01 -1.6483688435691393E-01 -8.1574250380269742E-01
 -8.4164838963206989E-01 -2.5879051632314924E+00  1.7829650452963386E+00  8.7911519020393333E-02  1.8703256973794441E-01  1.3738832142228816E+00
  3.2305562876964528E-01 -1.5257282743383471E-01 -2.8541685613737733E-01  8.0846432715563146E-02 -2.1608007396247561E-02  9.6056126485465521E-01
  5.2242188772953103E-03  1.6477375283467791E-01 -1.8548922607366294E-01 -1.2841002241147412E+00  1.4345769734156677E-01 -2.8865659479663586E-01
  1.0185841735786172E+00  1.4887251405928514E-01  2.3206014311416384E-01  1.1410692628435719E+00 -1.4031841240564955E-02 -1.9725098387968634E+00
  1.5311813006510600E+00 -1.2455227161064369E-01  9.9774001540082619E-02  2.6348228609463403E-01  3.4856410370661568E-02 -4.3495292892419174E-01
 -3.8370652717167678E-02  1.9285994183316599E-02  4.4810019631681533E-02  1.6033597356765241E+00  4.0908395098692711E+00  2.7184206463486182E+00
  1.5660182790657579E-01  3.5350073615156713E-01  2.6406113464347769E-01 -1.8922490408370063E+00 -3.9129029562949467E+00 -2.7007738137078383E+00
 -5.2319991069297045E-01 -1.6308430395827642E+00 -1.2474927616378269E+00  9.4979281653846925E-01 -1.3532398364430014E+00  3.0896861362562200E-02
 -7.1930448486661825E-03 -6.2188461926503884E-04  5.1540878520742106E-01 -5.7060014996739505E-01 -9.6468731613810954E-01  7.4694418862333106E-02
  1.6456076487248938E+00 -2.7814780973857439E-01  1.3268835346323224E-01 -6.0263418117043499E-01 -2.7162601868907312E-02  2.5915474042562230E+00
 -3.0408541540566119E+00 -7.5114580228760996E-01  1.2478418147635433E+00 -6.2776603426909283E-01 -1.5451969094482443E-01 -1.3282523741900965E+00
  5.8530539394721810E+00  1.1572074073324992E+00 -2.1527867616466714E+00  6.6048993461258676E-01  1.3129923110637287E-01  2.1464052065269170E+00
  6.5698580294593689E-02 -4.2522035255996793E-01 -1.6646825283990135E-01  1.5370970352873342E-01 -1.9776136598353933E-01 -1.6554439251191616E-01
  2.1918689885617512E-01  7.3472622455018877E-01 -7.8151461857404492E-01  2.3554106513160361E-01 -1.7355108905900891E-03  9.4034161637803437E-01
 -3.9716005184670627E-01  3.1875897796936501E+00  1.9932867982895380E-02 -2.8566498063322746E-02  7.9849286190716393E-02 -1.3025403705773426E+00
  5.7744368964793069E-01 -8.5355094590803340E+00 -1.4119152466109394E-02  1.0432846881308135E-01  1.7358543534075714E-03  1.0827669915513162E-01
 -1.0227880784493638E-01 -8.0899504144223228E-02  5.5270342134675250E-02 -1.4388961024821706E-02 -1.3267026223457876E-01  1.2039947873655506E-02
  3.7612209376459919E-02 -5.5032827394391734E-02 -1.8772360333766381E-02  1.7047894350725587E-01 -7.4716446160500516E-01 -1.1398317686886983E-01
  1.0956289738525895E+00  1.5486515448603308E-01  4.6458845114088501E-02  7.2196527860109577E-02  3.2279360611238622E-02 -1.0765390980229049E-01
 -1.3039083224784026E-01  1.2265069251916139E-02 -2.6912468137678824E-01 -1.1309014986935362E+00  5.4930742951144218E-01  1.9282572054416689E+00
 -2.4331625813055094E-01  2.2603811461910797E-01  2.8489226687821220E-02  3.7660901984892037E-01  3.0557950658755251E-01  3.9968972411433233E-02
 -1.9388152860643668E+00  4.3901795171174451E-01 -9.3468503975419404E-01  1.4512722155175211E+00  3.5994365092450492E-02  3.5432254052466292E+00
 -2.1623143404464700E+00 -5.4387777425932426E-01  1.3050719785639180E+00 -2.3665062756637427E+00 -1.2532165848390733E-01 -5.9089089598748084E+00
  1.8297962000367696E-01  1.4847326946443626E-02 -1.7406754102993971E-01 -1.0955602342965690E-01 -4.8766958582038868E-02 -6.2626031855974817E-02
 -2.3932155126933974E-01 -2.1525607851815018E+00  2.8829047811150954E-01 -3.4567342637085374E-01 -3.5754503562107121E-01  3.6555097702400385E-01
  2.8880744337824721E-01 -1.8844890722158961E-02  5.8558894984010190E-01  4.6955548253922253E-03 -3.7471193672535419E-01 -4.2891967255771013E-01
  5.1230774901567844E-01  1.6453250590581622E-01  5.4425867065217959E-02  1.1187139536907914E-02  2.4369087239277767E-01 -1.6001979932363455E+00
 -9.6997343738715436E-02 -1.1597312013479731E-02  3.3870056913502722E-01 -1.8024477902143343E-01  1.0151882209180459E-01 -3.7575654898404792E-01
  2.8832818149109601E-01 -1.6289467546649023E-02  5.0927498950376612E-02  2.5655316414964718E-01 -9.9749414653319393E-02  5.5313243163856596E-01
 -6.8846528528194706E-01  5.3441892722798697E-03 -7.1172015793084867E-02 -6.2296588255804475E-02 -4.0185859040680061E-02 -5.4469343800089581E-02
 -1.0178256843234889E-03 -1.3726476134274249E-02  1.4534924581878784E-02  1.6898105001393857E-02 -1.0979751505881329E-02  1.1959349070875942E-02
 -3.1060361678310690E-02  4.2527909493369981E-03  7.4308603069551657E-02 -1.9250555201593698E+00 -1.0314750659396740E-02 -6.2480524290006913E-03
  2.9797938134764605E-02 -3.6344098720857872E-02 -4.7814659859896892E-02 -5.4314726400528229E-03 -3.6546039199669345E-01  1.5574171495514835E+00
  5.0829550682846758E-01  3.8212013992496970E-02 -2.9059750491787051E-01 -3.6016896338277127E-01  5.2194125670659675E-01 -3.9622554179529663E+00
 -7.4997521739639805E-01 -3.8602129904677873E-02  3.0109380592812557E-01  4.6516070914940161E-01 -2.3976158198462263E-01  1.4626951306095981E-01
  2.5318598419879792E-02  1.3287713425770475E-01 -1.7506382524635958E-01  1.2716841985934763E-01 -3.8510023540812219E-02 -1.6596192370055035E-01
  6.7148620201129239E-01  3.7855712038484778E-02 -9.9624606475313085E-02  7.8827390022237598E-02  3.9603555404781061E-02 -3.4432258326077270E-02
  7.9230416831377479E-02  3.5992156681560319E-02  1.6822744465376258E-01 -1.4597466808979129E-01 -2.7849079427196204E-02  1.2509481418848058E-02
  1.6674269263988563E-03  2.8469244132568761E-01 -8.1704815981960249E-02 -4.0910088662060723E-01  1.4490768276545465E-02 -3.4852433238480533E-03
 -5.9180070249560547E-02 -4.2605769922649556E-02 -1.3400711401548429E-01  1.2548851761657945E-01 -2.4938223976044963E-02  9.2392434255441202E-03
  1.4879435889142851E-02  2.7275883459875042E-02
ORDER     2 BLOCK     4
 -1.1287504299369249E+00 -5.1976797916021367E-01 -4.4224016427685453E-01  7.8314364902862477E-01  7.2770004033024110E-02 -6.0906415960338300E-01
  1.7152298964830957E+00  7.2391441852252547E-02  1.1781558093569120E+00 -1.9015507832555971E+00  1.4177181618770325E+00 -7.2501109752867021E-01
 -4.2534664196903471E-01  7.0348432751746603E-01  4.8687927410692411E-01  2.3651626488896800E+00 -1.3475590207445769E+00  9.1974335571593302E-01
  2.7703723935750166E+00  7.0269766248195531E-01 -5.4280469407631993E-01 -2.2601676858887245E+00 -1.9674428819614882E+00 -3.0875918834587570E+00
 -1.0060332480352510E+00  7.1754539555862284E-01 -1.9151007639928288E+00 -1.3701105689544704E-02 -6.0652469125097763E-01 -2.0024556738566765E-01
  1.9828873742063171E+00 -1.0802554785051126E+00  2.8338777483256639E+00  1.2215133850365087E+00 -1.7918986940817263E+00  4.3970810057972698E-01
 -4.0176110352077499E-01 -1.0122821031042184E+00  2.5002136000465462E+00  3.0805358656801135E-01 -6.0300869480290931E-01  1.4590900629783565E+00
 -7.5120797051777632E-01  1.0114118406726600E+00  5.6253638909677128E-01 -2.4719818827471025E+00  6.6211204950804581E-01 -1.4610133787117088E+00
  2.7623818937860056E-01 -7.8498181466870753E-01  5.7279082750297328E-01  4.4103639166150860E-01  1.5133514196011425E-02  1.4107021652363803E+00
  4.0176127584985505E-01  1.4646530456339026E+00 -7.0721223205222639E-01 -4.5282331504681311E-01  7.6881236700141575E-01 -1.5488859651728843E+00
 -2.9903673431930755E-01  1.5206244311763942E-01  1.2694458932181956E+00  2.8730948160174374E-01  1.6975090506172916E+00  1.4559203976755591E-01
 -2.8589118132683200E-01  2.9784173861112889E-01  8.3575176534258079E-04 -1.2375392467274506E-01 -9.3210119904752017E-02 -7.9459691238990840E-02
  5.2920476036468234E-01 -4.5329666941581770E-01  2.9312899948726823E-02  1.7620888336790608E-01  6.3535139271023250E-02  2.6186304979500047E-01
 -5.0650780602738066E-01  4.4377616162151573E-01  5.9771464862997621E-02  1.2968580219973591E-01  3.3354632287007618E-01 -2.0272518029491132E-02
 -5.7815543025351446E-01 -6.3732752156048650E-02 -3.5569909799986638E-01 -2.2818737292741814E-01 -9.2835886341325780E-02 -7.9849380214105752E-03
  4.9380373189299544E-04 -6.1069344569270656E-01  1.9535115728192932E-02 -7.7432591384110216E-01  6.1339687303171941E-01  2.3083790380237384E-03
  1.3961490289166323E+00  3.7390978593607733E+00  4.4884420376311116E+00  9.2067110724953238E+00 -2.8764136926801980E+00  2.7543680932994369E-01
  9.8465725128345027E-01 -1.2955620840889551E+01  2.0190060543522210E+00 -2.9943266690596720E-01 -1.1969213844284232E+00  1.2140507356811860E+00
 -2.5773296543648714E+00 -9.3419245983291696E-02 -1.8304030861292778E-01 -7.3022277435105656E-02 -4.1050855700196376E+00 -1.4656384112443188E+00
 -1.4311271758311843E+00  3.7167242115486310E-01 -4.0544602536132984E-01  4.4492713729833810E-01  5.6919156050778730E+00  2.3346825445585004E+00
  1.6438044704734878E+00 -4.4248071278865070E-01  7.9147603164277291E-01  1.1505791321002281E+00  5.1433278378371905E-01  2.6758230272469224E-01
 -3.8867585415311207E-01  7.1714561822360856E-02  1.8602402421858788E-01 -4.7650123924339716E-01  1.5551588586904691E-01 -7.8689592376008444E-01
  1.1519529494952996E+00 -4.6692382297424750E-01  7.1194369460304485E-01  4.9430439456149516E-01 -1.5973229825166297E+00  2.5036240999827264E-02
 -6.2337073122696529E-01 -5.6155547932947381E-01  4.1744564746599500E-01 -4.2351421567496515E-02  9.1095440718218471E-02 -2.2279816022823731E+00
  1.5629751215015544E-01 -5.3083598878136928E-01 -6.5408239304274529E-01  8.4868178034563063E-02 -2.1898486830098318E-01 -1.1531836373052498E-01
 -5.5316063152454964E-01  1.2440411254961967E+00  9.9256898166299146E-01 -2.3700868899094110E-01 -1.6762070008342059E-01  1.4164488342358156E-01
  7.7025606442241945E-01 -4.5421884836860695E-02 -3.5337975755057188E-01 -2.9880871740957044E-03  2.8578171338020403E-01 -1.0008704210091474E-01
  1.1162738249407686E-01  2.1024213538734040E+00  1.7613229018426041E-01 -8.7350377481652575E-01  1.1697055216843243E-01 -8.8007768875586381E-02
  2.6326066875330911E-01 -5.1303496367462571E-02  6.0966725864710181E-01 -6.2985712457030354E-03  3.4974344336213790E-02  1.5652828759255272E-01
 -3.7132792244766527E-01  7.6779313437076988E-02 -1.9438257660841038E+00  9.8250135216281843E-04 -4.4813816474396966E-02  2.9022397554692783E-02
 -5.7799354581574688E-02 -5.9651260917902417E-04  1.8657796412081009E-02 -2.3835712507887241E-02 -5.0705845163834329E-03 -7.5039032628708549E-02
 -8.5152221026979891E-02 -2.7126273728332990E-02  1.3715120582494444E-02 -2.8407001248481330E-03  8.2911438164082113E-02 -1.5463996699059318E-01
  8.4691159939411098E-01  1.3424748485710494E-01 -2.4288511308499000E-01  2.2182999175460097E-01 -1.1275618368777129E+00 -1.6239714196215527E-01
  7.3295806422599308E-01  1.3683528870814696E-01  1.0285340717573356E-01  3.4963348152556098E-02 -9.2009909050388847E-02 -1.1588147618828218E-01
  2.0556485150775103E-01 -2.5519362012525398E-02  1.0387469053962884E-02  8.1016615188595809E-01  3.9665890112762797E-01  1.0740618868460133E-01
 -5.1572153361050421E-01 -1.0060385188982359E+00  1.5176771950366597E-01 -2.9169936916985867E-01  2.5594912780750556E-01  2.2504967731212180E-01
  2.3334997286376504E+00 -1.1282909795859443E-01 -6.9137396631833381E-01 -4.5439473726906410E-01 -1.3156223559883195E-02  2.3980730208535728E-01
  1.2063809471958456E-01  6.3252130452920302E-02  7.1317684214713600E-02 -1.9377245563576293E+00  4.3128120965199213E-01 -4.2869327484703373E-01
  1.1438207755752969E+00 -1.8486095967913539E-02 -2.8279535781403398E-01  2.6807261940579239E+00 -5.8841662097267522E-01  7.1509177593051054E-01
 -2.0941510465399933E+00  1.1631109704927107E-02  5.1863036189859613E-01 -1.2998338154567497E+00 -3.3042095937411212E-02 -1.0134926059993631E-01
  1.3485444549819028E-01  1.4370315188774982E-02 -1.4394312825330510E-01  3.6577433897876571E-01 -6.4529158412927246E-01  1.5462748655708058E-01
  7.8349245821322522E-02 -4.4310967081346608E-01 -2.5236045429334947E-01  3.8227092849733605E-03  2.8518411859124709E-01 -2.3584055110434966E-02
  4.8975976661197906E-01 -1.0342839684554710E+00  1.9622007813235920E-02 -2.7764144174108796E+00 -8.2016594502122975E-01  1.4490032504536456E+00
  1.0243661172485218E-01 -1.3373199862812264E+00 -4.2346240673551694E-01 -2.7846858550659648E-01 -1.6081714576783299E-01 -5.3449575177516895E-01
 -1.3800597796637182E+00 -4.8597496942236779E-02 -4.6513424948878300E-02 -4.3070669153541720E-02 -1.9709586141848243E-01 -8.3172277859559315E-02
 -2.3433695014814365E-01  3.1125886470781317E-01 -1.0374385341783292E-01 -1.1313201142971260E-01 -3.7341898120564659E-01 -8.2859991533451985E-02
  2.7350220189662530E-02 -4.6120807794556401E-01  1.8998518944103107E-01  1.5253988654660894E-01  2.1293009135002832E+00  7.9998222116757889E-02
 -2.7602955442716605E-02  1.2752451740133819E-02  1.1199004670450397E-02 -2.5225237203128685E-02  1.6008926097006649E-02 -3.6122574979339842E-03
 -5.9200966370263636E-03 -1.9623978189881101E-02 -1.4957861177314525E-02  2.8644068937975175E-02 -3.7306929061217263E-02  2.9876945015844356E-02
  7.6609368206502293E-03 -1.5381206224251824E+00 -8.6939704485049264E-03  1.7798046811340066E-02  1.2311240092817409E-01  2.0097705178708428E-01
 -1.6575448941192411E-01  2.5077256120472943E-02 -6.6623725099351577E-02  3.4910288399005576E+00 -2.1293958108401143E-01  3.5617899065126085E-01
 -1.5691407026348628E-01  3.1385740429830694E-02 -6.7492868648727300E-03 -9.8080090544004808E+00  2.7488036032097118E-01 -5.2846287238058831E-01
  2.0612152882058427E-01 -3.5459112215264259E-02  9.5927951772273298E-02 -5.6743363444152664E-02 -1.5344108641185333E-01  7.3726647523834676E-02
 -1.9973942201209099E-02  8.5793062943856236E-03  3.3802292719989552E-02 -3.5680470206618975E-01 -6.2469721797637823E-02 -1.2485080890927730E-02
 -3.3529222971468209E-02  1.2810368501383926E+00  2.8052519848806089E-02 -3.6054573988940894E-02 -6.5420591013481841E-02  5.5358417329502585E-02
  1.0907678369382361E-01 -5.6371495074306860E-02  6.2508868702896306E-02  4.2847985366033948E-03  2.3962694350311071E-02 -1.9417410494408252E-01
 -6.5726451109488346E+00 -1.5951356161784891E-02 -3.9758515009160507E-02  3.8783345997976404E-01  1.8027442228209310E+01  4.8868954457079700E-02
  3.8624874341601771E-02  1.2924492739917423E-01 -6.4774058068917811E-02  8.1454460259388160E-03 -1.8419513504271595E-01  1.2087979068007582E-01
 -2.9272884746991528E+00  1.4894401303254099E-02 -1.8533546324473765E-02  2.1810785024353924E-02  1.3319124657998577E-03 -7.0126431962958369E-02
 -9.6332607804309828E-02 -9.6361847575452114E-03  3.2192416876500722E-03
ORDER     2 BLOCK     5
  2.2596955098518529E-01 -6.7842875089365214E-03  6.9292037947627583E-01 -2.0530554160525338E+00 -1.8066981138770262E+00 -1.2596936697464201E+00
 -1.2268662822938474E+00  1.0676938347141460E-01 -7.0396950844381423E-01 -4.9038883579334241E-01  1.7204396098712091E+00 -3.3927027595646647E-01
 -1.2339332266215261E-01  5.0246321218005000E-02  1.1003247503039877E-01 -1.6121992743032583E+00  3.6975107988008689E+00  1.7430721241324094E+00
  1.3134374773182871E+00 -9.1600056524203322E-01  1.0378377649515047E+00  1.9146621044733891E+00 -2.2209358828898895E+00  2.4579203736218429E+00
  2.8662237902163548E+00  1.0779314749980358E+00  2.4130082760672873E+00 -1.7391489212425618E-02  3.1984390790510758E-01  6.6620197180133367E-01
 -6.3431037273705826E+00 -1.4943463613152390E+00 -4.1838747229865350E+00  1.9263822722470545E+00 -1.8166892009365303E+00  3.9508921542028103E-01
 -1.5323341000531784E-01 -4.7148647228235490E+00  2.3520683558934223E+00 -4.9243560138993303E-01 -3.3499915572847723E+00 -1.0816306723592766E+00
  6.1769697285383847E-02  8.7168127554816366E-01  4.7744315244215647E+00  1.2854382104222504E+00 -8.6747840778924390E-02 -1.4530483571791522E+00
 -1.0881031238970662E+00  6.9513343519903226E-01 -1.3381844318505940E+00  8.1770262503498015E-01  1.7428959774480657E+00  2.8853495661323536E-01
  5.9720730546133929E-02 -1.6061696270377483E+00  2.3209492511556973E+00 -1.1954237093530149E+00 -2.4010745531892512E+00 -2.2371651575529120E-01
 -1.1547300134864098E-01  6.3693526665823674E-01 -9.7992785312765407E-01  2.7583065110699095E-01  1.2480537944799148E+00 -3.5619888009466583E-02
 -1.8828162018959316E-01 -5.0221089508867489E-01 -4.0526896543494485E-02  3.4162439905156390E-02  1.2677646625749750E-01  2.0583500615002681E-01
  1.8360498746640919E-01  6.6127743416172380E-01  2.7140578615985955E-02 -4.4074694096752215E-02 -9.2893956673321287E-02 -3.6540513563569899E-01
  4.0831838952069494E-01 -2.0218371458775206E-01  3.7884122784069878E-02  4.6711467814892993E-02 -2.8666225499509879E-01  1.2768997545575747E-01
  2.9932403125983181E-01 -1.1395456643406808E-01 -1.8926473658564191E-01  1.3904327319001250E-02 -2.5817018810195526E-02 -3.8930601276021743E-03
 -4.1531428455061784E-04 -1.0685428421620458E+00 -6.0319155987793999E-03 -2.5344909025012656E+00  1.8168997586595430E+00 -2.0432252739334425E-02
  1.6648412197862226E+00 -1.5951151174597387E+00 -1.2060008469621142E+00 -2.9718304149350754E+00  2.0867601022973941E+00  2.0455546759474008E-01
  9.0066476949187305E-02  3.5997919671990122E+00 -2.4993672112115517E+00 -3.3465320860172565E-01 -2.2616279248886914E-01 -3.8936544516664051E-01
 -2.9473323475701657E-01  2.3757351674880023E-01 -8.5003259952270860E-01 -6.6460018782352881E+00  3.2517418271440710E+00 -2.5223697233610261E+00
  9.3279430438639277E-01  3.9311201307130689E-01  9.3310826967285132E-01  8.1463349698980743E+00 -3.4124390084011842E+00  3.6321496185342945E+00
 -7.2660790100537120E-01 -3.9600918581967343E-01 -7.6768316916654278E-01  7.9341299467249171E-01 -1.5136006539912947E+00  1.0390001992289415E+00
 -1.1243295077240495E-01  1.9015430294603500E-01 -8.5920973407979245E-02 -7.0548277224052436E-01  2.8842500322215927E-03 -2.9005692212377371E-01
  3.8537185105211164E-01 -1.4817092882402443E+00 -6.0545928290563999E-01  5.4808987795516551E-01 -5.0698475522091391E-01  3.6423639764695186E+00
  4.8111216966274706E-01 -5.5281001875633695E-01 -4.2909255291873272E-01  5.3829449510217886E-01 -1.5723399741665825E-01  1.0698785179243315E+00
 -4.2711093425034603E-02  6.8450171161254669E-01 -1.5573633494302166E-01 -4.6441599179434662E-01  1.0957683109220984E-01 -3.4960853456988605E-01
 -6.8471425649423490E-02  1.2880040812853921E+00  3.5975843655093842E-01  6.8143762701187638E-01 -5.7036227086828029E-01  3.1158140818363905E-01
 -5.3379846714405010E-01  1.2941671896761295E-01 -2.1425168179449847E-01 -4.7795993458839690E-02  1.7482225599865975E-01 -5.3515867448609429E-02
 -2.8945851663750605E-01 -1.3864111421362555E+00 -2.5576707858139658E+00  2.8042474917218692E+00  6.1697511841756182E-02  2.3415902844234063E-01
 -6.3119125020685485E-01  7.6715083714553378E-02 -1.5636815761582518E-01 -3.8252962438763333E-02 -2.5455074041288328E-02 -2.9265054681874858E-01
  7.9063038803401087E-01 -5.8839313580146685E-02  2.4175356998599171E-01  3.6942773430116031E-02  2.4132020387742689E-02  9.5089305323398959E-02
 -7.1190502778719453E-02 -4.8479994521409359E-02  2.4538531331026762E-03  8.5160913205200254E-03 -1.2634537747683323E-02  2.8751716565219070E-02
 -2.4115204577604285E-02  3.9863641169686354E-02  4.2739569181742175E-02  8.0387860251497162E-02 -2.5392287040093298E-01  3.9668044920536653E-02
 -5.5263399624504765E-02 -6.3220864907187072E-03 -6.8581844686384152E-01 -2.7987244595881349E-02  1.2623918625476249E-02  7.4871327633175451E-03
  2.3583422742730962E+00 -2.4850742782736728E-02  4.9322184367824796E-02  3.1956689589160833E-03 -9.1673793086452810E-03  2.0541024173369848E-02
 -6.0077125399255943E-02  1.6826646179168119E-02  1.4318427543657319E-02 -1.0216448501392121E+00 -3.5570432673276592E-01  2.9627155193346461E-01
  9.7677528808978542E-01  1.4101450566623395E+00 -9.3643309999917079E-01 -4.5743278026499079E-01 -1.9918065702076186E+00 -2.4408300916711808E-02
 -5.5332636586228734E-01 -2.4338688128781947E-04 -4.0464468065313092E-01 -1.0914895965013684E-01  6.1176407294419470E-02 -2.4617344076439221E-01
  1.1734504463841910E-01  2.5082282183930549E-02 -3.2233826644866181E-01 -3.4393542987097558E-01 -1.0685635223521389E-01 -2.2439195454639388E-01
  4.7864056442930197E-01  8.1843670442830391E-02 -4.2034535524416122E-01  4.6195819422324330E-01  1.4409660184066106E-01  3.6484484405979767E-01
 -1.2860064328058325E+00 -9.7925491395752878E-02 -3.0830502353534051E-01 -2.7115539661963184E-01  4.7517449565799341E-02  9.8475782069206265E-04
 -1.3790627757299877E-02 -1.2340825948087093E-02  2.3645612428783830E-01 -1.6610715638713414E-01 -2.1996696235762875E-01 -2.3293646930934268E-02
  1.2089174293246734E-01 -9.4415385570664465E-02 -4.6892769970564768E-02 -2.8993220593617032E-03 -8.1643681872686485E-03 -2.8390894662332377E-03
  1.5432825139902111E+00  1.0485558325261823E+00 -2.1058188426524754E-01 -7.8693831890771371E-01 -2.1950902983823344E+00 -1.3273476329080247E+00
  1.6206781777972040E-01 -9.7392153508048496E-01  1.4777581574913956E-01 -6.3345246450549864E-01  5.6200863946425518E-02 -1.5357457827009333E-01
  7.9568695352449326E-01  3.7959251824789320E-01  2.3251646570168782E-01 -2.4285210217514536E-02  5.4663991193723815E-01  3.6903941835551554E-02
  6.4370136841952530E-02  1.5384678696910770E-01 -2.3249012178545914E-01  1.2979325443871162E-01  1.7535508248334606E+00 -1.7563718459302186E-02
 -2.0141856468440161E-02 -2.0871544332248618E-01  2.8825558427730319E-01 -1.9361500764338743E-01 -7.2829478196208575E+00  1.3490492412484812E-02
  2.1051173307115933E-02 -2.7873712001512209E-02  5.8599156740285360E-02 -2.1891655708918437E-02  9.1977089658652027E-03 -1.3040151827864440E-02
 -1.6826556803056904E-03  5.4988280111161629E-02 -5.6398394888136215E-02 -1.1473755170182714E-02  5.9669653535432774E-03  4.5938757796405667E-02
 -1.3449885187034441E-01 -3.9566456514208642E-01 -5.7073231127211816E-03 -1.8996320431762346E-03  1.0235162511895728E-03 -8.9741515174161651E-03
  3.9118980004873467E-03 -1.7320971230144506E-03 -3.3990710584858030E-01  8.6085360073657284E+00 -1.1390923648474933E-01  2.0624757516576875E-01
  4.5081412767280664E-02  1.3124689801947495E-01  4.7107336969920199E-01 -2.3493039573769945E+01  1.2873072107796540E-01 -2.8456439826765845E-01
 -5.6106735030481435E-02 -1.5358022945515648E-01 -1.8591210969906521E-01 -3.0684211429395553E-01  4.4876093580732263E-01  4.0937422145885138E-02
 -5.8092017133704196E-02 -1.8714056494465951E-02 -1.3144480577566330E-02 -5.6313795553233970E-01  1.6676625359169561E-01 -3.9704199648086032E-02
 -1.0137434216152329E-01  6.1779233554509583E+00  1.9985235611904545E-02  7.3117076711733744E-03  1.0095565140732742E-02  6.0991859361126067E-03
  3.6453517799879365E-03  6.8677429046461918E-03  5.0144663229333801E-02 -3.8234061325948870E-03 -5.5282819200059563E-03 -5.8819508276355237E-01
  2.6560202223967893E+00  1.6514693247587275E-01  2.0394345604702832E-01  8.3430644563667922E-01 -7.0390490895090725E+00 -1.9531657641737338E-01
 -3.6190103580833771E-01 -6.7970719482649003E-02  4.8328555498154974E-01 -2.8328206643804928E-02 -4.4148460221808655E-01 -1.6773682217038846E-01
  1.8449976404916191E+00 -7.3425483084490942E-02 -9.4723614212589916E-03  1.7709727674947685E-03  1.3528807995951502E-02  1.1312698051095098E-02
 -9.0888880770700939E-02  1.9078255911799912E-02  6.9937963666804100E-03
ORDER     2 BLOCK     6
 -1.1661830037083616E+00  6.9427385647051032E-01  1.8819482439106452E+00 -4.6711062519782809E-01  3.8525755076274881E-01  1.0002729338660962E-02
 -4.7389751705617522E-01 -5.3112732791407088E-03  1.3663692406753174E-02 -1.6182556435522175E-03 -2.2663385308099495E-02 -1.3295064553684854E-03
  4.6871618000611792E-03  2.3658794774888171E-03 -9.5813222364345947E+00 -6.2679082427046584E-01  1.2434591890276179E+01  1.3303995910298387E+00
  5.8285689585070632E-01 -7.4451181543010181E-01 -3.4591123449121125E-01  8.6755482633289898E+00  5.0198030465168113E+00 -4.1209014366865526E+00
  1.2842334358805267E+00  1.0454442572132050E-01 -1.1414127619679348E-01 -1.2018068697029303E+01 -7.4642771260769232E+00  7.1713089468430908E+00
 -2.8990961521274179E+00 -8.0662919316731063E-01  5.8274909855973167E-02 -6.2864866033474009E-01  3.3389327793169765E-01 -1.3885086728735190E+00
  3.4545654184949864E-01 -8.6487686007198983E-01  5.6520081696997182E-02  1.0023769058895926E+00  2.0182296769772479E+00 -9.6176900483142848E-03
 -1.4961984485231474E+00 -1.9490353322757970E-01 -1.3741391004705452E+00 -5.9918401071161642E-01 -7.2959097293026365E-01 -1.0524749197266000E-02
 -3.5460155055684268E+00  1.8998498817953717E+00  5.3550681324736249E-01  9.0273802103824421E-03  5.4992158131721884E-04 -2.1181232308930334E-02
 -4.5952938602895781E-02 -1.3503398698079755E-01 -1.8116873154081034E-01 -7.2256002302072839E-02  3.4616612867740387E-01  3.8689573129226987E-03
  1.9895864995176299E-01  3.2117166039857742E-01  1.6012918833506587E-01 -1.5103212655876808E-01 -2.5839740076145003E-02 -3.7584803702092953E-05
 -1.4257118901771670E-01  1.9087817565670566E-02 -1.0684416215451625E-01 -3.1417521266438131E-01  3.3338304570749511E-04  2.4594471046666677E-03
  3.8955533084534749E-01  7.5891792594732088E-01 -1.4851717200047757E-01
ORDER     2 BLOCK     7
 -3.0833854894291792E+00  5.9867984704758967E+00  3.4457354534270512E-02  1.2945018595777371E+00  4.2316914705346473E+00 -8.4859024616056811E+00
 -3.2067058460720316E-01 -1.8745101110131106E+00  3.2108117018945381E-01 -3.8162787228576672E-01 -4.7282546944054010E-01  5.8214806922282803E-03
  1.0383353796487950E-02 -1.2248164885966700E-02  1.1191367192035756E-02  7.9426834332725817E-03 -1.2582072301596589E-02  2.4440659722929105E-02
 -2.1962716720156691E-02 -2.4292164458610880E-02  2.6852531136302288E-02  5.2343697175693321E-03 -5.0745989723715046E-01  2.5430584189095993E+00
  7.9268573855587043E-01 -2.3608691818932481E+00  2.5664508272895392E-01 -3.6244570799918585E+00 -1.6867216138274079E+00  3.5099639105994211E+00
 -5.4861876668682275E-01  2.7854787704767885E+00 -2.6464690809237512E-01 -1.1863388320219166E+00 -4.1421136090937942E+00  5.5004036384227506E+00
 -1.1921629412276034E+00  1.6403770922483341E-01  7.2637772734491912E-01  1.7822571591632892E+00  5.9059281406155097E+00 -6.8533354834642655E+00
  2.3736469122372847E+00  5.8211882371671783E-02 -1.9138651119072152E+00  8.9427407399930114E-01 -1.9886421810185990E+00 -1.1150271505077045E+00
 -3.9616716268860486E-02  4.4574902364632041E-01 -1.4088722802896500E-01 -2.1820992922985050E+00  2.4453404875416408E-02 -7.7609475627038210E-02
  3.9115000303567238E-01  1.0972397503426534E+00  9.3087110451285631E-03  2.8362669564048459E-01  8.7298037700689257E-01 -4.6970957923316881E-01
  1.2830335495878835E+00  1.1997826494078859E-02  7.9310820289794259E-01  1.2568084218150219E+00 -7.2413390005785705E-01  8.2527617645705396E-03
 -3.9029474878920223E-01 -8.1073492086822463E-02  6.1121965162122471E-01 -4.6047784550842838E-02  2.2968184874416585E-05 -2.3785260807529011E-02
  8.6424861222169524E-02  8.6981649718001403E-02  5.9998469138410483E-02  1.1947547941462068E-03 -7.5825791410546253E-02  1.3314645676735093E-01
  4.8299171577412821E-02  8.5655414625127914E-03 -1.1847641658536634E-01  1.3734492590092512E-01  2.3057578326117498E-01 -1.4432322087445633E-03
  1.2131763150723926E-01  3.1221951867221748E-01  4.6348098904060372E-02  4.2341621520785055E-01  8.0173943191798498E-03  8.0276103054607773E-01
 -3.3944935547932620E-01  3.1832498902397789E-02  3.6729897944573096E-04  4.4493890768472211E-02  1.2101220040426696E-02  4.0555767517309969E-03
 -1.9284239634822664E-01  1.4320670004002215E-03 -9.6361911443538437E-02  1.3915182854663269E-02 -1.4605567449680792E-02  2.2411541739339497E-01
 -2.6618252127751647E-03  1.9282413538958904E-01 -6.4151739833515714E-02
ORDER     2 BLOCK     8
 -2.7776529949991717E+00 -3.3448934195759639E-01 -5.4119414843516891E+00 -1.4293989795893223E+00  2.7033325894172194E-01  3.9263695298903127E+00
  3.8418277936715448E+00  1.4648023360341340E+00 -7.1280540226659445E-02  2.7270579748996382E+00 -6.9452818726499999E-01  4.1143605286464879E-02
  1.3105823475621761E-01  1.1221174408417554E+00  3.3769224810022147E-01  7.0704496169143640E+00 -1.4426497108591414E+00 -5.6412919147528608E+00
 -7.0220171715431627E+00  6.0141029178914502E+00  1.6312591826310854E-01 -5.0755032520091357E+00  8.9468653537297860E-01 -7.5925449806480900E+00
  1.4632520556496673E+00 -3.2944878062982976E+00 -9.1007337671150630E+00  2.4338122614570729E-01  1.8529513361805530E-01  3.7089068784285101E-01
  3.7057378529120688E-01  4.7134517942516085E+00  1.1646737045790593E+01 -4.3900969981976399E+00  9.1395152963975668E-01 -1.8496953571488853E-01
  3.2619737388681083E-02  1.0763247199741487E+01 -1.2024176705701228E+00 -1.6528426966388907E-01  5.9837980346099506E+00 -1.1291965720545210E+00
  5.9077970183823458E-01 -4.3753167140577914E-01 -8.3317603253932031E+00  1.9755004191044789E+00 -4.7223286111243534E-01  9.5173580592642915E-01
  6.5070928927768601E-01  1.1453615598246956E+00 -2.6476849720106985E+00 -1.1685886868576185E+00 -1.1472894616006348E+00 -7.1332319514257370E-01
  1.6967096322528244E-01 -8.2299245369294249E-01  3.2590253900988744E+00  1.4528861702687141E+00  3.5526761972376208E+00  7.5371467710339446E-01
 -1.6295692945398635E-01 -1.5386589541883608E-01  3.6734023159628676E-01 -4.0207185504354764E-01 -2.2791404770991268E+00 -2.1186679013775338E+00
  1.9276185031407178E+00  6.9531035721554413E-01 -1.5467744295074889E-01  1.0630255505025386E-01 -5.5652067304770535E-02  2.6204076231309803E+00
 -2.4428844430735737E+00 -9.6088065371973019E-01 -8.0706263710239534E-02 -9.8282410459664460E-02  2.2439301734966260E-02  5.7782768548523987E-03
  2.3438353251068189E-01  1.5840996893145046E-01 -1.9765677033435430E-01  8.6553235399848702E-02 -1.2952955054284900E+00 -2.5143575208322483E-01
  2.0710842867717565E+00  1.5455219253901067E-01 -3.5784160231566664E-02  1.0695747552848761E-01  5.5773650878302841E-02 -3.1872109635078492E-02
 -3.1634019181708274E-05 -3.4589828381802179E-01 -1.6710854842748046E-02 -1.4127700817233229E+00 -4.5507059876361957E+00  8.7963047093333451E-03
 -4.6637838041990032E-01 -1.2756952975767833E+01 -5.8266261182020092E+00 -1.3701113227736790E-02 -4.5389243868166034E+00  2.6138771092934621E-01
 -9.4606355979638046E-01  5.2827453814338998E-01  6.5456690681193903E+00 -2.0258124482053136E-01  9.8897373697665092E-01 -8.4778671812859208E-01
  1.5127988436865440E+00 -2.0209055202803805E-01  2.5066991257797605E-01  1.4497305434573089E+01 -7.1309581685177514E+00 -3.6068091432586922E+00
  5.8827341525947874E-01 -7.9283587018534130E-01  6.8197422479166339E-02 -1.9236489688441466E+01  8.9163934197223131E+00  5.2491876957463317E+00
 -1.0877583371254738E+00  4.1317546398273386E-01  9.1012104088931178E-02 -5.2848787092479843E-01  4.4158236594223560E-01 -1.1323006532693356E+00
 -2.0832562729737267E-01 -4.8233663986705894E-02 -8.0106264452431343E-04 -6.1183204695207973E-02 -1.8553246920771241E-01  7.0529519150964504E-01
 -1.8631808923943134E+00 -2.6764157581445183E+00  1.1334423803436420E+00 -2.5610357774537562E-01  2.2554925167923470E+00  6.5148470834857122E+00
 -2.4971651695794419E+00  2.8976337943448288E-01 -1.4112074699748745E-01 -5.4891218981113477E-01  8.7690665170407786E-02 -7.4618253160418235E-01
 -6.5171470492521277E-01 -2.8589502919757415E+00  5.7106919126895839E-01 -5.5825391649999523E-01 -1.2502122861319478E+00  7.1704486013049429E-01
 -1.7549769238291359E+00  7.2953441169613740E+00 -9.4170838328065254E-01  4.5557736790879855E-01  2.9446483383191091E+00 -6.9337443813014188E-01
  2.1956210399529392E+00  4.7213600177986687E-01  6.5952261455573435E-01 -6.8676554337144313E-01 -7.9962322537313901E-01  5.7008009904591983E-01
  3.8168549745815558E-02  1.6678462603011577E+00  4.1957489332874820E+00 -2.8877356586335061E+00 -3.7953632987752245E-01 -1.0639863643955561E+00
  8.9653931937305098E-01 -8.8211010355487907E-01 -6.9925813884148622E-03  5.8505693760015326E-02 -4.0616212792337229E-02  1.5524949064742790E+00
 -1.1655662341902417E+00  1.2360175568732921E+00  4.0022498233843468E-01 -1.0959516688683424E-01  3.7748243272721166E-02  2.4668484994120315E-02
  1.0234406026193391E-01 -5.8356797491845858E-02 -3.9379666478254263E-02  6.9538255880564892E-02  2.2592973969984418E-02 -1.9156014905090182E-02
  1.7759552851771838E-02 -1.4046130055491679E-01 -1.5601481409608722E-01 -2.0253973394028554E-01  2.5742358012307476E-01  8.6715665389189081E-02
  1.3315975123583962E-02  5.5478494646596724E-03  1.8695125446698326E+00 -3.6886347398419855E-01 -1.5736919461128165E-02 -6.3568029581547947E-02
 -4.8470464864659339E+00  1.9073899524033978E-02 -1.3991002246788611E-01  4.3728443398082836E-02  5.2437788571122320E-03 -5.4830078400909296E-02
  3.8968132905110309E-02 -1.2455880366563517E-01 -2.5515530302529434E-02  1.2769704643170856E+00  8.4889372070232438E-01 -5.9901242254849989E-02
  8.3177662568492926E-03 -1.7415859474401951E+00 -4.4334154235286205E-01  2.8206911441175892E-02 -1.9149388111240553E-01  4.6362353501501211E-02
 -1.4774600699099794E-01 -3.4586156894209755E-02  5.3440545364944159E-01 -5.4916286555604499E-01 -4.2803218421170552E-01  2.7665088794631959E-01
  2.0463328250897438E-02  2.5277371831629061E-02 -2.7941034189004538E-01  1.4820940300583783E+00 -9.8687943128360167E-01  1.9625408931621774E-01
 -6.6798912773355423E-01 -1.1726655236363560E-01 -8.4282239799385705E-01 -2.0812042309159700E+00  1.3407671657003402E+00 -1.2782764347724229E-01
  1.3897010619556778E+00  1.2472632925889079E-01  3.2360163608321717E-02 -7.2130218324390899E-02  6.2367570826925164E-02 -1.2517000495591238E-01
  1.1766859649941853E-01 -1.4660207666813194E-05 -7.8210341794055838E-02  1.0179014754870532E+00 -7.1133853274397363E-01 -2.7203640787691097E-01
 -2.8882282353139027E-01  4.0982486613032559E-01  1.6992043029460679E-01 -8.2328897031163570E-02  1.9467616746879768E-01 -1.2702905496109779E-03
 -1.9295099044666937E+00 -2.5239283990869808E-03  5.4003025020707827E-02 -5.2785243627581180E-01  2.3229055521376765E+00  3.9455339267494543E-03
 -5.2660665213736135E-02  2.1073612180687560E+00  3.8910286612138828E-01  4.2473516240649184E-02  2.1415532652004890E-01 -1.2897822968544723E-01
 -8.0936018677498389E-01 -3.0370517696887545E-01 -6.3531404749285902E-01  8.7555057740963463E-02 -3.7176161809241065E-01  1.5544786967063756E-01
 -3.9379876290770433E-01 -2.6793813739615990E-01  4.7457466877010213E-01  9.2431855058828852E-02 -1.8050024170111145E+00  1.3794449393911315E-01
 -2.1243899557755498E-02  3.1064240603871462E-01 -5.8984086449435491E-01 -1.5660396415065592E-01  6.7706623051329036E+00 -1.1692697928477762E-01
  2.2526207449490247E-02  1.6954879999337726E-02  8.6252854331694953E-02  4.7291233006190099E-02 -4.0134233972200645E-02  9.1867548822909921E-03
 -9.7701054842823411E-03 -3.5133854996620556E-01  2.4983353056855118E-01  1.7853813126978341E-01 -1.0469147765922959E-02 -1.1509030655742179E-01
  1.5508537623753835E-01  9.0130453850992198E-01 -1.0813004258241304E-03 -1.2904271774857957E-02 -6.2957741548222437E-02 -4.4468458965126863E-02
  3.7699403021239274E-02 -1.8345218799937231E-02  3.2670807950352387E-01  1.9776867889309955E+00  2.9091064847537151E-02  5.3969183875029614E-01
  2.4740562519129150E-01 -1.5012095954533516E-01 -4.0603226823286892E-01 -5.7314366746564760E+00 -3.8829523898877526E-02 -9.2841566797117392E-01
 -2.8535034186978364E-01  1.6309622731882115E-01  1.0535241792827041E+00 -7.1747963588557381E-02 -7.9999586131057163E-02  5.6637351141331505E-02
  2.4300213594383367E-02 -2.4379706383320359E-02 -2.8604892425574308E-01 -2.3370511912416552E-02  8.4440321221074185E-02 -2.9366655376880126E-02
  1.2546076390157795E-01  5.0776282193520093E+00  4.6400566164924134E-02 -4.3912050360372525E-02  7.3578369600111812E-02 -5.8271180099671083E-02
  6.8103186081185573E-03 -8.8141348131014156E-03 -2.9610784143623819E-01 -1.6830760023428290E-03 -1.9438356008489942E-02  2.1438293810141115E-01
  4.9152426421681037E+00 -3.5499027141694944E-01  1.0154680822042136E-01 -4.7488807205097650E-01 -1.3239467190065843E+01  5.0127889401030756E-01
 -8.2401446602610687E-02 -3.1963349955150866E-01  3.8101992794165394E-02 -7.5263945892316816E-02 -5.6676455284226691E-03 -2.3314127599925635E-01
  4.0084624398783015E+00  4.4061717256238801E-02 -1.1522063956783907E-01 -1.5249456362640893E-02 -8.3428735508300808E-02  9.6015758631685474E-02
  7.1664832682860113E-02 -9.6594850314279165E-03 -4.0386596358252820E-02
ORDER     2 BLOCK     9
 -5.1860547030544590E-01  6.2388473960935285E+00  6.3632191608959920E-01  2.1144449320390066E+00  2.2963283072133720E+00  4.8060971636265443E-01
  2.1107858762877165E+00 -2.2638656266947321E+00  7.5738392466037241E-01 -2.0353407387017626E+00 -7.4856418413922512E+00 -2.4415068600602963E+00
  3.0066299834644785E+00 -4.0682809812739187E+00 -4.9697697494101263E+00 -5.0824927425155764E+00  5.9608309427208255E+00  9.2434060556438991E-02
 -1.2821380525751469E+00 -2.3524250460941417E-02  8.5381761985392629E-02 -3.1488278327245885E-02  2.8829775492751328E+00  4.6961807462542920E-01
  1.8770042539324083E+00 -8.2564174524714029E-01 -5.0557172990449954E+00  4.7790653716626696E+00  9.7005715272378730E+00 -4.5044340510220824E+00
 -1.7742809969107673E+00  3.6555281464357253E-01  2.2833332083719369E+00 -5.7598367274637918E-01  3.0479264884881232E+00  1.6722434740799432E+00
 -3.2427234832065044E+00  4.9460319696371623E-02  2.7098482557237408E-01 -7.4004140428290355E-01 -4.1671001741646823E+00 -2.3414615780699788E+00
  4.7137488610866791E+00  5.3655022572744882E-01 -5.4209051311059631E-01  3.8921890027294909E-01  1.1385841090632490E-01 -2.0571318193245447E-01
  7.9596894754915337E-01  3.1888662250663752E-01 -2.1113852813053007E+00  1.7316371324731425E-01 -1.5744028597485973E-01 -3.2247533730475020E-01
 -8.6398827730034844E-01 -3.3721343568494144E-01  3.5728644629452400E+00 -2.0698915140089555E-01  1.8187283441744964E-01  8.2855961171468007E-01
 -2.9540334784088483E-02 -2.9036768962132281E-01 -6.5583677986352479E-02  3.3178779894920352E-02  5.6793700517730539E-01 -3.5661408498997216E+00
  1.8758099238884043E-01  1.1583186537922402E-01 -9.1316426853312294E-01  4.8217044054580267E+00 -2.1000399624831295E-01 -2.1374622084518372E-01
 -2.8895128381196261E-01 -2.2659102564730310E-01  1.0277302042847326E-01  6.8666648010649112E-01  5.0127205800141626E-03 -6.3382065535485599E-01
  9.6343201127655920E-01  3.1814130925671034E+00  7.4511314150561303E-01 -4.0175356904663193E+00 -1.0834175735115150E+00  1.3680196810261416E-02
  5.9950108582242999E-02 -3.5412383766909811E-01 -2.2472282411909714E+00 -2.3945525176070870E+00  1.3377294511268840E+00 -1.2783807988183687E-01
 -1.0314291051339028E+00 -5.2711694274703957E-01  3.0808791585565967E+00  3.2771096951575869E+00 -1.2750103185648543E+00 -3.3270492189515055E-01
  9.1982338963999610E-01 -5.5343368637912338E-01 -4.1633700908024845E-01  1.8190344539701531E-01 -1.4850958685895330E+00  3.3850005584992149E-01
  3.4462594655786727E-01 -3.4370414008802162E-02  3.8432518543567162E-01 -1.0018398269759392E+00  4.5264309792197208E+00 -1.4011638823408961E+00
 -6.1068866831025064E+00  1.2828713967791447E+00 -1.0145054536491407E+00 -1.2224128586960295E-01 -1.3059431360910321E+00  3.4330205935895704E-02
 -1.5989979064985664E+00 -2.1314856856079585E+00  2.3724413057308027E+00 -1.3209172167209822E+00 -3.8702782123629986E-01  4.0686251805916207E-01
  2.1549300162158977E+00  3.0464580986082614E+00 -2.6219203117704031E+00  1.3967920354092971E+00  1.7445168520940174E-01 -1.1539476911255393E+00
 -5.1252597284666490E-01  4.9226944366192732E-01 -4.0112798175609571E-01  4.7744843042790408E-01 -8.5673381801221596E-02 -6.7663745561918273E-02
  1.4806396625777900E+00 -6.5875885805989265E-01  8.7512711718072067E-02  9.3133780552954348E-01  7.9714279782751152E-01  7.4242023135002000E-01
 -2.6087190559588136E-01  3.2804013365154383E-01  4.4214046677588104E-02 -2.4151726958667824E-01 -1.0483060116634173E+00 -9.8240978095972720E-01
  2.7630949653208181E-01 -1.3387887630132935E+00 -3.6758780381991596E-02  3.2684411171380034E-01  7.6375350290011482E-02 -2.7457461234107059E-02
 -1.4675905115249414E-02 -1.8254472661656553E-02 -2.4214404417451922E-02 -4.6957529838960899E-02  1.7189453210193245E-02 -2.1274334005461807E-02
  1.1484902620745489E-01 -1.2931898073732295E-01  2.0483517394677664E-01  2.5617928516794930E-01 -2.8281907848758669E-01 -5.1404763273897244E-02
  2.0992799134920034E-01  3.3863035697930893E-02 -6.5529501896743239E-02 -3.4991060470176187E-02 -3.7986141673691590E-02  1.5388508939107626E-01
 -2.2982224413192381E-01  3.0460652965350978E-03 -3.3871938684022562E-01  1.3450564013263749E-01  4.4448168382034514E-01 -2.4426335837163757E-01
  1.4171179805686751E+00 -9.7460794153413272E-02 -2.6755392060296049E-02  2.9412278310720791E-01 -1.4516463727573131E-01  1.3061225054155389E-02
  1.9771938035580310E+00 -8.0319772084569740E-01  1.1021793351416052E+00 -6.5988298054879588E-02  5.8115553631985062E-01  2.7453946887176723E+00
  1.5482255975740267E-01  1.1309855327671319E+00 -1.5145688601160130E+00  1.4526552040375934E-01 -1.3906258327250751E+00 -4.4688534211832565E+00
  2.6093239166708654E-01 -6.4328678997605371E-01  6.3054020281520601E-02  1.2831077438435512E-01 -3.7195559801369918E-02  6.4775222942316177E-02
  5.6597948182731328E-01 -1.2094050967838901E+00 -9.8527551978942043E-02  2.3082056459810196E-01 -1.9100869851480615E-01 -1.9288556452797198E-01
 -1.9570215364288920E-01 -9.5306788055571304E-03  4.2426240323591741E-01  5.2613784720733957E-03 -3.1367732971050682E-01 -2.0335843227362060E-01
 -2.4733633369546162E-02  2.9751670625670229E-01  1.6169182937558599E-01 -5.5477906688798144E-02 -1.1477305150841960E-01  2.2641771588190651E-01
 -4.3722309733155112E-01  1.4677159327419718E-02  2.3802742883643049E-01  7.8651212978464558E-01 -9.2235862611354358E-02  2.8722514580592079E-01
 -8.9853907045151032E-02  2.7197380425449308E-02 -6.6513736748807520E-02 -1.1194454886971354E+00  8.6681879702328768E-02 -2.9436932716821040E-01
 -1.2086653019704456E+00 -2.9593906081222199E-02  6.1054487030476931E-02 -1.4694300088253792E-02  9.6558368622996299E-02 -4.7212899338866875E-02
 -8.2996693828394710E-03  2.2184635197048065E-03  2.5459959972806714E-02  2.1894272753384764E-02  8.0498400782026788E-02  1.2892332749157867E-01
  1.4155148484870159E-01  1.4980725907523851E-01 -8.9590583931786691E-02 -1.2510564551344017E+00  1.8165915293102110E-02 -3.2434903002383879E-02
  2.8969960053679810E-02  1.8292062193636147E-01 -1.8041670380073579E-02 -3.0738296174879193E-02 -8.9544210946973707E-02  2.0520678499498328E+00
  9.7834927376368674E-01 -2.0852021736200657E-01  9.2860177977274597E-02  7.6524882159386604E-02  8.9025469438085980E-02 -6.1777919635783185E+00
 -1.4444570959108960E+00  3.0316670696265574E-01 -9.9358957059559230E-02 -2.2574770315086679E-01  3.2489883378864637E-01  7.0986557226474276E-02
 -7.8032151505422997E-01  2.0646594765725158E-02  6.9581069382623026E-02 -7.4167193569495155E-03  2.5568357900675576E-01 -8.3842264901420424E-02
 -9.5897824887358429E-02  7.9511547750472575E-02 -8.2927221964948186E-02  2.4655068820435364E+00  4.7561072647620871E-03 -2.6767965968953356E-02
 -1.6544619508274815E-02  1.8435951766307308E-02  2.7433678025572655E-02  1.1194378969304461E-01  1.5484653898864746E-02 -8.5792732470181231E-03
 -6.9623988726073921E-02  7.5878907552597430E-01  2.0830249914775067E-01 -9.7524520280266414E-01 -2.3965815345651839E-01 -7.1956759361092595E-02
  1.5898781018579441E-02 -5.9873985892305928E-03  1.9781109655894311E-01  2.5186345616612693E-01 -2.5484716241134815E-03 -3.4989478651995540E-03
 -1.1451178693110816E-02  5.9871410292426557E-03
ORDER     2 BLOCK    10
  6.0715131543730938E-01 -1.4040167590599253E+00  3.4617839981464188E-01  4.1113157958984808E-01  3.4984392568869711E+00  7.5324964128964800E-01
 -2.4964401948610146E+00 -1.2664909921647498E+00 -5.3904446618924728E-01  1.4663755050797591E+00  1.7902934224280194E+00  1.2011720601337212E+00
  5.6829927119270274E-01 -1.0834552877858493E-01  1.3873977865771203E+00  2.3128081309816793E+00 -7.1313013133937497E+00 -9.0804058329388782E-01
 -1.7774297295401071E+00  8.4515231019419856E-01 -2.1621402362082612E-01  2.0404612907163107E+00 -2.5077960552407936E+00 -5.9495088722694964E+00
 -5.7950508701934575E+00 -1.6297454342441973E+00  3.5044252286286977E+00 -3.1948146051564558E-01  2.9441633419333213E-01 -1.5328699979792026E+00
  1.1311691032730893E+01  2.1091792646250944E+00 -1.2877623313846187E+00 -3.0627464369306181E+00 -2.6317710478036558E+00 -1.5203119472728674E+00
  7.9722154531869441E-02  4.2892562681949604E+00  3.6910205816955051E+00  1.9987057018038616E+00 -1.7809164779364421E+00  2.4064817089741655E-01
 -5.3200060378951830E-01 -1.1877428097218123E+00  2.6421920283103271E+00 -8.2821279157715488E-01  8.3258280153105124E-01  2.5637148330276114E+00
  3.0629855616797619E-01 -1.7100576183912484E+00 -6.3395856929892369E-01  1.3614219643785417E+00 -7.1455918592902945E-01  2.8412852502722469E-01
  1.7521250155646520E-01  2.4342178596813224E+00  1.3268694338235054E+00 -1.6948038165660306E+00 -7.7466431031934435E-01 -5.9692779009770180E-01
 -2.8787862672635799E-02 -1.7547773938829770E-02  4.9497872699405887E-01  7.5885683251616631E-01  7.5085275775497251E-01  1.1333852955128554E+00
 -7.8570318097359360E-01 -5.0850583141816397E-02 -1.3246364494134241E-01 -1.9482524478304000E-01 -5.4180587726554270E-02 -1.3626551684223727E+00
  8.7576875290881273E-01 -2.0105601127279218E-01  3.2775372368049066E-01  1.9069352658412772E-01  6.9713102325016138E-02  1.1490793508368048E-01
  5.1484469657705235E-03  8.4766842317959737E-02  1.1237018396346289E-01  2.1855331403823963E-02  8.1437596001565782E-01 -2.3459149626586281E-02
 -1.2840850102310049E+00  1.0128216499361639E-01  4.7314373228835527E-02 -1.8123248333778266E-01  2.0614414202334102E-02  2.3876179785953237E-02
  3.8247814130000604E-04  1.0162979598074611E+00  1.5958725428351282E-02  8.8689675444071414E-01  1.7756975399651203E+00  4.6842253271807644E-03
  9.7673621379808973E-01  5.9328841050288226E+00  3.5783667268182597E+00 -7.7590767301542474E-01  9.3262633846018195E-01 -1.0184638961333579E+00
 -8.2873424802539092E-02  7.0274108466718999E-01 -1.8311065722950504E+00  1.4765159912299881E+00  7.1646802609738047E-01  6.1189255194644177E-01
 -7.9918350563606622E-01  2.4057917191197112E-01  7.1001281616966716E-01 -5.6137278765668839E+00  1.3245391022908221E-01  3.9001285227746525E+00
  3.8717707038800653E-01 -3.5511977903859404E-01  1.8477582783045116E-01  8.0202614037196494E+00  5.4782954934032480E-01 -4.8779452659609088E+00
 -3.4882509360130826E-01  6.8071479535959734E-01 -5.4221938282794431E-02  9.5031635482146354E-02 -9.4098574456619943E-01 -3.6676262191265512E-02
  2.0196197189073994E-01  1.2328194949883883E-01  2.1104623975979248E-01  6.1000595405161018E-01  1.1291355065319253E+00 -8.7615196738131329E-01
  1.8284146492923044E+00 -6.9316497246410502E-01 -1.7661142296977614E+00  4.1833380586919161E-01 -2.4700064280792717E+00  2.4201235391470650E+00
  2.8088105140223507E+00 -5.8814753378265927E-01 -2.7293698623184787E-01  5.4890148200253530E-01 -2.1467451799858031E-01 -8.6674125066434193E-01
  2.0597929173557130E+00  2.1549784208596007E-01 -1.0033248890150939E+00  5.2758474862368954E-01 -1.2157631068351056E-01  3.8049994612539162E-01
  2.6278730983691667E-01  9.4526542122748025E-01  1.3185769432272028E+00 -6.8226116964922068E-01 -7.8020064291045388E-01 -5.8838372594953614E-01
 -3.3270571054754650E-01 -6.7834946788892611E-02 -2.4435397390123767E-01 -4.1855360914315615E-01  3.6155525278946266E-01 -1.6952388741511767E-01
 -7.7661658533838149E-02 -6.1988937810991851E-01 -6.7909689580696431E-01  3.4129789424276830E-01  2.4379915520535664E-01 -8.4334764440659779E-02
 -1.7615845184499673E-01  2.7496557600665633E-01 -1.9803209550703210E-01 -4.9026445293907624E-03  6.1668583504864927E-02  7.9099312675880037E-02
  2.1495649272253378E-01 -4.5982076989920084E-01  3.4291444041685559E-01  3.8471054432829943E-02 -5.0902161787335969E-02 -3.5297534503382667E-02
 -1.7030570077568342E-02  4.6662927674904986E-02  5.6086750078509259E-02 -2.7779548551234001E-02  2.0457726824473759E-02  3.5718207363000257E-02
 -1.0501071717111196E-01 -1.6035591335876903E-01  9.6109337987930379E-04 -2.9534642130077626E-02 -8.4665213791375662E-02  3.4739026719013473E-02
  1.7719168773600563E-01  4.9749726541718935E-02 -1.1987283317592847E+00  3.4656569563187911E-02 -2.4386384544277692E-01 -2.2917733204488769E-02
  3.6329455088793035E+00  3.9626937009174891E-02  4.7659750428938157E-02 -3.5533631303034587E-02  4.0066485626405343E-02  1.1876520085667629E-01
  4.0077294144276944E-02  7.9587535123503722E-02  5.9629170860446695E-03  1.9977194490090286E-01 -4.8628628841094501E-01 -5.9742657936704732E-02
  1.0462235231546141E-01 -3.4136375084162024E-01 -3.4428980536628756E-01  1.9698802891844117E-01 -3.0035198335744262E-01 -1.3998641071643506E-01
  9.3024521163026996E-01  1.1403850418603415E-01  3.6424057807343013E-01 -4.1866677354489895E-01  1.4505073409371530E-01  4.7627416338877800E-02
 -8.0150793565991821E-02  4.4723574851282836E-03 -2.3892419000398477E-01 -1.3880751136370864E+00  1.2491259232451652E+00 -9.7103964964886852E-02
 -5.4246793439182581E-02  1.1039501288019189E-01  4.2590239091621751E-01  1.9313470457631616E+00 -1.6931171371180507E+00 -2.5824858140514804E-02
  5.3967059414232010E-01 -1.2904807254475611E-01 -8.0091716974595550E-01 -7.5576900374431477E-01 -1.5616219673215831E-01  1.2686645124818438E-01
 -8.7481720087626752E-02  2.9881779058861593E-02 -6.7602148504994342E-01 -2.1352380226933224E-01  1.8249834113325465E+00  3.6710556517921367E-01
  1.6027930526913195E-01 -4.3401799764131510E-01 -1.4407910343067518E-01  7.3872305329415203E-02 -1.9144162637908829E-01  1.0688525452625754E-02
 -1.6059260681832588E-01 -2.5398653462680887E-01  2.1626893507911787E-02  1.6988478515671238E-01  7.2263099143575052E-02  5.0768285580012151E-01
 -1.1066813319045678E-01 -6.3698915263228106E-01 -2.7684702945505951E-01 -3.1522635906504598E-01 -6.1213000864376990E-02  3.4820099702232438E-01
  9.0687945744246667E-01  1.1938842197411045E-01 -4.9788927991686049E-02  7.4064205031832741E-03  9.8469148463496847E-01 -1.0469239920411628E-01
  3.3705379623798160E-01  5.5805209810580036E-01 -2.8974377204282120E-01  1.7595411855892309E-01  5.2315328539493633E-01  3.2024080863012612E-03
  2.2393811069314384E-02 -7.6656456905210679E-01  2.2511854137928558E-01 -3.1713624139100022E-01 -2.3069774630114597E+00 -2.0464904991105051E-02
 -2.3908519854707117E-02 -9.0948719930764033E-02 -9.6048075734774564E-03 -5.4000291636845082E-02  1.3213599504894554E-02 -2.3117532755549566E-03
  3.6257332726181909E-03  1.1187229594228494E-01 -7.3464169813712552E-02 -1.4271966312046735E-01 -3.6975522073371563E-02  1.1648058789901543E-01
 -2.1136945850747410E-01 -6.0299628118476212E-01  6.9622338395817062E-03  1.1699196242777246E-02  9.6138274679720293E-03 -2.9252691668691477E-03
  2.1881223062450921E-02 -2.0313354529787473E-02 -7.5789449941668516E-02 -4.3238830305945504E+00  8.3541086108186424E-01 -4.2345329290827440E-02
 -9.3282189378058614E-02 -1.1204766008680053E-02  3.8709516044384107E-02  1.1710589534839171E+01 -1.1860026695829577E+00  1.1378461236100251E-01
  1.3395596213607000E-01  2.9185904348043901E-02 -3.1605589213231011E-01 -1.0834039038656709E-01 -1.5535142353220141E-01 -2.9005288175359141E-02
  6.8437439130164091E-02 -9.3441262462473210E-02 -4.1661545468758610E-01  6.3560636757294986E-01 -1.7769096669386225E-01  2.3373397398704213E-01
 -8.5153268575826696E-02  2.2161962607316439E+00  7.1652436699181921E-03 -3.7431767913319147E-02 -6.5852388581549542E-02  2.6060916509558357E-02
  3.6295244091663161E-02  3.1892886411185040E-02  5.9025036275440368E-02  5.0313145432374137E-03  1.3644838168278000E-02 -5.9166063225697646E-02
 -2.1854370393619402E+00 -5.6302097311414397E-02  1.4608923477843491E-01  2.4928256186631834E-01  5.6172738430101674E+00 -2.3837268801897821E-02
 -3.1947566263011146E-01  1.6737190592239745E-01 -1.1788215329119837E-01  6.0954248572963179E-02  6.8411508284663147E-01 -1.4388634971154587E-01
  1.2123473593136489E+00  3.6996773515217567E-02  2.7423618041222966E-02  3.4065209422067646E-03  6.0940250334211583E-02 -5.3553141053126349E-02
  6.1542382948030404E-02 -7.1585998736747565E-03  2.1671198914347205E-02
