SURFGEN.GLOBAL Hd COEFFICIENTS FILE V:2.8.8
high order tester                                                                                                                                                                                                                                              
ORDER
    2
COEFFICIENTS
ORDER     0 BLOCK     1
  1.4407443545593002E-01
ORDER     0 BLOCK     4
  2.0416273384973604E-01
ORDER     0 BLOCK     5
  7.5325669539076739E-02
ORDER     0 BLOCK     8
 -4.4711098540665595E-01
ORDER     0 BLOCK    10
  3.2397422943058612E-02
ORDER     1 BLOCK     1
 -6.8813850425746970E-01 -9.0782858120878873E-01  7.5104901325621765E-01 -2.9767223978008115E+00  2.0023779064744831E+00  1.5452128271771159E+00
 -3.2459818019516335E+00  7.0624001838248871E+00  5.6106111828916105E-01  7.4965026992832984E-01 -7.8387601566321269E-02 -8.1509089899312326E-01
 -4.9940406289417330E-02 -2.0759004434121570E-01  1.4677735118723931E-01 -1.3285605641666781E-01  3.7569319545011463E-02  1.4638052756371886E-01
  2.3277264718822136E-02 -5.7315948352710155E-01 -4.6325473804280248E-01  9.1932017900490770E-01 -3.2711295031064402E+00
ORDER     1 BLOCK     2
  1.4868726815267616E-01  6.4455538407030850E-03  2.8009379093319148E-01  8.7401125355776754E-01
ORDER     1 BLOCK     3
 -2.8177550010578498E+00  9.4854639184479961E-01  5.0058818402577794E+00 -2.2864752032968596E+00 -2.8932640081666738E-01 -6.5901836622286658E-02
 -8.5269318132298030E-02 -2.7284493484001042E+00  3.3733570872754126E-01 -1.7122792132491854E-01 -3.7746929966441506E-01  1.2990620308952185E+00
  1.2371324540366246E-01
ORDER     1 BLOCK     4
 -2.2013169029313648E-01  8.3365725060607090E-02  1.0191499102696666E+00 -3.8129689710912236E+00  1.0287928455756257E+00 -1.1665262459911381E+00
 -2.6787765058135711E+00  3.3149316500864625E+00  7.6727908494307961E-01 -1.7557783751400203E-02 -1.3959785381208237E-01 -9.9625073629486438E-01
 -4.2126403373135130E-01 -2.4232471224306251E-01  1.3762786683479528E-01 -1.2527018575197382E-01  1.7493009903602796E-01 -2.8092832037760779E-01
  2.7524317619191868E-01 -5.2749546817815696E-01  1.0850884285635385E+00 -9.2511731449637713E-01  1.5098752853238009E+00
ORDER     1 BLOCK     5
  5.8243782415950929E-01 -1.0179962697162341E+00  6.2554035676130526E-01 -1.2525440043706324E+00 -1.6971940218283961E+00  2.8720140346712082E+00
 -1.1621874054864383E+00  1.2950870053474688E+00  1.6097414480244061E+00 -6.8227379819134037E-01  8.1226425526058382E-02  5.4525835466831196E-01
  5.0848624247278973E-01  8.7002185431284282E-02 -2.7903164229286292E-01  1.1659393426148708E-01  1.7383979372723443E-01  2.0049835590671597E-01
  2.0376002911175733E-03 -9.4508098347678637E-01  3.5306285363898876E-01 -3.0600206145568771E+00 -3.3080091844013437E-01
ORDER     1 BLOCK     6
 -1.3266171961049489E+00
ORDER     1 BLOCK     7
  1.6100006613350648E-02 -9.2370936911926153E-03 -3.3334278271537854E-01  2.3919136942182423E-01
ORDER     1 BLOCK     8
 -2.1530892705419817E+00 -9.8860874958337874E-01  1.1701989707134339E-01  2.1644457344329164E+00  7.4054477711691220E+00  5.7096062629934821E+00
 -3.4653747572611029E+00 -3.4727906402899738E+00 -1.3565087038573254E+00 -6.4044019726543977E-01 -2.6196233597032988E-02  3.7424499449283227E-01
 -4.3564299358903341E-01  7.6434614684568603E-01  4.6683722606048056E-01  4.2037879020179814E-01  3.1069807649895136E-02 -1.3107522151268675E-01
  1.4744423944932361E-01  1.1435358402686733E+00 -4.7057476680495047E-01 -2.1734526493104092E+00 -5.3125737316123178E-01
ORDER     1 BLOCK     9
 -1.3186259106273515E+00  8.3420654805166583E-01  3.2164152109229494E+00 -2.1706902206278511E+00 -6.8905849207420566E-01 -1.0361469291158100E-01
  7.8096982573900520E-01  6.5414650626541648E-01  1.5117324083770395E-01 -3.9984007789112286E-01 -3.5168382379553653E-01  7.5689227873565357E-01
 -1.3492779308586709E+00
ORDER     1 BLOCK    10
 -6.6849581976639871E-01 -2.2205337289177591E+00 -9.2737964405688145E-01 -3.5285670253559404E-01  7.3928858182504353E-01  3.8370596160745665E+00
  4.3181200383709806E+00  2.1188140250865006E-01 -1.3134908749494516E+00  1.1241041321685541E+00  8.6815669168473719E-02  2.5786633402496761E-02
  7.1532314540433206E-01 -3.0317509552502947E-01 -1.9179874020598747E-01 -4.5404450127483259E-02  8.9730696192330664E-02 -8.6145090057675053E-02
 -7.2273761947061962E-02 -2.2221793695109263E-01  4.1262907299435525E-01 -7.7166357227799895E-02 -6.3800435601351990E-01
ORDER     2 BLOCK     1
 -1.9076644853560112E+00  1.3513934392932132E+00 -8.4724620371253134E-01  1.2178293267226192E+00  2.8446321042841211E-01 -1.8259655522523690E+00
  1.2126666422525476E-02  1.5504093965480912E+00 -4.2433173607231249E-02 -1.4463378995829124E+00  3.1249184910148858E-01  4.7976606106921826E-01
 -2.2850379449908820E+00  1.1358271222390652E+00 -1.5440143307148082E+00 -5.2813629662500561E-01  1.6753996947623393E+00  2.5663016356777568E+00
  2.8468510997463623E+00  1.5610812617151211E+00 -6.6654178020118304E-01  3.2838124983155048E-01 -7.3074717383118548E-01  5.4364856331400691E-01
 -2.9206788420710944E-01  2.1246614662236487E+00  1.4729607760215977E+00  6.3138431235424264E-01  2.4234343868070105E-01 -1.5247529511316009E+00
 -3.1287943572056292E+00 -2.9515030879305857E+00 -3.2154077922986231E+00  2.4982488202231714E+00 -4.6426194831758449E-01 -4.2435652588934414E-01
 -9.3586499509980381E-01 -4.5314630127471371E+00  9.2993962616608872E-01  1.5497200513710152E+00 -1.7159103390718353E+00 -1.7481723299104765E-01
 -5.6704983367294931E-02  2.7520797280563375E-01  2.2128439614902766E+00  6.2259031924004116E-01 -1.1798472501916377E-01 -7.2831999514509316E-01
  3.7114927792969082E-01  4.9892899818011210E-01  2.3212163690530430E-01  2.0687369356595839E-01  1.9343234149880570E-01  3.9398198487661035E-01
 -2.4530917101964350E-01 -8.4373294116581354E-01 -1.3003921409062141E-01 -3.2319472228700970E-02  2.9574917673930584E-01 -2.8716692064454219E-01
  2.2302582667811327E-01 -3.1747521261804762E-01  6.9100516337690576E-01 -3.4125636918298657E-01 -9.5226555970816459E-03  7.2902256440896374E-01
 -8.4723891303558652E-01  3.1496881829603762E-01  5.9970523061253257E-02 -5.4786378804350340E-02  1.5458078086030627E-01 -1.1331913319639351E+00
  1.2330361852176024E+00 -2.2217074330907247E-01 -6.1273764041132869E-02  7.2093171412014809E-02 -2.1705192498845211E-01  5.1101790782896457E-02
 -3.3705997660554649E-01 -1.2261020038460241E-01  1.1480990467366846E-01 -7.6317133423637412E-02  1.4466229935013193E+00 -1.4502173412060899E-02
 -2.1869835079527373E+00 -3.3028587205958443E-02 -1.9606518411887621E-02  8.1585938194160976E-02 -3.1379289094179405E-02  4.0460249273243792E-03
 -6.8541882537524824E-05 -1.3033924426043566E+00  3.7106169292142450E-02  2.3668590501500768E+00  1.3128879899822170E+00 -2.4144232286911847E-02
 -1.7967458911960632E+00  1.3286176110798023E+00  8.7875654276840617E-02  4.5238264568597373E+00 -1.3933595390341604E+00 -1.2467345984363626E-01
  4.2678504130858647E-01 -5.7915498908342071E+00  1.4082904360733208E+00  2.6482839833405220E-01 -8.8524497355199361E-01  4.8210494215273975E-01
 -8.2809771594609483E-01 -1.4099068300370496E-01  6.4225689320382173E-01 -5.4157818433328953E-01  7.1481418642704186E-01  1.6573257385042943E+00
 -7.4470733508719178E-01  1.0252337600812134E+00 -1.3420133872024458E+00  1.4714519447780974E+00 -2.2379527059925750E+00 -3.3863380638438438E+00
  1.3266691213473820E+00 -8.3171197768868055E-01  1.2543717588660925E+00 -2.5022143179345346E-01  6.7098477301956172E-01 -2.0718290079028279E-01
 -1.9835493293521383E-01  1.2322416329264017E-01  3.1811987265276509E-02  1.3108131272071946E-01  3.4518156596189420E-01  1.3074560919115708E-01
 -5.2640672342110728E-01  3.3844927654541329E-01  5.2054233937242356E-01 -1.7559722521080426E-01  8.9753286242370822E-01  1.9367302652206493E+00
 -6.6968356279398156E-01  6.6045651523659432E-02  3.8573738505056765E-01  3.9332548222859844E-02  2.4595098466327361E-01 -5.4393403122087891E-01
 -1.0053622277280272E+00 -1.1296384053184596E+00  4.7380156874737728E-01 -2.9683477754999688E-01  9.8033888380039869E-01 -2.3062653912378153E-01
  3.8616348959619196E-01  1.2965181112299355E+00 -7.6001994094895342E-01  5.1610276342000228E-01 -1.6689593131678468E+00  2.6396764489800301E-01
 -4.8733585758227221E-01 -3.1249756247082039E-01  7.9565805302442574E-02  2.7180702324571149E-01  9.3422227977092362E-02 -3.1934891075891364E-01
  2.9326555947544813E-01  1.0846207064313860E+00  6.1161022308700685E-01 -6.1984218447358264E-01  5.5098819136911573E-02  5.6292252666520470E-01
 -2.7818575122405376E-01  2.1871565781755153E-01 -1.5053338965589371E+00  6.6857836918259542E-02 -1.7487531013762009E-02 -7.8049623453163286E-01
  4.0581735050758821E-01 -3.0270288155457059E-01  3.8008033869953155E+00 -6.6817209542911774E-02 -9.7379590592635394E-03 -7.6131956783006188E-02
  7.0962091706193329E-03  4.2956366222885442E-02 -1.7906253375665079E-02 -7.3671964165802933E-02 -4.5930034021025287E-02 -9.0105863940108263E-02
  1.2654225807738406E-02  2.0806277466401057E-01  4.6237746901227832E-02  1.0994838668454868E-01 -2.0344531157121003E-02 -7.6128170030606540E-02
 -1.3763750477667008E-01 -5.7020253345165764E-02  1.7075547947958322E-01  1.3199966349214554E-01  2.2138467868417452E-01  5.7453463783444868E-02
  2.2545295897496592E-01  2.0067386304550499E-02  3.0855180554865327E-02  8.4364075834607900E-03 -4.3860981468700124E-03 -2.0594668154648665E-02
 -1.7939292310809461E-02  2.8905656040809552E-04  5.0083356400835765E-03 -6.5297675241241759E-01 -1.0957571067863200E-01 -2.3537237054907831E-01
 -2.1290131343538851E-01  9.3142032211111103E-01 -1.7552692068001946E-01  3.3686670573034566E-01  7.8157222320340025E-01 -2.2160967925814245E-02
  9.5986218651038235E-01 -4.1507879596306425E-02 -3.8562642852697004E-01  2.7644172138364081E-01  2.1267822372356182E-01 -1.5359433621209795E-01
 -2.1250939198280105E-01 -9.6584448556945451E-03  2.1523062843746299E-01  3.3928620695935247E-01 -5.2634178443763113E-01  1.4984040261445214E-01
  4.4784817729749621E-01 -2.1540559762962805E-01  3.0709451409015537E-01 -4.8756841353735308E-01  7.2520587284159199E-01 -2.0964849054982390E-01
 -7.3442961401274920E-01  3.1064245539420532E-01 -4.9411077879595444E-01  1.6187520205609434E+00 -1.2462675842761127E-01  5.2186361700639949E-02
 -5.3921627387485085E-02  6.4922664319958120E-02 -8.8355265054690393E-02 -3.0699370533170911E-01 -5.9638377948077126E-01 -1.0008642567446485E-01
 -1.1230061036288935E-02  7.7783985215068199E-02  4.6175129633092775E-02  3.2121274115869930E-02 -1.9823483500347006E-01 -1.4389058351964606E-02
  1.1325421431253346E+00 -4.5782841284662457E-01  5.4705356308658616E-02 -3.4718686996611076E-01 -1.3084046228304771E+00  2.0282649743905612E-01
 -5.5894640419235586E-02 -3.7047387120648549E+00 -8.9299455164124041E-03  2.5792387620461760E-01 -7.6639262195912675E-02 -2.6603248047346145E-01
  4.7897577606013420E-01 -3.9593633055200467E-01  3.5030341110419289E-01 -4.7652268768014615E-02  4.9386628862305210E-01 -1.3656887116947758E-01
  4.6359536815205826E-02 -6.1985698518679716E-02  1.2654169290245912E-01 -1.5373086832293106E-01  9.6797656498747564E-01  8.7843339750072139E-03
  5.9869838100940563E-02  5.3835992294097176E-02 -9.5454107238143224E-02  2.5311582295373808E-01 -3.2024257440133561E+00 -1.3689571109255085E-02
 -6.1003836953805957E-02  3.9394815459681286E-02 -4.8065383663627774E-02 -1.9659575081117622E-02  2.2966616030565632E-02 -1.2677418346647994E-02
  7.9925826164316347E-03  1.1553743708108732E-01 -1.9345240983227027E-01 -1.9084229361938040E-01 -2.8315722774456226E-02 -4.4724221640022988E-02
  7.1336278563932515E-02  7.3336009841912297E-01 -2.6222765729656703E-03 -5.4545621295433236E-03 -1.2748696205995577E-01 -1.1412652466328088E-01
  1.3647589276867628E-01  2.7976822586731034E-02  3.0890116430670528E-01 -3.6817114036375234E+00 -6.5001741055158535E-01 -1.0981216995292549E-01
 -1.3365032317017062E-01 -1.2978902351610488E-01 -3.3160311549214916E-01  9.7565930021895593E+00  9.3427329926216685E-01  2.2212224890548454E-01
  1.6547777792423182E-01  1.6986331539569019E-01 -5.3414909737218341E-01  7.9733086370742154E-02 -1.2229127061230509E-01 -8.0037324445728752E-02
  3.5492118033369914E-02 -6.0595163308423683E-02  1.6756630358378596E-01 -1.1021098122382082E-01 -6.4704704254028897E-02 -1.1958503368818718E-01
  1.7888292309911388E-01 -1.7299069628952741E+00 -2.1655792668819548E-02  3.1346625213703461E-02 -1.1049101425374224E-02 -2.6502244976033978E-03
 -1.3594254115670531E-02 -9.3823340231909292E-03 -1.1286815915632681E-02  7.3102644754162718E-03  5.1410976728829497E-03  4.9102735800717973E-01
  3.6465026690053763E+00  1.5051688127065171E-01 -2.0812611684619603E-01 -7.2816703993331400E-01 -1.0023177276662082E+01 -1.6976183318780400E-01
  2.5166048373659761E-01  1.2417896522495409E-03 -4.1051218860767867E-02  2.1161311007263445E-02 -1.2596709145379897E-01  2.1134426847346660E-01
  6.2151602215641901E+00  4.4968924344334547E-02  3.8214189710832708E-02 -2.3912054205221596E-03  2.6742304971075475E-02 -4.7984697319277944E-02
 -2.6924677480173843E-02  1.3138484759918165E-02  5.8106637322679735E-03
ORDER     2 BLOCK     2
  1.8261423528140330E+00 -2.2288712586932324E+00 -1.9682348037573767E+00 -2.1963355434715237E-01 -3.4206570183399725E+00  4.0841846484221120E+00
  1.6589883640210126E+00 -2.2951523578097273E-02  2.2818397065908333E-01  2.6040916063156422E-01  7.4962043867253536E-01 -5.3264653375361584E-02
  3.4867057706240129E-02 -2.8835606068652220E-03 -2.3297942291315602E-02  6.6520854166843391E-02 -4.3122080334920002E-02  1.1060215401924333E-03
  3.0947857907189673E-02  1.8065904054696953E-02 -1.5545269077041931E-03 -5.8109614286507823E-03 -1.8466271617569330E-01 -1.1163053438163288E+00
 -1.1130496883033589E+00 -2.6941818410115501E+00 -1.3129219699183292E-02  1.1144584376738447E+00  1.3950979584915753E+00  3.1593941215615864E+00
 -1.0411123766772568E+00 -1.2821936164513583E+00 -7.4239612483379402E-02 -2.5430513000113386E+00 -2.3935325985770350E+00 -1.0938003500416560E+00
 -1.9968302393851439E-01 -4.0852713958936715E-01  6.0581548482206615E-01  2.5666108738253248E+00  2.7218520863236479E+00  2.9789040452084667E+00
  2.3996772220747720E-01 -4.2014635745521792E-03 -5.3703866826666247E-01  1.1199792448724855E+00  1.7053485576026228E+00 -7.2102256911000112E-02
  2.9075930971002706E-01 -1.7253337928402732E-01  1.1041808626296991E-01  2.2859586488093253E+00 -1.8688819612186013E-02  9.0733577520040398E-01
  5.8123250447602071E-01 -2.2695356248529306E+00  6.4933121676134103E-02  2.6307968612640935E+00 -2.8008341741952503E-01 -1.3547237608620428E+00
 -3.9200997073241978E-01  1.0396513414016319E-02 -7.1669068219062060E-01  1.0519403363396449E+00 -2.9123529964733785E-01 -2.3953197495742385E-03
  1.9420828838899629E-01 -7.5913567313324803E-01  1.3206960433675685E+00 -4.8543331884014475E-02  2.1362943968325082E-03 -2.5740563220153872E-02
  1.5467000940295820E-02 -7.4287895335740428E-02 -1.7779800274192757E-02  1.1564403854533909E-03 -1.9655336483281726E-02  2.0604180138047996E-02
 -2.5783551960110840E-01 -1.7870490573584877E-02 -7.4338649505475851E-01 -2.0985707455821949E-02 -9.9647849128981877E-02  2.0930017598907030E-02
  4.3227859062250951E-01 -1.0894798939559722E+00 -6.1382517701571160E-01 -4.1354594120437460E-01 -4.1094764484763818E-03 -6.6058044430201701E-01
  5.8826669326717507E-01  1.8879089200437862E-02  2.0154954168967207E-04  4.7288195929869339E-02 -1.4125962697714411E-01 -8.0749169352271818E-02
 -6.1374902774594377E-02 -6.6279188317544474E-03  1.3562421184153406E-01 -3.4965606803578003E-01  3.7435028287964661E-01 -1.9078392995705706E-01
  5.2452567825815866E-03 -6.5903430191123669E-01  2.6979572548760061E-01
ORDER     2 BLOCK     3
 -1.6142839946854055E+00 -3.7202237444779480E+00  6.2847003640156018E-01  2.0513106492716600E+00 -1.3459251937482758E-01 -8.5974520181719705E-01
 -4.8603046038251509E+00 -5.8206760445697778E+00 -2.9498286497765730E-02  1.2327401817126900E+00  3.7005744530691707E+00 -3.5145141517612455E-01
  2.7413810523357340E+00  5.2850415070725472E+00  2.5247101210776046E+00  2.1420171601280393E+00 -3.3417584068651407E-01  4.7673949840675994E-01
 -2.2334906785361506E+00  4.6850515568569104E+00 -1.9378447983319241E-01  1.0853120775919471E-01  4.4970454969198368E+00 -2.1683293202612970E+00
  2.9814930373724744E+00 -1.2581825137660310E+01  6.1608373784753505E+00  6.5295482702119125E+00 -5.6009318064445184E+00 -5.2546349084339514E+00
 -8.8228306518579536E-01  2.4568154587497479E-01  1.5939302483792888E+00 -3.5731254209176937E-02 -2.3746386635962851E+00  1.9004367024941120E+00
  1.8774565178890339E+00  2.4356038415599413E-01 -8.9056814451439703E-01 -2.2685785260359016E-02  3.6677212819572591E+00 -3.3750659513438297E+00
 -2.2976151717162376E+00 -6.6650416692399683E-01  1.0328206118732484E+00 -1.5397798488550404E-01  6.9690400591371227E-01  9.6016064719071914E-01
  4.1160517414872694E-01  1.6241391898991888E+00 -1.0307881221879056E+00 -3.1429797407855176E-02 -1.2018174884341991E-01 -9.5963459663569928E-01
 -6.1434722570844713E-01 -2.5512486829657459E+00  1.3189315075695278E+00  2.1367944214357851E-02  1.4452949459811285E-01  1.5262372731596767E+00
  3.2832622340585188E-01 -2.0577379548657110E-01 -2.9244647729513934E-01  1.4566119503762820E-01 -4.2883993533515734E-02  1.1247382377378159E+00
  1.3824143087652248E-03  1.1977452423857410E-01 -2.0660792220542154E-01 -1.5147298915970542E+00  1.5011393520085323E-01 -2.1865790634073359E-01
  1.0099766980346068E+00  9.7487007673704051E-02  2.5190755550010996E-01  1.0830264225006325E+00 -1.6403508703918587E-02 -1.9814687568994929E+00
  1.1923717486769485E+00 -1.4062632014552683E+00 -8.9984171833266804E-02  1.9461271244711562E+00  2.4187693642886676E-01 -3.5431092261395336E-01
 -7.9265134621989392E-02 -5.0553097788424033E-02  7.5636913024529584E-01  7.4031638971841762E-01  5.2774240432785495E+00  2.8600183855887855E+00
  2.1171938107062457E-01  3.2406485328369022E-01 -6.6458869752225302E-01 -7.1890065788197932E-01 -5.4092750155651039E+00 -2.7747701170556462E+00
 -6.0528406237832399E-01 -1.5350167042860212E+00 -1.5742730803974978E+00  1.5000824456511601E+00 -1.6651084697529104E+00 -6.6840952013677887E-02
 -2.1751543535499122E-02  1.9950525887181055E-02  6.2733636311478558E-01 -6.9275589462704790E-01 -1.1238658997857396E+00 -6.3451947692741428E-02
  1.8648788303685759E+00 -1.7619835640195919E-01  1.4242226647208259E-01 -5.4746570758435631E-01 -6.2397327271971588E-03  3.0452033762089030E+00
 -2.9281302025795992E+00 -3.6178913450789907E-01  1.0710626929534697E+00 -5.4479031172024395E-01 -1.2711829284837470E-01 -1.6121073257058522E+00
  5.7496330890697100E+00  5.7209968998190686E-01 -1.8670289619707932E+00  5.5110679337695456E-01  1.2200094719572716E-01  2.5842433753723251E+00
  5.4652633196429400E-02 -4.0542908086763674E-01 -1.5195584722428213E-01  7.3875977051334515E-02 -1.9402612593397287E-01 -1.9018124899937441E-01
 -2.7150736158384947E-01  9.0117827587614430E-01 -4.9983114483233454E-01  2.1762256719943462E-01  1.4282505227644285E-01  9.3523975801832859E-01
 -5.6537382134375158E-01  3.8953874737346856E+00  2.4274553429453106E-02  3.7816594307478982E-02 -1.1767117757901126E-01 -1.2917006850264567E+00
  8.0536782466716961E-01 -1.0552759091338750E+01 -2.1501453923573048E-02  1.4020685120047355E-02 -6.9093280767752426E-03  1.0460586749615661E-01
 -1.0837283114769619E-01 -7.7615859115930330E-02  5.4154793141978325E-02 -1.3508092636037588E-02 -1.4558241782501885E-01  3.4646593329409392E-02
  2.2941157488961264E-02 -8.2392344151375571E-02  3.4667007581114916E-03  1.6333020428875664E-01 -9.3068904633781502E-01 -7.6373723953171144E-02
  1.3569193846816912E+00  1.0982610796620641E-01  4.8603430680826225E-02  6.4297015023793508E-02  4.6595144631641223E-02 -6.6046582023287601E-02
 -1.6547332359660830E-01  1.0639509256279612E-02 -9.1805023558005761E-01 -1.5145593004658671E+00  1.4223532907230148E+00  2.4663643752345781E+00
 -8.1329208180797391E-02  2.5638697367833296E-01  4.7847527976000476E-02  6.5019203890238020E-01  1.6397101821193807E-01  2.5541590398711709E-02
 -2.3918545231152875E+00  1.0202900199699363E-01 -9.0238754966134938E-01  1.9186433103253051E+00  4.0498782955036547E-02  4.5598360035267937E+00
 -2.3215972416504469E+00 -9.9811806222328631E-02  1.1902742508027309E+00 -3.0409736844788200E+00 -1.8618661926245384E-02 -7.6588287186027086E+00
  6.5354107213565626E-01  4.4467087888096030E-01 -2.6076497658029862E-01 -1.0119197747087177E-01 -4.2642663795198661E-02 -5.4067314664852130E-02
 -2.4509424798421445E-01 -2.8377892724594589E+00  2.4324663722034673E-01 -3.6431119447851623E-01 -3.5827921560635861E-01  2.8232658650246978E-01
  4.0217980365621092E-01 -3.0500339339423765E-02  7.2189458203416867E-01  2.4289095016628588E-03 -1.1286591680253497E-01 -4.0914477813741668E-01
  1.6046066378170901E-01  1.6728988527421976E-01  1.2497783336523527E-01 -2.4265329288591351E-02  2.5004452410720257E-01 -1.4866247208499546E+00
 -2.8842806426545287E-02  9.1878709630740137E-03  4.2303222066703050E-01 -2.1711032634497590E-01  8.5097160835572144E-02 -4.7266119228313319E-01
  5.2865025347048933E-01 -1.8335047901852090E-02  7.5179985293922877E-02  3.0609703160492446E-01 -7.8433506286467378E-02  6.8113330611176959E-01
 -1.8853390653068902E+00  5.5605636275698599E-03 -9.4659166274570383E-02 -4.8742252329217244E-02 -4.4357639420314052E-02 -6.4940355829509744E-02
  1.0265675880359126E-02 -5.6169492924801386E-03  1.2876490961434338E-02  1.1119018176583745E-01  2.0369255719243778E-02  7.9950429295499083E-03
 -5.4125386562372022E-02  9.7881902733880735E-04  7.1245011088364230E-02 -2.5605827231859339E+00 -6.7606235853643233E-03 -3.1910766779268559E-03
  1.5944874876937461E-02 -5.5369495634850725E-02 -5.0971384957981751E-02 -1.8255493865516163E-03 -3.7666397755837594E-01  4.5628343010881095E-01
  5.0085873263637970E-01  7.8571309945446727E-02 -4.0694907874367586E-01 -5.2163819656267307E-01  5.5754650727084765E-01 -9.3165910646828631E-01
 -7.1049212322221234E-01 -9.0296008281081114E-02  4.5874670529130723E-01  6.8442792294592902E-01 -2.4274483128251320E-01  1.5690191469987597E-01
 -1.7940777477278734E-03  1.3066309268961035E-01 -1.9276387193789127E-01  1.3691192650890210E-01  7.4057166318166143E-03 -1.9778567179097728E-01
  7.6793937313199412E-01  4.8571118974572489E-02 -8.5739586478640481E-02 -4.8435742841101082E-02  5.0902559556602042E-02 -6.4243224494936871E-02
  8.9706008012114397E-02  4.2572056930988138E-02  2.2654250999795666E-01 -1.8842187591064807E-01 -5.7802312316575413E-02  1.4329019602006580E-02
  1.1139702919678172E-02  3.2351315322122964E-01 -1.5516240721486410E-01 -4.7099424178447297E-01  1.0145761002748206E-01 -5.9604981697081484E-03
 -5.5747500545689256E-02 -6.7175050525476107E-02 -6.3219765424629204E-02  1.2663649196183677E-01 -5.2929357316357381E-02  2.5408427461270668E-02
  3.1028008297337441E-03  3.9914025137275537E-02
ORDER     2 BLOCK     4
 -1.0869570548676646E+00 -4.0357059053410510E-01  2.2024567360568642E-01  1.5394599602761561E+00 -1.6912488769894815E-01 -1.1116067446123228E+00
  1.4469942680707879E+00  1.8835880184635082E-01  1.4446249914983795E+00 -2.0431899104182158E+00  1.3219290433810307E+00 -6.5890951411907583E-01
 -6.0109319813797024E-01  6.9039688745178118E-01  3.4090590859054687E-01  1.4760120585545395E+00 -1.1684877605422255E+00  1.6661776132088713E+00
  3.0226155249722768E+00 -4.1987849675230426E-01 -8.1883094309285009E-01 -1.9171161778816008E+00 -1.9299540720214330E+00 -1.4328285857353387E+00
 -7.5597622499747941E-01  1.5139191194846504E+00 -1.7697688873867754E+00  2.3075956024008113E-02 -7.5208768240355328E-01 -4.0425207260418122E-01
  1.9455876176529721E+00 -2.2467341251109021E+00  2.7297318198700973E+00  1.3535967035515259E+00 -1.8141883733289546E+00  2.3868456793033094E-01
 -5.8238608543185744E-01 -1.2052605070122282E+00  2.6376537795175974E+00  6.0603355943893222E-01 -3.1878697562973840E-01  1.7687227683250561E+00
 -8.3156266250304867E-01  1.1623354254112539E+00  1.2953292786578702E-01 -2.8953287185457479E+00  7.5620362638790173E-01 -1.7042955396742938E+00
  2.5278641322074691E-01 -9.6984030448388769E-01  7.3197109299638796E-01  6.2106221401768147E-01  2.2463692912440186E-01  1.6022385299143291E+00
  3.7247489064508854E-01  1.8412470934629372E+00 -1.0014149254618581E+00 -7.5367426668594983E-01  5.8855183950240697E-01 -1.7712817779146908E+00
 -2.7239604346213148E-01  1.9926158039353584E-01  1.3860703019502345E+00  3.1988579461608707E-01  1.7317703789915428E+00  1.5772016694590851E-01
 -3.3992974992321479E-01  3.3118214602050672E-01  6.1639108832614822E-02 -1.7542244318732061E-01 -8.3611072048368915E-02 -9.5150837153360243E-02
  5.4964270804537019E-01 -4.9884056778726688E-01 -3.3981720035409141E-02  2.2723251825871357E-01  3.9176902477892808E-02  2.4774971047697672E-01
 -5.2857719465312614E-01  4.2364758741486785E-01  8.1269528541532909E-02  1.3019273919287080E-01  3.9581041300424208E-01 -3.7066894428055511E-02
 -5.8124705880689709E-01 -5.5673941567476952E-02 -3.5747217780418078E-01 -2.2299165883328567E-01 -7.6861034971257985E-02 -8.9588320624797227E-03
  4.5477817415975652E-04 -8.2124273122982772E-01  2.0238139170482890E-02 -1.3678500867330032E+00  6.4248335429295833E-01 -2.2662377380326261E-04
  1.7053961395106951E+00  3.7950860117597083E+00  4.7949279302835555E+00  8.9627477515547689E+00 -3.1165578371169738E+00  3.9652464729394599E-01
  7.0748150701276524E-01 -1.2690108611595662E+01  2.0592953721241316E+00 -4.2480977102532924E-01 -8.8334317759802006E-01  1.3660058139929452E+00
 -2.5692457398808126E+00 -1.5669060478963096E-01 -1.2911940917546627E-01  6.1982047626503023E-01 -4.4681097825126486E+00 -1.7003401072401800E+00
 -1.7093074685878209E+00  6.2706512304461648E-01 -3.9156926959379046E-01 -4.5482551017997802E-01  6.2699251816238686E+00  2.9252346250124099E+00
  1.8420913843686981E+00 -7.0519257778251154E-01  9.0381714616901554E-01  1.1787988978977588E+00  6.9946504827652178E-01 -1.8719093115715232E-01
 -4.2713800777189576E-01  6.9023549671688667E-02  1.8400965756926896E-01 -5.0571534314763711E-01  5.0337008254069136E-02 -1.1705835365530664E+00
  1.1907429563343725E+00  5.1026344277966196E-01  6.4411261668362796E-01  3.6548686804712249E-01 -1.6171110504282200E+00 -1.9633463149470243E+00
 -4.7975793993723881E-01 -4.3909626024545562E-01  5.1050033910298553E-01 -6.1119874568842651E-02  1.1458117591623218E-01 -2.5483998768768119E+00
  3.1891424383999034E-01 -6.9355502698554028E-01 -5.3664868774097696E-01  3.4648188498099343E-02 -2.7518412427209282E-01 -2.1632440450637166E-01
 -4.7991933569316897E-01  1.8759004967911372E+00  7.9006678842942024E-01 -1.5059939730909169E-01 -5.1369376923898410E-02  2.9395419341538537E-01
  6.7925612792845202E-01 -2.5891591228343863E-02 -3.4941129861623071E-01 -3.3241351131654405E-02  3.0939901599061398E-01 -1.4086910573349806E-01
  2.1121106322242647E-01  2.0742341450078743E+00  3.4963088962505190E-01 -9.5781314086195946E-01  1.2101871782512671E-01 -1.9433161649668296E-01
  3.1752233551166564E-01 -1.7150588228391975E-01  6.9596057853632942E-01 -1.1287421760390140E-02  5.0792412303254729E-02  3.1887757476794620E-01
 -4.4301943670687771E-01  2.4708690244380863E-01 -2.2909364285775351E+00  3.9136478036708080E-03 -6.0651842101449395E-02  4.2018125577865745E-02
 -6.5592798094088203E-02 -1.5761063037680378E-02  2.4940330796642488E-02 -2.3822191096264548E-02 -5.7573262107537908E-04 -7.3337537254218294E-02
 -7.2959397642958071E-02 -2.3195197176754462E-02  1.9305436002466996E-03 -1.7894464916615272E-02  9.6731664650576740E-02 -5.4707055277118777E-02
  7.5600359066961798E-01  1.0862707717857834E-01 -1.4683351967288538E-01  8.2238526785023386E-02 -9.9307459545794297E-01 -1.3287000247201611E-01
  6.8747426537048006E-01  1.1778669713612049E-01  9.9191683288678528E-02  3.1894339920855393E-02 -8.0138269645901178E-02 -8.6200385336748800E-02
  1.8566771521844438E-01 -5.1533423461451022E-03  1.2364614419909889E-02  1.0211402925395892E+00  2.9683734020353608E-01 -6.7093998361277940E-02
 -5.2104309593823250E-01 -1.3136582901049803E+00  4.8331364021195772E-01 -4.7624458688918347E-02  3.3914541151013067E-01  2.3652332915515012E-01
  2.0727917241229976E+00 -1.2240191351070361E-01 -1.2679145721679539E+00 -4.9006558846379600E-01  3.1891222146445256E-02  2.4713540897516029E-01
 -1.0515754224485754E-03  8.1780069899265243E-02  3.1465745026949837E-01 -2.3005170745944370E+00  5.3452296060821580E-01 -3.5397571891092350E-01
  1.0447910366613922E+00 -2.3232945625635475E-02 -5.1618686122350477E-01  3.1908056297667096E+00 -7.2865811587736762E-01  6.1083674706507074E-01
 -1.9635088167445029E+00  1.8376730099984705E-02  1.4550154254231749E+00 -1.7193584654385836E+00 -1.2937997410341654E-02 -1.6515878336504058E-01
  1.8401651988225584E-01 -1.6194902070060999E-02 -2.6388314540959390E-01  9.0862375128646300E-01 -9.6985044987734792E-01  1.7838794152298101E-01
  1.4084777052211434E-01 -5.0330442377249907E-01 -2.4133582263358869E-01 -1.3743010447264422E-02  4.0949083300731293E-01 -1.8569097371875783E-02
  3.7176996963570347E-01 -1.0681795624255721E+00  1.6272156645845987E-01 -4.1080261735143724E+00 -6.3846757133735155E-01  1.4494404788522670E+00
 -4.9026740410384816E-02 -1.9069140054968927E+00 -3.6936816940229522E-01 -3.1790797243379093E-01 -1.7665280472357048E-01 -6.4978036585310706E-01
 -1.5230878027762222E+00 -1.0165573753831630E-01 -2.4731993959432597E-02 -5.0537161521939704E-02  1.4451050685213769E-02 -1.1810736101619590E-01
 -2.9710821752617284E-01  3.1439956721207507E-01 -1.6051694896943849E-01 -1.4824110890719602E-01 -7.5044253840936936E-02 -8.2316542145258867E-02
  2.6119803311217254E-02 -4.7065551319639276E-01  2.7143876969802794E-01  2.0138677810600900E-01  8.1016766222572834E-01  7.9325567855476092E-02
 -2.6020982280334785E-02  1.5481057612665930E-02  3.6154325595396533E-03 -2.2726079688482115E-02  2.2998000991699956E-02 -9.7215824535955061E-03
 -3.3815063921982906E-03  2.9779584806127472E-02 -2.0848613621591055E-02  1.8792719638319962E-02 -4.1630064516546821E-02  2.6248780483377889E-02
  1.5367913797799138E-04 -1.9492519995403583E+00 -8.6073206500925994E-03  1.3649132006106639E-02  1.8239985305981379E-01  2.6619585382277050E-01
 -2.3712631798831590E-01  3.1781469836074959E-02 -4.5653245559827860E-02  3.4746372630170779E+00 -1.6083111630061400E-01  3.5461627223350156E-01
 -2.2639068219247910E-01  2.2361163614751829E-02 -5.4750811456496927E-02 -9.8839498812621933E+00  2.0592560890419906E-01 -5.2227215423858198E-01
  3.1760273118911159E-01 -2.4237186368295856E-02  1.0365981554993992E-01 -5.5213136736391402E-02 -1.6978891626184731E-01  9.2950023272124566E-02
 -5.1749755786964863E-02  3.2763818736831020E-02  4.2890697018743727E-02 -4.6426445954535600E-01  5.8538355704136187E-02  3.2846598540096981E-03
 -4.4148323166228548E-02  2.1751061214697556E+00  3.3793001110688926E-02 -4.2288622616577509E-02 -5.1034693675449792E-02  8.7885572816529908E-02
  1.2221742059372187E-01 -7.9392918354168340E-02  4.8753526251222479E-02 -8.9938270510280687E-04  2.6726860670188531E-02 -8.9068279627523519E-02
 -4.7839770811346511E+00 -4.6281318397170534E-03  4.2420044593956666E-02  2.4507178817481540E-01  1.3062211134709706E+01  2.2154002570372644E-02
 -6.8537977996702124E-02  1.5330827921873258E-01 -5.0062676168978540E-02  3.7013518574971426E-03 -1.9591959114039845E-01  1.0464428146703426E-01
 -3.1985596272430659E+00  2.6729161336343156E-02 -3.8504313107505926E-02  3.2494646755894266E-02 -1.0147674340983050E-03 -9.1080890824255509E-02
 -7.9186915040264150E-02 -8.1820929621378002E-03  1.0163447928358056E-02
ORDER     2 BLOCK     5
  5.1583093716754780E-01 -2.6041210352884894E-02  5.8327488052573306E-01 -2.6226023864504659E+00 -2.0416069500212282E+00 -1.0640370594589630E+00
 -1.1987547622789863E+00  2.1322103691067179E-01 -8.6446148061668660E-01 -1.6211048004729711E-01  2.1627971472937522E+00 -7.1622445781105903E-01
  1.1665261751875947E-03  1.2056636870191480E-01  1.4023878935909767E-01 -1.5365626328120636E+00  3.9685853958780188E+00  1.4635592996196962E+00
  6.8200681735781465E-01 -6.2224085184947109E-01  1.3743689820523384E+00  1.9556526373701786E+00 -2.7983821900173766E+00  2.1286572490871754E+00
  3.0613094706061950E+00  9.6337710906625407E-01  2.5838881698879468E+00  2.0857964518135565E-02  3.5563007085945847E-01  1.2458283918556796E+00
 -6.5122042529157795E+00 -1.3265086237348063E+00 -4.5678734357093722E+00  1.7274768621297449E+00 -2.3382468795580058E+00  7.7980236704305106E-01
 -1.0100299339323578E-01 -4.3087368791174985E+00  3.0341048471198397E+00 -1.0208066848187869E+00 -4.1757062161912444E+00 -1.1460566064914510E+00
  1.2712765251649608E-01  1.0035706101641797E+00  5.9097491300152285E+00  1.2881217199846371E+00 -1.8509726342130631E-01 -1.7463329964494687E+00
 -1.4136192131123702E+00  7.0438648842273965E-01 -1.2763476397980453E+00  7.4486389994802904E-01  1.9341538227690565E+00  2.6201174836525998E-01
  1.3733057805959373E-01 -1.7351723702070501E+00  2.2179384660090617E+00 -1.0391154857402876E+00 -2.7103983877129623E+00 -1.5106026802318445E-01
 -1.9599632468516384E-01  7.4574753048516063E-01 -1.1755747113311559E+00  3.9965009413070746E-01  1.4347939345305658E+00 -9.8545299595241942E-02
 -3.4513661944114710E-01 -5.6812345628284333E-01 -5.0766319335325445E-02  4.7320471369313680E-02  1.3507033426627330E-01  3.2592834217172573E-01
  3.8585811297190026E-01  7.3529186350626152E-01  4.2533523032163525E-02 -6.3140029573056825E-02 -9.5050356026099916E-02 -4.3708058965408753E-01
  4.5546339460307661E-01 -2.0426219278448149E-01  4.4081590930590650E-02  4.7009415383645586E-02 -4.2114897215704394E-01  1.2759944291025893E-01
  5.0613640744023092E-01 -1.0578852267841134E-01 -1.9530619949948930E-01  8.2107516297554497E-03 -3.5795958028574999E-02 -6.8821594056486142E-03
 -3.4422794107727108E-04 -1.1056407448667320E+00 -9.0489448142767378E-03 -2.8577113885006469E+00  1.6658736776938308E+00 -1.8696861324294996E-02
  1.8495465229435104E+00 -1.4833510263647713E+00 -7.7803559537020073E-01 -2.8781764080482324E+00  2.2763420865549513E+00  2.6009869467329333E-01
  1.6295262587688375E-01  3.2738550609702681E+00 -2.7755947077968313E+00 -4.7475936819162268E-01 -3.7567160540023009E-01 -3.3173980205076181E-01
 -3.1753597959958541E-01  2.3447435446784670E-01 -1.0981950152362427E+00 -7.9321872182653106E+00  4.0625438427827474E+00 -2.9622490917271334E+00
  1.4113755216232455E+00  5.8839029790569175E-01  1.3297980344849676E+00  9.5843386506287533E+00 -4.0932696630038334E+00  4.3149358146201893E+00
 -1.1758555106714343E+00 -5.7367496065394330E-01 -1.0583875386758836E+00  8.8302380943402192E-01 -1.4276680914087558E+00  1.0197321821334162E+00
 -2.0885528903257899E-01  2.7925321865445540E-01 -8.5776435996286884E-02 -9.2090195847261958E-01  9.4642812355315905E-03 -4.6822845755925452E-01
  5.6481637289403408E-01 -1.6425365068234918E+00 -5.8002114246620362E-01  6.8172553234030764E-01 -7.9239864208522814E-01  3.6028298325537969E+00
  4.2985573612778238E-01 -7.0010826953918537E-01 -4.4958424282943676E-01  6.0510530041264543E-01 -1.7856278708532294E-01  1.1786342371869631E+00
  3.5083433435416915E-02  1.4520087676978357E+00 -2.0198089317646634E-01 -5.5378750548652422E-01  5.3196655818753810E-02 -3.4527674814670312E-01
 -1.0275941619415262E-02 -1.9288955958217369E-01  4.3703387788393294E-01  8.0442620076846927E-01 -5.1531433848469432E-01  3.3114632471351702E-01
 -6.5833418770431229E-01  8.6037104099406722E-02 -2.4824233184600550E-01 -7.1206444368585406E-02  1.9569468070827353E-01 -1.0593152605822227E-01
 -3.1376171658729091E-01 -1.5800234586793342E+00 -3.1495207116002755E+00  3.4760297836688179E+00  6.6120437630748680E-02  2.2318227877978419E-01
 -5.9721025326950394E-01  8.0832386293213390E-02 -1.7459189129423364E-02 -3.3193267529336594E-02 -2.9995889236555825E-02 -2.7909833306272291E-01
  7.3356202078355703E-01 -3.9272425886807849E-02 -1.8665877127312816E-01  3.2231014194610275E-02  2.6413028237405989E-02  1.1061019399722054E-01
 -9.1090186290624583E-02 -5.2796033817332333E-02  3.2572876015224679E-03  6.3747530704378287E-03 -1.0630218600838789E-02  1.8385183708701482E-02
 -3.3712523609816671E-02  2.8324021199959058E-02  7.1720045344917632E-02  8.2795571248317601E-02 -2.5559542863095291E-01  5.4680029642989285E-02
 -2.1643342010157903E-03 -1.7257156602495240E-02 -6.7559131661603100E-01 -3.9341171949293097E-02 -7.3778923249005007E-02  1.7133915149691731E-02
  2.2498011910139746E+00 -3.6575787358514987E-02  5.5646741101805446E-02  8.0875945678488340E-03 -1.1159515121734589E-02  8.0301617313176671E-03
 -5.6958920768954840E-02  3.8452255497094426E-02  1.2756191181122473E-02 -1.3824853131319490E+00 -4.2914383249083254E-01  4.0215547534641494E-01
  1.3290738080879325E+00  1.9169595524852758E+00 -1.1238506886883182E+00 -6.2866180851573139E-01 -2.6732805192917799E+00 -8.1095643109849493E-03
 -9.9754712498181830E-01  1.8924012393163442E-03 -5.7520421784657472E-01 -1.6926861679654059E-01  7.5143692543536228E-02 -3.1571517400173915E-01
  1.5785680664606722E-01  4.2688590661032387E-02 -4.1679432504910335E-01 -4.2485550280722822E-01  5.0766995660980967E-02 -3.0670072401048337E-01
  5.4329967042358129E-01  1.0649472626875464E-01 -3.0071391439312828E-01  5.5806582661536586E-01 -7.3602542182618497E-02  5.0314628737924527E-01
 -1.3340131990934299E+00 -1.2868712465699006E-01 -1.4049262500020354E-01 -3.9370299683067184E-01  4.4371432627010529E-02 -5.0859156084675540E-04
 -2.0526000521911572E-02 -1.3073952198184913E-02  2.9806481973503329E-01 -2.4198998192910098E-01 -2.8416900612513007E-01  1.7431423239414951E-02
  1.6762379481639733E-01 -1.3514410730748977E-01 -8.5139154420211000E-02  9.0794444022821719E-03 -2.8139895150211973E-02 -2.9550003077565296E-03
  2.1777341335466622E+00  1.1618727539871241E+00 -2.5308855949139286E-01 -8.9038897632636171E-01 -3.1384779363846560E+00 -1.4691161711235210E+00
  2.0408607619546643E-01 -7.3433700772856536E-01  6.4874299727572429E-02 -6.7232711285032165E-01  5.2148039580546979E-02 -1.5876734421216665E-01
  9.2753365434280999E-01  4.4479917072373087E-01  3.3485885078586985E-01 -3.9377199460703963E-02  4.5841538148516575E-01  4.2111964500813268E-02
  8.8531306335336207E-02  1.8099114079259826E-01 -3.0020480680448286E-01  1.2165049822608795E-01  2.0256729019631794E+00 -2.0734303053830273E-02
 -2.5910195732096322E-02 -2.4980159154204953E-01  3.7861376773707101E-01 -1.8572134635942439E-01 -8.3880251782687072E+00  1.6506836872290813E-02
  2.7008874947333273E-02 -1.8215429203672265E-02  4.1124672323681187E-02  2.5316087826889200E-03  1.3518383247726369E-02 -1.6289482308643174E-02
 -3.3310881310014578E-03  5.2911442683230087E-02 -8.0622801348359863E-02 -1.2921623084493896E-02  2.4958362391729653E-03  5.1198720081453757E-02
 -1.6712580189970552E-01 -6.5965939283646358E-01 -4.6830685915175115E-03 -2.7867824991219289E-03 -3.1339567265240803E-03 -1.1899343580511050E-02
  8.1184449511145090E-03 -3.1458108060353441E-03 -3.9265820530410123E-01  9.9411161707479447E+00 -6.3508510002297819E-02  2.8239650206181538E-01
  6.7675411934805946E-02  1.5961159275462430E-01  5.1922439184811875E-01 -2.7318936149908819E+01  5.0197423362810224E-02 -3.9665093943209362E-01
 -8.8707945382353548E-02 -1.8971234212149027E-01 -1.5431189550722371E-01 -3.2747400577873020E-01  4.6174796021544734E-01  5.1934924682372145E-02
 -7.3932763766939802E-02 -9.9883431770965876E-03 -5.1392114698065889E-03 -7.5284006002780801E-01  1.7868048227861988E-01 -2.6507357163262590E-02
 -1.2948695036934268E-01  6.1925128569943606E+00  2.5721757918798806E-02  1.8888298314544097E-03 -1.1125024958173607E-03  1.2559228605164816E-02
  7.4297627327066392E-04  6.4335978666548773E-03  6.1247389680006169E-02  9.0367261980216142E-04 -7.9050219430343398E-03 -7.0328424502910214E-01
  2.5291473886780391E+00  1.7780957637633454E-01  3.2015727417681067E-01  9.9536945643327324E-01 -6.6212009729629502E+00 -2.1006738750864332E-01
 -5.6122637629025440E-01 -7.2211855877970951E-02  5.3412653995411108E-01 -2.5997607988106766E-02 -5.6222282210393815E-01 -2.1651061467953800E-01
  9.8162778811899742E-01 -9.7435756103410626E-02 -2.2367877725394374E-02  1.1331942878095894E-02  1.2751616239323199E-02  8.6017065379206826E-03
 -1.1099684985581736E-01  1.5523717876478270E-02  7.4078227152143232E-03
ORDER     2 BLOCK     6
 -1.6159924292487515E-01  6.1612130837233403E-01  4.5410224352547957E-01 -3.5620493693688599E-01  2.5795437980619196E-01  1.3288103591882428E-02
 -5.1727556657992446E-01  3.9804171057852330E-03  1.3964643845634428E-02 -1.5168947555666393E-02 -1.7238226579297487E-02 -1.5029979779482040E-03
  4.5083056931305250E-03  1.8044522789382928E-03 -7.9392612989948947E+00 -3.7490707482582930E-01  1.0160215045318825E+01  1.1189254274961276E+00
  5.5350757119355354E-01 -6.9657047724157284E-01 -3.0518918089419383E-01  1.0231867756898293E+01  5.5670969938762749E+00 -4.7281114171771801E+00
  1.0742276028624889E+00 -2.4830686299742277E-02 -4.6599061986621693E-01 -1.4393982152058186E+01 -8.3237640960500272E+00  8.0489850292595850E+00
 -2.6162903960883348E+00 -6.4621016269353970E-01  5.0002967827376787E-01 -7.6821507308401515E-01  3.5495936914179849E-01 -9.9955441717457216E-01
  3.1279530063548638E-01 -8.7746175421101191E-01 -2.1960142369310445E-02  1.0256980468351407E+00  1.8321492650035216E+00 -1.6822101221207551E-02
 -1.4335109247697329E+00 -4.5989338487994930E-01 -1.2725633464527930E+00 -5.7863468535892593E-01 -5.4049438860874233E-01 -1.0067850596993786E-02
 -3.2707984591194803E+00  2.1304370576679874E+00  5.4075665664782058E-01  1.2801926870251111E-02  6.5615660592632948E-04 -7.5605074303981362E-02
 -3.2369452304549268E-02 -1.8636998966543494E-01 -1.9554612651350664E-01 -7.8375667627404985E-02  4.9482393414221776E-01  6.8468067028569632E-03
  3.2839211811769842E-01  4.7601362072833059E-01  2.4089081452551531E-01 -5.2954596409572319E-01 -2.1475715905011430E-02 -1.7313867065041864E-05
 -1.6901603853531527E-01 -4.9041305949119804E-03 -1.5829627695260065E-01 -4.7118850982570515E-01  2.5703454042590211E-04 -2.0626409173255711E-01
  4.0921584432453062E-01  7.9579362761707995E-01 -1.0979608063740505E-01
ORDER     2 BLOCK     7
 -2.9393340358109796E+00  5.7655170497695680E+00 -3.1655226859914121E-02  1.2906883534521243E+00  4.0340452334439005E+00 -8.0874758124891351E+00
 -2.4423898479457992E-01 -1.7834970186445025E+00  3.5518611949302709E-01 -3.9070240925382421E-01 -5.1922224213633816E-01 -8.3700029891423458E-05
  1.0126468918922653E-02 -1.1953305840926387E-02  1.3404132319570784E-02  1.4002134795056007E-02 -1.3522608758318858E-02  2.4470783406804950E-02
 -2.2399394144190631E-02 -2.7443712496789816E-02  2.7008532216042394E-02  5.3025173349290685E-03 -6.9293940865511905E-01  1.5201779804100570E+00
  8.3406167305699930E-01 -2.8216658291837562E+00  5.6027179725757925E-01 -2.1528939124217166E+00 -1.7664898246376968E+00  4.0054625490306375E+00
 -5.8044793062193700E-01  2.6434712670551224E+00 -3.1223609792473572E-01 -1.4409174155613733E+00 -4.1875497139437456E+00  6.0650428752071157E+00
 -1.2770433900206168E+00 -8.8567281490005312E-02  8.6053043812401864E-01  2.0708316931996031E+00  5.9855432605873062E+00 -7.4777841848817648E+00
  2.4412610688927061E+00  3.0089135698456232E-01 -2.0972016269461649E+00  8.7914179080535171E-01 -2.1393465061905039E+00 -1.0933372813811808E+00
 -8.5874674815691082E-02  4.8066527496911204E-01 -3.3254802925097782E-01 -2.1632279240878090E+00  2.7552787483946545E-02 -3.3491537782610037E-01
  7.6393810015387698E-01  9.8322661741021400E-01  1.4586656870096304E-02  7.8927607798485688E-01  1.0093969177156439E+00 -5.9861996442323362E-01
  1.3089805965721988E+00  1.2041642464911954E-02  6.5729493989160415E-01  1.4193219055194470E+00 -7.3867663348536738E-01  6.9172607750963167E-03
 -4.5809018322769252E-01 -1.2737265198745706E-01  6.9443904142215984E-01 -5.9778804537434491E-02  2.4476740675432424E-04 -2.3870941806888465E-02
  8.9601921464021281E-02  8.9326386796665450E-02  6.4969459034475499E-02  1.3865591847804064E-03 -6.6047838577436541E-02  1.2814044789723433E-01
  8.0447366542936820E-03  9.4222033268146106E-03 -2.4351098986765310E-01  1.8000295873866387E-01  3.1417668168722163E-01 -4.8852621845188520E-03
  1.0246672121964454E-01  3.1726036829859211E-01 -2.9668479008876321E-02  3.5383139318925488E-01  8.0752439786017545E-03  8.0537328378956186E-01
 -3.7149903633640519E-01  5.2148032558035316E-03  5.5001837131470174E-04  3.9460335895763636E-02 -2.0214152092897959E-02 -2.0660070100454356E-02
 -1.3380179781733648E-01  1.1433956219776974E-03 -1.0616849342279999E-01  6.8156255482226549E-02 -3.4920218626791732E-02  1.4809555116772122E-01
 -2.2221950376405744E-03  7.4065959214950350E-02 -6.5528830490871715E-02
ORDER     2 BLOCK     8
 -2.8146208551217331E+00 -2.4090402808569689E-01 -6.4907801582687146E+00 -1.9926340998481498E+00  1.1353289940926119E+00  3.5343672551278096E+00
  3.3704982737217226E+00  2.0976946845464104E+00 -1.8414508975874225E-01  2.7696770915669160E+00 -1.1026423142847841E+00 -1.9533900503022197E-01
  1.9800485096134221E-01  1.0809931981762391E+00  2.5065585591232992E-01  8.3376089562479816E+00 -2.0477801997014335E+00 -5.1308880726201158E+00
 -7.0397533094132170E+00  7.3062574458794609E+00  4.3738227689545345E-01 -4.4181221073120529E+00  1.4456314798590881E+00 -9.0950937726585792E+00
  2.2732028380620706E-01 -2.3228241318111538E+00 -8.0905248058410848E+00  3.4269780477730050E-01  2.8346215616556208E-01  6.6994454740674481E-01
  1.2417477540802180E+00  3.3943689513024249E+00  1.0149316021033085E+01 -4.2911890126133230E+00  1.4277074518211117E+00  1.0925270044318369E-01
  6.4095256973900519E-02  1.0273605546064477E+01 -1.8962279287326462E+00 -5.6194629592233192E-01  6.9513488630127016E+00 -1.0866940371169493E+00
  6.4154686545763695E-01 -5.4855668246129985E-01 -9.6450468995853509E+00  2.0188390548055479E+00 -5.2669261215157759E-01  1.2217329012583149E+00
  7.4831059346835327E-01  1.4159308780598241E+00 -3.2069628410927624E+00 -1.1605786227462087E+00 -1.8247616818510684E+00 -7.0348064355624174E-01
  1.6253466004673747E-01 -1.1482066301683651E+00  4.0695842907138431E+00  1.4299179175227603E+00  4.6237941062007311E+00  7.8888433223391019E-01
 -1.7333354620200206E-01 -1.5158289923417387E-01  2.2609029334096833E-01 -4.3778866552454243E-01 -2.5176006308927419E+00 -2.2627159786620035E+00
  2.3789536477724580E+00  9.1516018185783521E-01 -1.7587189574409015E-01  7.1333019446197354E-02 -4.7963582922007572E-02  2.7958178886520888E+00
 -3.0714388683927072E+00 -1.2720390582651007E+00 -5.6253057064164218E-02 -5.0467410975943816E-02  1.5910174808534818E-02 -6.1108478519567404E-02
  4.0637910834432189E-01  2.9564400850280285E-02 -2.8387197357053118E-01  1.0628438443125277E-01 -1.0617241414567784E+00 -2.9124894676158447E-01
  1.7183956587659175E+00  2.6251287455158961E-01 -6.9284423358935240E-02  1.4303128235059753E-01  6.5270462028714449E-02 -3.0981163548996511E-02
 -9.6648875310393611E-05 -3.2975362551249116E-01 -1.5955528476202078E-02 -1.4501090516244795E+00 -4.6316690970239929E+00  5.5062513592452466E-03
 -4.8721355401604111E-01 -1.4935750714978152E+01 -7.3701871751298391E+00 -5.5540122917845003E-01 -4.7396740068815779E+00  2.1540943794786946E-01
 -7.0678224138168733E-01  1.5177356542876523E+00  7.0628507338289630E+00 -6.0500863042840920E-02  6.8416456848753071E-01 -1.1813084046659696E+00
  2.1409316746063434E+00 -2.9379973241028057E-01  2.8820718733537332E-01  1.6291873184559915E+01 -8.3550306646209673E+00 -3.4059910510559255E+00
  6.3143564032504418E-01 -7.3842851963522227E-01  8.7261431638539264E-02 -2.1496276786165826E+01  1.0106840196794565E+01  4.9111747309757927E+00
 -1.0836968183112277E+00  3.3594764481459299E-01  1.1315080232567538E-01 -3.1882342321842899E-01 -1.1624148311672815E-02 -1.4413137191522041E+00
 -2.0717192141151797E-02 -1.3167676009282475E-01 -6.4229200960507341E-02  6.9671634288523514E-03 -2.0389923834856499E-01  1.0149001981903123E+00
 -2.3998034755375706E+00 -2.7734857078303587E+00  1.0930363514381651E+00 -3.7234434922602155E-01  3.0127190182800447E+00  5.5626484550703506E+00
 -2.4478957045539254E+00  4.3140372444563624E-01 -1.2059557156168196E-01 -5.9866626172098247E-01  1.3409276098442310E-01 -5.9047020766046332E-01
 -7.4575452440929024E-01 -2.9441645421520524E+00  6.0646404736892934E-01 -4.8511241965831631E-01 -9.5870604630974388E-01  6.1347263615276926E-01
 -1.7240062242580807E+00  7.1226282225099293E+00 -9.9977478764707395E-01  3.4499624958988984E-01  2.5363495275798713E+00 -4.9209664164604294E-01
  2.1354360323009565E+00  5.9037204219765582E-01  7.7154093728285833E-01 -7.5039355911228478E-01 -8.3404663766284159E-01  6.7950225097423289E-01
  1.1900147570447503E-01  1.7836484040330405E+00  4.6868983781674523E+00 -3.6311893722284516E+00 -4.1196486517081665E-01 -1.0517448331544892E+00
  8.8243754106485051E-01 -9.2933982442850271E-01 -2.1455000792712231E-01  4.3899927398211872E-02 -2.1696899909887539E-02  1.5459114779037808E+00
 -1.1489747193901334E+00  1.3055777858028661E+00  8.0104351782430339E-01 -9.0940752248288181E-02  2.1361812125628477E-02  1.3083095510912551E-02
  9.8838230324095833E-02 -5.1384735697393082E-02 -1.6009061338539552E-02  4.8373514161127687E-02  2.4146839400215322E-02  1.0177700646051410E-02
  6.7246305410155638E-02 -1.0201504040080289E-01 -1.6451034918023999E-01 -1.9844526551451389E-01  2.5294522535028935E-01  1.0169820110830770E-01
  1.2276426236984285E-02 -3.8678355904530032E-02  1.6704496342141559E+00 -4.1318827250653972E-01 -1.6710072102970919E-02 -1.0032918773437585E-02
 -4.4531329051547033E+00  1.4013595343632477E-02 -1.4210851586529996E-01  3.5830051465089552E-02  1.9045820875944548E-02 -1.9707781633217909E-02
  3.1393359842372688E-02 -1.3670245615052101E-01 -3.0062444702495205E-02  1.3049538339541540E+00  6.7682589411196359E-01 -2.6343384055654334E-01
 -2.8978827188417872E-01 -1.7312670598467714E+00 -2.6452680417394303E-01  3.0185092296139920E-01  4.1751014458400887E-01  9.9559167676121524E-02
 -1.6277547991335504E+00 -2.8024973956042927E-02  1.1120305997296438E+00 -2.9958493295241850E-01 -5.6038081781200666E-01  2.9458448611504701E-01
  1.5053128865371140E-01  3.9094269807673741E-02 -2.7855685187531104E-01  1.7269599318674649E+00 -1.3921556001874453E+00  3.1489383017637429E-01
 -9.5275909959772298E-01 -1.4231378474723294E-01 -7.7903064244757525E-01 -2.4266221278803455E+00  1.8953894175737411E+00 -2.8885635685720157E-01
  1.9177890470356502E+00  1.5162391081025323E-01  1.6439649978178561E+00 -1.0250488248386905E-01  9.0511704891972689E-02 -1.2653138308552794E-01
  1.1849783519926212E-01 -3.3177607246542569E-02 -5.1345515889938846E-02  9.8937290623316121E-01 -5.7192738465250470E-01 -3.9310935149268128E-01
 -3.1912976892668615E-01  4.8266397335538996E-01  2.6106336237642802E-01 -1.1441665353429360E-01  2.6981399921564408E-01  2.0309123057884047E-02
 -2.5971554795289604E+00 -1.8048996406475395E-01  2.3647657695267107E-02 -2.6919865304964274E-01  3.2411801986403117E+00  2.7957573137363417E-01
 -4.1731724468345020E-02  2.0368170182577807E+00  5.4848687880021374E-01 -3.9290405129387238E-02  2.8599580439190203E-01 -1.0291373782172770E-01
 -1.0062523679334150E+00 -3.5102254664443644E-01 -8.0336252005632580E-01  1.3771206910035053E-01 -4.3862009947039032E-01  2.5902514960512152E-01
 -4.7852445607102023E-01 -2.5697023881806635E-01  4.7960617156820090E-01  1.2325340088689282E-01 -1.9592539981275348E+00  1.4990503137096234E-01
 -1.9952447201257155E-02  3.0229066661932491E-01 -6.1000495510938946E-01 -2.0331001662977904E-01  7.2200058964627170E+00 -1.2789639024129310E-01
  2.0399844705661162E-02 -4.4611100014605122E-03  1.2036474784735372E-01  4.9161913099520678E-03 -4.8414113218472270E-02  8.8716982584361760E-03
 -9.4762729978385609E-03 -3.5517875860278586E-01  2.8254176985097912E-01  1.8874399206412026E-01 -5.5910035755125168E-03 -1.0763796762397623E-01
  1.6478159040707904E-01  7.6759876534672911E-01 -9.3543495865587890E-03 -1.3934506761844661E-02 -8.9084220506684200E-02 -6.8469549116360204E-02
  5.9317014102985330E-02 -2.4549096587100753E-02  3.3815205216241168E-01  1.6655966801272032E-01 -2.4796392876713869E-01  6.5828004004532292E-01
  2.1439774643036300E-01 -1.6898432819730791E-01 -3.9521627363418804E-01 -5.6394377669336704E-01  3.4336403298241874E-01 -1.0936370806340885E+00
 -2.6136696779115404E-01  1.8553774829296840E-01  1.0753427256461994E+00 -5.5982012038910518E-02 -8.6859124369725135E-02  4.1319888478469159E-02
  3.2901828371115958E-02 -1.2911520024841451E-02 -3.5162423472940241E-01  7.5192773438647248E-02  3.3983414659359374E-03 -1.0566882504570616E-01
  1.4042139897248335E-01  4.2315387939976938E+00  5.1184228491515237E-02 -4.8397741081452589E-02  7.4238975648863004E-02 -2.2503451584029357E-02
  8.5648975380344921E-03 -1.5501839988829166E-02 -3.1725011816695475E-01 -1.4848155644912346E-02 -1.1652079207113912E-02  3.9138075497663516E-01
  2.2373242654470293E+00 -4.2088525349338307E-01  6.9201690164708979E-02 -7.0311758013458947E-01 -6.0363296044405210E+00  6.2769767331944526E-01
 -3.6752869153557126E-02 -2.9594325290001966E-01 -1.8110116866277220E-04 -7.2433273284322128E-02  1.8725292450556844E-01 -3.2695811938907610E-01
  1.2978262082626735E+00  7.6709876734757612E-02 -1.1382846446115640E-01 -1.8125192872202529E-03 -1.1360899216367132E-01  1.8827945679247471E-01
  7.9053018286567273E-02 -1.8671823185441106E-03 -3.8990971627474738E-02
ORDER     2 BLOCK     9
 -9.5629867190899209E-01  7.4681843634041254E+00  5.1416009444973439E-02  2.3902603620682719E+00  2.7035006635008507E+00  4.6575618806587071E-01
  2.4307554664129163E+00 -2.7382532668516704E+00  9.7224681363961152E-01 -2.2201362217458867E+00 -9.3582892937083013E+00 -1.3220232035916422E+00
  3.4197571886231439E+00 -4.9039666782269409E+00 -6.3345127853928176E+00 -6.1094699077129864E+00  8.2743095748203572E+00  1.0518367461101126E+00
 -1.3787014289361086E+00 -3.2783568037882843E-01  6.0192017756386614E-02 -1.5588498581438648E-01  3.6404213214929966E+00 -1.5602502826969555E+00
  2.0514153922667586E+00 -6.5224505196398067E-02 -5.6172627016527583E+00  5.7861771302549867E+00  1.1404805464245975E+01 -5.5998598780938460E+00
 -1.7527951886007083E+00  2.9811771166803441E-01  2.1570206009986181E+00 -4.7177602753478609E-01  3.3646642443762920E+00  1.7008357122738833E+00
 -3.5643061792934061E+00  4.2589467863830988E-01  1.7530906554869854E-01 -9.2162373981014412E-01 -4.5960919254790120E+00 -2.3309827914540659E+00
  5.2233722120783037E+00  1.1590055734386218E-01 -4.1932944007511325E-01  6.9518321556897522E-01  1.4693760466246847E-01 -2.9102069773970690E-01
  7.3614781246266536E-01  1.4278557414179077E-01 -2.1570166454394433E+00  1.6683666247163570E-01 -1.8037726394893763E-01 -4.4025380211560527E-01
 -7.5225527604303166E-01  2.1389459993938313E-02  3.6449076272361594E+00 -2.1458968712013352E-01  2.0470125800116074E-01  9.9062038588061851E-01
 -4.8626327946150148E-02 -2.9158998423679094E-01 -1.4922797719341788E-01  3.6363605502526271E-02  5.8731029251659306E-01 -3.7475328845219291E+00
  2.1157108489731893E-01  7.1630999960335159E-02 -8.7277447019434240E-01  5.0380902188593959E+00 -2.5210583117413893E-01 -1.6135408126516401E-01
 -3.6389329546367372E-01 -2.4426336935588347E-01  9.9803014941397275E-02  7.3343499846664739E-01  6.7026654133679493E-03 -1.0544592825706899E-01
  5.8480633208569444E-01  3.1354208625078228E+00  7.8924118751660954E-01 -3.9011584179300258E+00 -1.2404865973900334E+00  2.2460362282651836E-01
  7.7545509169030399E-02 -3.7889411037941156E-01 -1.5156335917901582E+00 -2.7546790311128189E+00  1.0257779007387737E+00 -4.0799177181933842E-02
 -1.2681614926117695E+00 -7.3972913802710405E-01  1.8225105601612070E+00  3.8340302275464899E+00 -9.4938963594080783E-01 -5.9677918530876228E-01
  1.0875004626884002E+00 -4.7628446180130929E-01 -3.1719355563955104E-01  1.6508692766404945E-01 -1.1395989038463368E+00  3.6318665313159809E-01
  1.9889666280748436E-01  6.0901197750438139E-02  1.7779122278223428E-01 -1.3261159716858295E+00  4.9535565974042450E+00 -1.5061887395381497E+00
 -6.7163659692083746E+00  1.4243437281289912E+00 -1.1021917049024785E+00 -1.3641250115652434E-01 -1.3867685950012976E+00 -2.9974051219105913E-01
 -2.1448232717798388E+00 -2.2778748347981281E+00  2.6244389842300961E+00 -1.1707833423108678E+00 -4.3792701453488497E-01  4.5970203067188442E-01
  3.1162120325185061E+00  3.2394970170384965E+00 -2.9321349557174021E+00  1.1308899857716752E+00  1.8624831902616529E-01 -1.2085478529797382E+00
 -5.5393704850867231E-01  5.3761804082080611E-01 -4.1976810319954594E-01  4.9641276000099638E-01 -1.1975170074040548E-01 -2.4797623854419363E-02
  1.5815715531631938E+00 -7.6948374262207919E-01  9.3063599625234694E-02  1.0179174310994823E+00  9.3187995141107838E-01  7.7984938104341983E-01
 -3.4562151207877057E-01  5.6940243981909278E-01  3.1248552471980631E-02 -1.6400865705786552E-01 -1.2272600058237442E+00 -1.0307734285820573E+00
  3.8563126472013481E-01 -2.0260821598298397E+00 -2.4174515403880811E-02  2.1719564729148405E-01  6.7450820798995795E-02 -3.4549837351328036E-02
 -2.1225434299472660E-02 -2.0373260875188121E-02 -2.5991641461535913E-02 -3.2655804831318608E-02  1.4037357358347729E-02 -2.0305526147922848E-02
  8.5857669119096827E-02 -1.4737105479976689E-01  2.4022031181759140E-01  2.8192359702676523E-01 -2.1205012525661651E-01 -3.9435920998803851E-02
  1.0097184487519360E-01  2.2165433731366365E-02 -8.4299436273549688E-02 -3.3802542447398061E-02 -4.3942245757405969E-02  1.4629365437369798E-01
 -2.1761347901737005E-01  6.3830248409917859E-03 -2.1534444070334355E-01  1.9112745300436926E-01  2.8403620745742680E-01 -3.2115584993264085E-01
  1.0446079071459577E+00 -1.2250826964233036E-01 -2.2983487201293815E-02  2.1819364924228462E-02 -1.1751696331927521E-01  7.8279965482592109E-03
  2.1619073589565785E+00 -1.1838070755354901E+00  1.5553805385096566E+00 -1.1997648148494409E-01  7.3163000735485384E-01  3.5808534414392272E+00
 -1.7920972758791454E-02  1.6737407007820895E+00 -2.1578533610212207E+00  2.2035811795616170E-01 -1.7343886572602019E+00 -5.8321985439204864E+00
  2.3797359755893310E-01 -1.7906418271132998E+00  6.6293842229977681E-02  1.8061449604861193E-01 -6.4914386542565455E-02  8.0117355415510266E-02
  7.2093682846042562E-01 -1.3731729863491779E+00 -1.5311440853366071E-01  3.1908180069232128E-01 -2.5196655775939819E-01 -2.7024602014620075E-01
 -2.7381247730216296E-01 -7.4237851176898444E-03  5.5074628683495297E-01  7.3973682687787957E-03 -2.2146350548318214E-01 -2.1554079877267887E-01
 -2.3601767130440152E-01  3.1221543261187340E-01  8.5339262670998769E-02 -5.8104791533430504E-02 -1.3522152640022242E-01  3.1135573137097144E-01
 -4.6029627304632031E-01  1.8354143141841823E-02  3.2997213028005912E-01  8.0116959712855640E-01 -1.6730468391753592E-01  2.7464191571246593E-01
  1.6133230270950999E-01  1.2963343718705899E-02 -6.8251017048804583E-02 -1.1400670654390588E+00  2.0906147875889991E-01 -2.7238795623713064E-01
 -2.2024312640044230E+00 -1.2047644222868146E-02  5.7879246167431321E-02 -1.3070749860698550E-02  5.6214772983764642E-02 -4.8165838183483467E-02
 -9.1041822167769702E-03  1.3086729914034128E-02  1.1305447503684707E-02 -2.6036079376458170E-02  3.2170331088593331E-02  1.8142855368701735E-01
  1.4416632624660713E-01  1.5878391357991112E-01 -8.4309154328772049E-02 -1.6278355574089276E+00  1.6363258111636650E-02 -2.7943155031664783E-02
  3.5011472336646900E-02  2.5661491961164828E-01 -2.3580587676502035E-02 -3.5026528379510952E-02 -1.8279567768749624E-01  1.9651613603330302E+00
  1.0802869901908190E+00 -1.9002104111199439E-01  7.6652648083360961E-02  1.1914462726242921E-01  1.9848192256887723E-01 -6.1333035163929788E+00
 -1.5758883589300281E+00  2.7050982152241315E-01 -7.9093846103888005E-02 -2.8882935451163222E-01  3.6864384973837300E-01  2.9138693498363046E-02
 -8.5986542194548854E-01  2.3022411976658868E-02  6.8619346165086831E-02 -1.8594721245938639E-02  3.0423213614076927E-01 -1.7054189665498534E-01
 -1.1936219625455789E-01  1.1521628576261041E-01 -1.2075457272148567E-01  2.6297444885216588E+00  4.3857840684618765E-05 -5.0656925083915887E-02
 -1.3170325816087233E-02  1.5848175939676173E-02  4.6258862209985763E-03  1.3049463732034097E-01  1.2724509998050656E-02 -8.7059666349794812E-03
 -7.7305771168816026E-02  9.0778098206649660E-01  2.3863428497087005E-01 -1.1607740354467746E+00 -2.7855365774725205E-01 -5.2887714878638116E-02
  1.9123769425376094E-02  2.3903485265056260E-03  3.7717602495551644E-01  2.9995947417784391E-01 -1.5706171273621776E-02 -6.5178022680733639E-04
 -1.3824517742279548E-02  8.0128350117523138E-03
ORDER     2 BLOCK    10
  3.7792882469695444E-01 -1.6087476729366226E+00 -5.0058314458844885E-02 -5.9044312848110292E-02  3.4184489110413354E+00  1.9409399822946811E+00
 -2.4949765530228594E+00 -1.4244931763691258E+00 -4.5944054277247109E-01  1.4113531136113386E+00  1.8819928961949530E+00  1.4073159985767980E+00
  1.0961493428538187E+00  5.4161116627797663E-02  1.5574124782867744E+00  3.4567632282716718E+00 -7.5965886941929961E+00 -2.5004452743107519E+00
 -1.7748047934318774E+00  1.5882212936923159E+00 -6.4319447925328871E-02  2.2782256415681137E+00 -2.6333182419287544E+00 -7.8190611313817522E+00
 -5.3802932065670328E+00 -3.5186421269849943E+00  3.0720860538683032E+00 -2.9407547817706498E-01  2.8321449713178365E-01 -1.8714750760514480E+00
  1.1541248943362971E+01  4.6664624096902827E+00 -8.7877366906134680E-01 -3.4444557224887404E+00 -2.3251341054870260E+00 -1.8304348147575560E+00
  2.8187186326328767E-01  5.2657571616554764E+00  3.2409282862485917E+00  2.4465464367622625E+00 -1.8601915874270913E+00  1.4012204268607753E-01
 -6.1035092828497783E-01 -1.7261436562845001E+00  2.6932053399189497E+00 -7.9374401792933869E-01  9.2017921623748566E-01  3.3311777381508931E+00
  2.1268738580254584E-01 -1.7447836418493565E+00 -5.2885207123169165E-01  1.6536782268092114E+00 -4.2553137328024054E-01  2.9538034436988247E-01
  6.2928817573254248E-02  2.6376942724837407E+00  1.2759088330743715E+00 -2.0861131765856866E+00 -1.3587477861286246E+00 -6.4900434539236185E-01
  1.1215456401362663E-01  3.9196783122196670E-03  7.4801996535651227E-01  8.4104822771861776E-01  1.0772706463354107E+00  9.8488197080106488E-01
 -8.9485553799588280E-01 -1.5694902171024838E-01 -1.8032190647183613E-01 -1.6876588003913989E-01 -7.6583519750889784E-02 -1.1504778780562670E+00
  9.9637179750581872E-01 -5.8209364744137626E-02  3.6904237696347703E-01  1.5082688958549317E-01  1.0167606632228376E-01  1.2835691131558269E-01
 -8.3036753612690528E-02  2.1685258965694168E-01  1.4505103515389564E-01  2.2093117514758884E-02  6.0487646919701910E-01 -2.7307593584819639E-02
 -9.3381551466396973E-01  6.8149028991376079E-02  8.5287178994334994E-02 -2.3947170873937607E-01  1.0183230162839072E-02  2.4293585328778632E-02
  3.8180924268207457E-04  1.2306904762326343E+00  1.7104929934826586E-02  6.8063668590190640E-01  2.0724060736006353E+00  3.2597127358212985E-03
  1.5851667577303257E+00  6.7077667960518417E+00  4.4482243854349974E+00 -5.5466390951380318E-01  1.9159430377488926E+00 -9.9683934666486007E-01
 -6.3592344275305746E-02  4.4926434092755610E-02 -3.7701994928570923E+00  1.3960227155365668E+00  7.8715865884911140E-01  8.8362761574326221E-01
 -1.4502796905939779E+00  2.6702272115083087E-01  7.4639371292858692E-01 -6.9089995520058993E+00  8.0720940131511654E-01  3.3816105838305375E+00
  4.9741744501974228E-01 -4.9423955902626016E-01  5.8399654245875662E-02  9.7997660207083808E+00 -2.0828076811397037E-01 -4.3162659479717558E+00
 -4.3197036551513812E-01  7.9720750286141351E-01  1.4771686543180690E-01  1.9952732828081457E-01 -8.8604810502937159E-01  1.6542811981191341E-01
  1.1381709920001525E-01  2.4651394760241119E-01  2.3289172614027931E-01  6.5299041615235187E-01  9.7328050274284172E-01 -1.2756461634336598E+00
  2.1794062145222863E+00 -1.3238861228179066E+00 -1.5903713093320198E+00  5.3094453598697833E-01 -2.9131259005392294E+00  3.6590447825072498E+00
  2.5198938822830796E+00 -6.7125524363710065E-01 -2.4886785251196047E-01  5.9346130665261931E-01 -2.3691656942056558E-01 -1.1719718034016473E+00
  1.7939254529144708E+00  5.3198243727501859E-01 -1.0350137189627666E+00  3.9478234977544024E-01 -2.5771929401033683E-01  7.1256345431318036E-01
  4.6116283237972094E-02 -4.3314428379500547E-01  1.3804131235728003E+00 -4.6725565638529920E-01 -5.2742223681088640E-01 -1.0550375307290851E+00
  1.4799043682844652E-03 -3.6653941392336638E-02 -2.0261372472307990E-01 -4.0883348009933029E-01  3.0392702999534826E-01 -1.7855857282543647E-01
 -1.1605608259464555E-01 -9.2969655765346060E-01 -9.1362487804933223E-01  6.0791363349708061E-01  2.5108288834314429E-01 -8.6509009273289028E-02
 -1.4207682113529185E-01  2.8362254573189133E-01 -3.7533017270950669E-01  4.1956081771250082E-04  8.4717159481829354E-02  7.0401927820152171E-02
  1.7852583142981518E-01 -4.9239184820250276E-01  7.8531061176898054E-01  3.1860147192469060E-02 -7.2683493608117322E-02 -3.7986903442887326E-02
 -1.1827635167848587E-02  4.0133880771707403E-02  4.2960673546293779E-02 -8.9094960580339833E-03  1.9094925520403323E-02  3.0497277361018548E-02
 -1.3217859140413077E-01 -1.9225996528304279E-01 -7.7549912371559686E-03 -3.7052293669332131E-02 -5.6636999392008135E-02  8.5397400421609510E-02
  1.4356279306814346E-01  6.4489778186954921E-02 -1.4472770692970824E+00 -4.4819389922516550E-02 -1.9385984362696218E-01 -3.9064473198233834E-02
  4.1628857105105457E+00  3.2951798652457009E-02  6.1479588086273414E-02 -3.3717467916504491E-02  4.6370861493478285E-02  1.0871622867632470E-01
  3.4661562474633367E-02  8.8585701901880420E-02  1.0311401576853804E-02  5.2732198137904163E-01 -4.1927416787646099E-01  1.8958794280868687E-02
 -3.8171761985444103E-01 -8.4071656530578387E-01 -6.2312270054980601E-01  1.3028049959725951E-01  7.1308076109315632E-01 -1.6641156927732725E-01
  2.0134238533750444E+00  9.8630146113452985E-02  5.9096223697873584E-01 -7.0369131089805714E-01  1.1585659732672096E-01  8.9500163890065529E-02
 -1.5364310808075091E-01  1.6196610363853746E-03 -2.2822211715060570E-01 -1.3674388894305116E+00  1.3697694029819321E+00 -1.2081633373454703E-01
  1.7080761287001192E-01  1.0840008969855196E-01  8.4249798292790579E-01  1.9070821986281543E+00 -1.8542644868631506E+00 -3.1620601818264718E-02
  6.5573311993474173E-02 -1.1791156066816799E-01 -2.7287612716244349E+00 -4.9278635913360064E-01 -1.7342392821040042E-01  1.3371980122918348E-01
 -1.1361811767137187E-01  1.0452376966096064E-02 -1.0708921996890988E+00 -1.5851870494714224E-01  2.1420873625201109E+00  4.2359334625880807E-01
  7.0892952038761614E-02 -4.3800382351900985E-01 -1.7353270154514583E-01  8.6529466959031839E-02 -2.9253145295255784E-01 -1.6088262114373800E-03
 -1.8295893176750327E-01 -1.1026967028664396E-01  1.9156090114694591E-02  9.5548933530463764E-01  8.6288785219837433E-02  2.4026654829043101E-01
 -9.0077087072630527E-02 -6.4463118605191452E-03 -3.7692236226495368E-01 -3.6397163990568826E-01 -9.9037173385259900E-02  2.6465562348773980E-01
  9.7695561986500834E-01  1.2017824870625972E-01 -4.5414364079651437E-02 -1.7017029069208395E-02  8.9956613224705073E-01 -2.1055007142552459E-01
  4.2218593611283139E-01  4.7670845495337077E-01 -2.4000098876781575E-01  1.1662948857592079E-01  6.2819216268160749E-01 -8.0532281805972498E-03
  2.4635646151900833E-02 -6.7152959069717566E-01  1.6554155838596690E-01 -2.4530678603996495E-01 -2.3683826923003175E+00 -5.7714289462350533E-03
 -2.4399270908327678E-02 -8.6797133010511465E-02 -3.3544887061069874E-02 -3.3464416058707779E-02  9.0970242669952978E-03  3.5137250069290798E-03
  2.9543471221528056E-03  3.9220727977285735E-02 -1.1332183870813906E-01 -1.4852332277735994E-01 -5.7160310154409082E-02  8.1751199208361047E-02
 -1.9026163061358375E-01 -8.0381727943539427E-01  1.2307658572957137E-02  1.0165085535780662E-02  1.2050100678541488E-02 -1.0945034471084143E-02
  1.9594245944839210E-02 -1.3646246013625940E-02 -2.0523205200668426E-01 -5.5613599343176761E+00  8.6899942448713452E-01 -3.9760879588860831E-03
 -1.0408146161630673E-01 -3.9909892330295273E-02  1.9822291226258160E-01  1.5206902798180010E+01 -1.2148718918347956E+00  4.2815039354602621E-03
  1.6946555805718172E-01  6.9544464241656986E-02 -2.4460179522474740E-01 -1.4692268293750776E-01 -1.5383080636536178E-01 -4.1951811050497112E-02
  6.2296865758151534E-02 -1.0695671374427966E-01 -5.5794077589319158E-01  8.4478709783129979E-01 -3.2587728121516252E-01  2.8677002711938410E-01
 -1.2566152564927999E-01  1.1310293797544047E-01 -1.0468715129594564E-02 -3.1271397046857836E-02 -6.8587696106285706E-02 -3.4070147834433170E-03
  1.0837567377296705E-02  5.1206251003940037E-02  4.9995215726218893E-02  5.5633093331903935E-03  7.0781674572372496E-03 -1.1716833707708309E-01
 -2.7785715478621551E+00 -2.2624560233456676E-02  1.3498945825222200E-01  3.2711260999879982E-01  7.4241383383300814E+00 -1.0072766024646734E-01
 -2.0273925690460254E-01  1.6391946394883269E-01 -1.1861542690346866E-01  8.0680810142083240E-02  7.6692851777508264E-01 -1.9248018264525502E-01
  1.0934280548223778E+00  2.1317656524099445E-02  3.0266479039658414E-02 -2.7803429723788431E-03  9.5645565634713187E-02 -1.2796199974657729E-01
  7.3413829377040496E-02 -1.0190135105784575E-02  1.7075288059214388E-02
