SURFGEN.GLOBAL Hd COEFFICIENTS FILE V:2.8.8
high order tester                                                                                                                                                                                                                                              
ORDER
    2
COEFFICIENTS
ORDER     0 BLOCK     1
  1.5265586392673516E-01
ORDER     0 BLOCK     4
  1.8761949404675443E-01
ORDER     0 BLOCK     5
  6.9054318475975679E-02
ORDER     0 BLOCK     8
 -4.2828245893086292E-01
ORDER     0 BLOCK    10
  5.7645319880891679E-02
ORDER     1 BLOCK     1
 -6.5380501267160140E-01 -9.4375056976333949E-01  6.9479876865181545E-01 -2.8630668285413496E+00  1.8611301997841614E+00  1.5782905209182876E+00
 -3.1321090156955855E+00  6.7829250710814124E+00  5.4127464524221980E-01  7.1777626011236706E-01 -7.8972747597226917E-02 -7.5914674902083146E-01
  2.5223931359130958E-03 -2.1237702515993034E-01  1.3919594711954553E-01 -1.3030124325776379E-01  3.8263432771565992E-02  1.3452144271132579E-01
  2.3958049664752464E-02 -5.4929878223843198E-01 -4.6297467527163688E-01  9.1738011306046008E-01 -3.2371647172813662E+00
ORDER     1 BLOCK     2
  1.3896242474087458E-01  6.0771065377963011E-03  2.5740521741225281E-01  8.2081729039894891E-01
ORDER     1 BLOCK     3
 -2.7920390181067338E+00  9.8309362338925299E-01  5.0748679012333646E+00 -2.3349657523894316E+00 -3.4641069165999577E-01 -6.5109544097401037E-02
 -8.8060451737533713E-02 -2.6635527140262658E+00  3.4896928839232122E-01 -1.7003815387709556E-01 -3.6200217594357925E-01  1.2391805165126688E+00
  1.0909047749406264E-01
ORDER     1 BLOCK     4
 -1.9738803157152110E-01 -6.8381121581919627E-02  9.7984567995923144E-01 -3.6405339586783176E+00  9.7808524212064041E-01 -7.9315865397692753E-01
 -2.5531278593093218E+00  3.1535340949865840E+00  6.8374559079989872E-01  3.7533937815192008E-02 -1.4049183895360706E-01 -9.8045584764780991E-01
 -4.0809555814239301E-01 -2.3290121914869333E-01  1.4407007520650547E-01 -1.1707105847377598E-01  1.5461049407792268E-01 -2.8266840048296543E-01
  2.7483151516590520E-01 -4.8686502447394636E-01  1.0412075845550992E+00 -8.5426039134285958E-01  1.5229316010821625E+00
ORDER     1 BLOCK     5
  4.9260961069690623E-01 -1.0335846021295261E+00  5.9376173417962486E-01 -1.2723129273123381E+00 -1.4259330175439788E+00  2.8966220595547045E+00
 -1.0692794703127750E+00  1.3780876458549458E+00  1.5530770063221757E+00 -6.3994534775401990E-01  7.4757390977597801E-02  5.2672148566834098E-01
  5.1949166790418855E-01  8.1525334226152574E-02 -2.6385836101642535E-01  1.1698556614686824E-01  1.8125179905186425E-01  1.9247440249407530E-01
  7.4701172974955040E-03 -9.3147847039635756E-01  3.2977834134076084E-01 -3.0571877393490303E+00 -3.9219403737220043E-01
ORDER     1 BLOCK     6
 -1.3166576778243413E+00
ORDER     1 BLOCK     7
 -1.1320646234023114E-02 -9.1031302087930064E-03 -3.6327096884920063E-01  2.1738537307734918E-01
ORDER     1 BLOCK     8
 -2.1397185933262581E+00 -1.0348498659453407E+00  7.3952424675167147E-02  2.1515935777048938E+00  7.3779627611522027E+00  5.7904702500322109E+00
 -3.2556711096078121E+00 -3.4923097150901308E+00 -1.4943028867237986E+00 -5.3998098166792907E-01 -1.4231681045189848E-02  3.5255698240702621E-01
 -4.6172009993733160E-01  7.2476115224110105E-01  4.6749254064734119E-01  4.0022537736504143E-01  2.0498116956926909E-02 -1.3852537618352606E-01
  1.3757464259497942E-01  1.1061139689819877E+00 -4.7460431624275523E-01 -2.2311453955392331E+00 -7.7383949208880609E-01
ORDER     1 BLOCK     9
 -1.2530528152130334E+00  8.4687289626182249E-01  3.0335471265923459E+00 -2.1833546979445626E+00 -5.6434158120942035E-01 -1.0867723578053093E-01
  7.7403768884796509E-01  6.4419298990815699E-01  1.4425803662348760E-01 -3.8865081790766265E-01 -3.4184883541949312E-01  7.2893459165091412E-01
 -1.3576432943981529E+00
ORDER     1 BLOCK    10
 -7.7863177596001720E-01 -2.1570693997500410E+00 -8.8727626129614967E-01 -4.8518231311963211E-01  9.1381459013686706E-01  3.6477683943468731E+00
  4.2495940734673079E+00  4.0912025658601409E-01 -1.0965194143590222E+00  1.0301431054657193E+00  7.7955327955563411E-02  1.2442335797412801E-02
  6.6963722628194977E-01 -3.0012258628759825E-01 -2.0892533366034488E-01 -4.0472717943864867E-02  1.0144516969622365E-01 -8.2328208351753418E-02
 -7.4703315889811578E-02 -2.4656668641133722E-01  3.8659594310518963E-01 -2.5305311404632524E-01 -6.3580838188360511E-01
ORDER     2 BLOCK     1
 -1.8027761463495333E+00  1.3232268634056710E+00 -6.8019390278601910E-01  1.1388729603258891E+00  3.4971498118395428E-01 -1.7147132656270121E+00
 -6.0146538051276947E-02  1.5181202921352293E+00 -2.8393317131893903E-02 -1.4358982121343711E+00  2.7256834640081973E-01  4.3114513250947384E-01
 -2.1593235632102994E+00  1.0900975823645067E+00 -1.5140042388057535E+00 -7.3718253577848036E-01  1.5660071052335369E+00  2.4143036137151377E+00
  2.8247970130831752E+00  1.3398633644948972E+00 -6.1152215884257399E-01  4.7774310965561551E-01 -6.6913491728538022E-01  8.1890802029687826E-01
 -4.0683213187251116E-01  1.9793016471154077E+00  1.6008653056362627E+00  6.1928343244157191E-01  2.3066625731133283E-01 -1.4526824844889050E+00
 -2.9232326286637784E+00 -2.7531892325620051E+00 -3.4606242804369005E+00  2.4934980525762325E+00 -3.3615661171678290E-01 -3.6754935425445479E-01
 -8.8776905149465846E-01 -4.5114021221667615E+00  7.4188768803323046E-01  1.4650206892154347E+00 -1.6397837787698164E+00 -1.2921739726128220E-01
 -5.4379373092443964E-02  2.8589017374027403E-01  2.0982287908268167E+00  5.5637837792211287E-01 -1.2374508386742313E-01 -7.5707250669855974E-01
  3.6291673286154491E-01  4.9766309149642879E-01  2.5208853393998265E-01  2.3467786628204304E-01  2.2659283618933096E-01  4.0951646084656546E-01
 -2.4295633402310307E-01 -8.3587151296842599E-01 -1.5555304156352479E-01 -7.0807390939147674E-02  2.5357515205542491E-01 -2.9524045547443856E-01
  2.2346467100086595E-01 -3.1005962524978775E-01  6.9172542348542487E-01 -3.2468808209793504E-01 -1.9754868476999095E-02  7.1566814963869263E-01
 -8.2803059985649075E-01  3.1354389602297578E-01  5.2437704304664177E-02 -5.0184149606323676E-02  1.5165822299605525E-01 -1.1126797324372131E+00
  1.2014590807764800E+00 -2.2335547552338791E-01 -5.1872981704321454E-02  6.7253533243884875E-02 -2.1222059785562009E-01  4.6761478075503807E-02
 -3.3252414318426121E-01 -1.3095252703304103E-01  1.0726065562265745E-01 -7.0313578314946487E-02  1.4197000877941683E+00 -2.3300329177277260E-02
 -2.1489932386834103E+00 -1.8021793806627880E-02 -2.3990866331763804E-02  7.3980338292690212E-02 -3.3864354803873176E-02  3.9906510582715451E-03
 -5.5538880567317735E-05 -1.3069258794116241E+00  3.6649435812678183E-02  2.3054488295183884E+00  1.2894799775227170E+00 -2.3626102623232108E-02
 -1.7665191503406590E+00  1.3227758106706906E+00  1.1653406295089379E-01  4.4651115300630844E+00 -1.3685125315599438E+00 -1.2454764923885307E-01
  4.4177741047962626E-01 -5.7272781439803486E+00  1.3437488867645866E+00  2.5035112092627121E-01 -9.1459863368431438E-01  4.7575737263854134E-01
 -8.3978041879326237E-01 -1.3450402064784142E-01  6.5187359178757653E-01 -4.9671572624926108E-01  4.8092065136697726E-01  1.7118179689312327E+00
 -7.4275720301891279E-01  9.8673252871662298E-01 -1.3154867703058057E+00  1.3753096641404563E+00 -1.9022625326461462E+00 -3.4684373808982523E+00
  1.3105639756550089E+00 -8.0743018241553355E-01  1.2350835689820163E+00 -2.3196728263274680E-01  6.2422436431991413E-01 -2.1688069404101173E-01
 -1.8536198321983302E-01  1.2631296734012123E-01  2.6374529945322699E-02  1.3143166360036343E-01  3.0456196249512990E-01  1.3465124710921439E-01
 -4.7237405898372820E-01  2.7812847191236806E-01  5.3353454443770221E-01 -1.7465421058911834E-01  8.2081138153056454E-01  2.0144632026422231E+00
 -6.8164296360539756E-01  7.7119775113860714E-02  3.9308289747217373E-01  4.0123725186328459E-02  2.4372090037039673E-01 -5.5067161128181552E-01
 -9.9256887846183151E-01 -1.0544576199241202E+00  4.4689908803311462E-01 -2.7802358079179168E-01  9.8557701549935173E-01 -2.1516680894747409E-01
  3.8710036490395971E-01  1.1669342835831522E+00 -7.1519254253333575E-01  4.9484416432214517E-01 -1.6673771503126387E+00  2.4249218113747351E-01
 -4.8588400008275073E-01 -3.0181011015039488E-01  8.0297284990607343E-02  2.7798802398823685E-01  9.2600607468443258E-02 -3.1642020728307851E-01
  2.8964511101874352E-01  1.0603592673469719E+00  5.8745288539983864E-01 -6.5606067920534961E-01  6.0538549640140965E-02  5.6565221412341382E-01
 -2.7345435377120547E-01  2.1964561460918683E-01 -1.4843001594658261E+00  6.3915518934560447E-02 -1.6229550698432123E-02 -7.8537851262601421E-01
  3.9939832458248764E-01 -3.0312335302540061E-01  3.7511661008058370E+00 -6.3721993579824276E-02 -1.0914999460944272E-02 -7.3608549096445541E-02
  8.1182091662225109E-03  4.2345407650579141E-02 -1.7343591678438307E-02 -7.1879453784739714E-02 -4.4278406531890933E-02 -8.8283490751282431E-02
  1.4097494110092172E-02  2.0055724669301603E-01  4.7135758104115896E-02  1.0999136207684111E-01 -1.8594542949130977E-02 -7.1463103873735015E-02
 -1.3287746618052593E-01 -5.9732071093316866E-02  9.4414218136754866E-02  1.2413956178027996E-01  2.1442110236551251E-01  6.0083759967464054E-02
  3.8606404160545182E-01  1.9250131256473478E-02  3.0825583823460824E-02  8.5631565573469279E-03 -1.6311807701235416E-03 -1.9445436520553867E-02
 -1.7192970065826669E-02  1.2747482051956389E-03  4.7129264054685399E-03 -6.1202319571842945E-01 -1.1908516764165811E-01 -2.3186653010352776E-01
 -2.4926317449083774E-01  8.7390545799877528E-01 -2.0887352135540455E-01  3.3620153947662823E-01  8.5422794483367082E-01 -1.8272180350971952E-02
  8.7934835972901992E-01 -4.4398692875428351E-02 -3.4380512979287781E-01  2.8641230967809245E-01  2.1128439386076450E-01 -1.4763643592432285E-01
 -2.0656031292154600E-01 -8.3310499721395963E-03  2.1526410416821884E-01  3.2176937009540546E-01 -5.4574124021131132E-01  1.5888116154291132E-01
  4.6146304518722625E-01 -2.1070007577221164E-01  3.2546634554829290E-01 -4.6288934414184812E-01  7.5342652166800639E-01 -2.2550545608974218E-01
 -7.7024097496494093E-01  3.0520293351060479E-01 -4.7396420506228204E-01  1.6571521265897111E+00 -1.2501723260834477E-01  5.4662783496585439E-02
 -5.4030110790653708E-02  6.2607568925509977E-02 -8.6594637954820794E-02 -3.2041352347098251E-01 -5.9828054673256426E-01 -1.0093304917041235E-01
 -4.0375599250338937E-03  7.6656415710185208E-02  5.0981708159755383E-02  3.0826921228656275E-02 -1.9507086561711065E-01 -1.4340199424129610E-02
  1.1205344759437690E+00 -4.1517365313751109E-01  4.4431644362154507E-02 -3.1118899328386052E-01 -1.3023350069575099E+00  1.4315398712831157E-01
 -4.6904030565489883E-02 -3.5566477929263240E+00 -3.7869232523701397E-03  2.6022346732959495E-01 -7.2696263873976305E-02 -2.7429897061042585E-01
  4.5699350391778598E-01 -3.8619377588909126E-01  3.4132110596632959E-01 -4.8855291160493905E-02  4.7008469140947046E-01 -1.3420502125721559E-01
  4.7717286729904732E-02 -6.0003207281149828E-02  1.2864934474080800E-01 -1.4859030689221556E-01  9.8052103418653902E-01  8.9489776061979012E-03
  5.8000304568935165E-02  5.0217614808690282E-02 -1.0014016935771643E-01  2.4479491849648893E-01 -3.2544502744696198E+00 -1.3696723376301479E-02
 -5.8952550947811502E-02  4.0981683356327001E-02 -4.6485633522525951E-02 -1.9307440975012798E-02  2.2172546553660379E-02 -1.1891641608418657E-02
  7.1387955888198712E-03  1.1143946336385127E-01 -1.9039800482484473E-01 -1.8913180557237802E-01 -2.8689985326425142E-02 -4.5228069876656937E-02
  7.0159327308587649E-02  7.3191114115755906E-01 -2.1844642756929855E-03 -5.6401655670134422E-03 -1.2847645257165827E-01 -1.1547692520752513E-01
  1.3813480615769766E-01  2.7871076983285149E-02  2.7829013562640292E-01 -3.5790202618526115E+00 -6.5465987073963472E-01 -8.5331176716336596E-02
 -1.2411648567369998E-01 -1.2451879696869050E-01 -2.9485264386899246E-01  9.4792997659416240E+00  9.4057532517999087E-01  1.8529724384123536E-01
  1.5279984742249664E-01  1.6309231681492550E-01 -5.1869566215231577E-01  7.2241207197217813E-02 -1.2517291768261496E-01 -7.9749612630028666E-02
  3.5185545960662069E-02 -6.1055034421526558E-02  1.6037198589833454E-01 -1.2826265949749252E-01 -6.6176405124533280E-02 -1.1652668043256786E-01
  1.6924729203456720E-01 -1.7155470310702401E+00 -2.2509949876746798E-02  3.1662206767873166E-02 -1.1319827601370848E-02 -2.2196800991824872E-03
 -1.5719853000530384E-02 -7.9430663291823501E-03 -1.0141041693570517E-02  7.6689765285343544E-03  4.5996536870247465E-03  4.8414136580115397E-01
  3.7606323501291934E+00  1.4867474935949218E-01 -2.1753490301913783E-01 -7.1329380436369927E-01 -1.0330998636015124E+01 -1.6634377361461927E-01
  2.7697382506649254E-01  5.2441289482538242E-03 -3.8659098059644126E-02  2.2610844829160967E-02 -1.2233136959823257E-01  2.0791737483571654E-01
  6.1466136432391387E+00  4.5405937372654886E-02  3.7207323043281094E-02 -8.2476586892854498E-04  2.4878363540298820E-02 -4.6185192591276202E-02
 -2.8737022762162591E-02  1.3588579027307134E-02  4.6270897704218366E-03
ORDER     2 BLOCK     2
  1.8866251380939381E+00 -2.1806465248051485E+00 -1.9092010029381354E+00 -1.3565553398122737E-01 -3.4997353356371979E+00  3.9942866087372955E+00
  1.6608190685836191E+00 -8.6009298851818378E-02  1.8946562806070055E-01  2.5480125158114014E-01  7.4677437721680862E-01 -5.3482562213307418E-02
  3.5384872482244499E-02 -2.5901099607156465E-03 -2.2285322165084012E-02  6.7187455080219990E-02 -4.3673256065365151E-02  9.7778860659431758E-04
  2.9922363875163307E-02  1.8036055289584737E-02 -1.5138485639858465E-03 -5.6940236027856993E-03 -2.6681900468212427E-01 -9.3423361297046226E-01
 -1.0674509069070981E+00 -2.6349034877360289E+00  1.2634867220758977E-01  8.7089687036748198E-01  1.3594286408223477E+00  3.0749337482611576E+00
 -1.1079580457971503E+00 -1.2385135582384483E+00 -5.8306208478064836E-02 -2.3515082147349942E+00 -2.2685637421685469E+00 -1.0416427173363203E+00
 -1.8569199201306913E-01 -3.8790843994120117E-01  6.3865943120224600E-01  2.3009794252741518E+00  2.5903608813198358E+00  2.9069529419703630E+00
  2.3513152895371495E-01 -3.6701541280384872E-02 -5.7303264602265791E-01  1.0903593505140923E+00  1.6888321094140299E+00 -1.1684100264320235E-01
  2.9062618380019717E-01 -1.8358697316529082E-01  1.0962584623874505E-01  2.1937155096994601E+00 -1.8277248302972036E-02  8.9102472892851425E-01
  5.3899812636584132E-01 -2.2606909241514410E+00  6.2911396769585154E-02  2.5249837103822097E+00 -3.1857818259036186E-01 -1.3506015463058731E+00
 -3.9063765718677562E-01  1.0662533279239975E-02 -6.5735007448570693E-01  1.0324341337735794E+00 -2.6878488294069397E-01 -2.5756540188290825E-03
  1.7825102777437407E-01 -7.2925868087023760E-01  1.2823046235347866E+00 -4.7443802528703539E-02  2.0921289505060653E-03 -2.5232679559666696E-02
  1.4787238544889969E-02 -7.2228536533806190E-02 -1.8317430070111884E-02  1.1511150231789111E-03 -2.4583408595778053E-02  2.3728765197627351E-02
 -2.1148627766365802E-01 -1.8252494631641209E-02 -7.3398353034463681E-01  7.0627580554017549E-04 -1.0815396573795050E-01  2.0756518199682633E-02
  4.2812966339413938E-01 -1.0842149783858992E+00 -5.9833117912847300E-01 -4.1331606248841624E-01 -3.8978499338678772E-03 -6.5969463851204624E-01
  5.8836868915038043E-01  1.7980831580494461E-02  1.8289510075252140E-04  4.5335778969436157E-02 -1.4221481680621184E-01 -8.0496999655378362E-02
 -5.9533789271881056E-02 -6.5186075748880773E-03  1.2652286350994393E-01 -3.4581728182561139E-01  3.5112934254813472E-01 -1.8031790517882099E-01
  4.9700123159233302E-03 -6.4376844905543429E-01  2.6195292046561569E-01
ORDER     2 BLOCK     3
 -1.6651308534216365E+00 -3.9207735147891336E+00  5.3556215658458750E-01  2.0416575323798525E+00 -1.5952305897809457E-01 -8.1382733493442172E-01
 -4.7736163659654469E+00 -5.8517115916399289E+00 -1.0351956277533854E-02  1.1420511921713012E+00  4.1226132504638704E+00 -2.8493724018416194E-01
  2.7319379518657905E+00  5.2141777880430400E+00  2.8776127476742510E+00  2.1929633142518026E+00 -1.0608545398915514E+00  5.7865253927092031E-01
 -2.1984262349924020E+00  4.7164036160100462E+00 -1.8241404122109778E-01  1.1038888167884522E-01  4.5243567982728985E+00 -2.2123817818260556E+00
  2.9380342829935047E+00 -1.2610822949753473E+01  5.9831118343256886E+00  6.5327452532853449E+00 -5.4150859927680983E+00 -5.2732535346876910E+00
 -8.6201226090602456E-01  2.5477686550375422E-01  1.5453936675585578E+00 -4.3828452244595063E-02 -2.3540650943326176E+00  1.8706629559545989E+00
  1.8859702788605033E+00  2.7534111129268579E-01 -8.7909844837262796E-01  1.5113353085051079E-02  3.6464217356129072E+00 -3.3177952343633872E+00
 -2.3051173499068178E+00 -7.1638276251870003E-01  1.0226061199666521E+00 -2.2897010983500693E-01  6.9347110234603482E-01  9.7411756008229344E-01
  4.5117356475626552E-01  1.6262224708284985E+00 -1.0870913698435498E+00 -4.2037439630981298E-02 -1.2844462279543836E-01 -9.3749218286490443E-01
 -6.6521567416731198E-01 -2.5492309946711629E+00  1.3936730149392227E+00  2.9400628417361203E-02  1.5216353350800146E-01  1.5013555267421985E+00
  3.2687263519625087E-01 -1.9860132096940905E-01 -2.8801352966153432E-01  1.3503243603208026E-01 -4.2003452571259536E-02  1.1056531008295567E+00
 -7.1124077312865065E-04  1.2949024358959185E-01 -1.9978889306748912E-01 -1.4872327627761130E+00  1.5196390753349079E-01 -2.3309640958739150E-01
  1.0134725301075449E+00  1.0557537946770110E-01  2.4950877807243152E-01  1.0900476892242699E+00 -1.6112469176078118E-02 -1.9925233008817524E+00
  1.2472594530262053E+00 -1.1210833719694726E+00 -5.5372937622021182E-02  1.5610063421691509E+00  2.0844345186923915E-01 -3.6711223987386743E-01
 -6.8567434249297496E-02 -3.7274487047464840E-02  6.3796852695592010E-01  8.5602767923709477E-01  5.1167415562435679E+00  2.8597012121253282E+00
  2.1809111112082175E-01  3.6006035446244350E-01 -5.0259516670610682E-01 -8.8790021346604309E-01 -5.2032906728183477E+00 -2.7747284717740417E+00
 -6.0507876337027200E-01 -1.5875409383546231E+00 -1.5288962054529598E+00  1.4175505095943315E+00 -1.6195037327807249E+00 -4.9680287170591968E-02
 -1.7596787261513473E-02  1.5282373742720864E-02  6.1706970635788227E-01 -6.5893182661934635E-01 -1.1187921226044000E+00 -4.1134064535892079E-02
  1.8606290926860090E+00 -1.9622379099584922E-01  1.4223560367906438E-01 -5.5800704328431106E-01 -8.5954509696265866E-03  2.9827341734679567E+00
 -2.9478788868590176E+00 -4.1828283903308289E-01  1.1127614215071664E+00 -5.6856747362157201E-01 -1.3227875048909832E-01 -1.5735060312072950E+00
  5.7718359319585648E+00  6.5612570289265637E-01 -1.9355771921620766E+00  5.8242389022851859E-01  1.2465376697908571E-01  2.5259353053960085E+00
  5.4648674998238264E-02 -4.0843800009659675E-01 -1.5501035925398043E-01  8.7393414450526799E-02 -1.9470796307055024E-01 -1.8649769892612206E-01
 -1.8087050103788643E-01  8.7851884585051043E-01 -5.3163126972148156E-01  2.2037040226880400E-01  1.2003521706329659E-01  9.3624916436604966E-01
 -5.4175466530076255E-01  3.7849995157764775E+00  2.4380320450708700E-02  2.5017718183329051E-02 -8.6270540608728019E-02 -1.2938156279355451E+00
  7.7328873574585999E-01 -1.0235859438702953E+01 -2.1154463944602839E-02  3.2023054049770294E-02 -5.0100341551812576E-03  1.0503270647287559E-01
 -1.0771554402939108E-01 -7.8056253633997444E-02  5.4440119236941920E-02 -1.4269083530818009E-02 -1.4324203300257257E-01  3.0941037403592487E-02
  2.6188624609064588E-02 -7.8789417532916309E-02 -1.4149857353889738E-04  1.6429961637959167E-01 -9.0479761509697942E-01 -8.3443432435429329E-02
  1.3200967321610968E+00  1.1801875052773084E-01  4.8148024005870378E-02  6.5316078129919339E-02  4.4485180298479296E-02 -7.1892088379841887E-02
 -1.6031239806690478E-01  1.0539352139584988E-02 -8.2816134704314315E-01 -1.4681725834393851E+00  1.3077084971341653E+00  2.3988035066421278E+00
 -1.2853567373827959E-01  2.5103111864800065E-01  4.2364936345384172E-02  6.3727532541876031E-01  1.8918188302284492E-01  2.6738301286908558E-02
 -2.3272752584954421E+00  1.5678118044141084E-01 -9.3110266456964241E-01  1.8442381494002185E+00  2.0224229293751804E-04  4.3926175229628193E+00
 -2.2999138087577045E+00 -1.7060414545819744E-01  1.2432187430309520E+00 -2.9326648118030594E+00  3.6523098340589227E-02 -7.3721252348307953E+00
  5.2840823679188487E-01  4.1136100967532807E-01 -2.4371756376650616E-01 -1.0614359788283988E-01 -4.6920788964626703E-02 -5.3617983725160030E-02
 -2.5743083868632094E-01 -2.7206500819457435E+00  2.6756748135088798E-01 -3.6567410456069416E-01 -3.5637492925121450E-01  2.9696121435588535E-01
  3.9268798602154592E-01 -2.8801383080671435E-02  7.0644064821914154E-01  3.4169716098391995E-03 -1.4513600377437891E-01 -4.1500409888559492E-01
  2.0415119608226601E-01  1.6848628683801709E-01  1.1586135342276346E-01 -1.8965148481312973E-02  2.5038387577298615E-01 -1.5205316696338020E+00
 -3.7037358633655607E-02  6.8409498238539363E-03  4.0878058485799162E-01 -2.1132907007614360E-01  8.7368064944381832E-02 -4.5896280107836257E-01
  4.9289781794368914E-01 -1.8354806312432279E-02  7.0951052555484992E-02  2.9780986868036941E-01 -8.1542228149148577E-02  6.6347835512146403E-01
 -1.7063578388716207E+00  5.8042574029358012E-03 -9.0268619689256646E-02 -5.1442812441514357E-02 -4.4475582763296009E-02 -6.4054100037180345E-02
  8.3592284223904818E-03 -6.3433787566587281E-03  1.2925470893727682E-02  9.6710293509480100E-02  1.6608365797788606E-02  9.3723668353113791E-03
 -5.0327510368588964E-02  1.4856127131001235E-03  7.1574136481501238E-02 -2.4513419955691922E+00 -7.2026330621519788E-03 -3.8800045845129539E-03
  1.3266222259219350E-02 -5.7848204217130508E-02 -4.6018339376756770E-02 -2.3339366312251229E-03 -3.7061509616456439E-01  6.1924386797393205E-01
  5.0956916351420023E-01  7.4131372982624122E-02 -3.8011356768178467E-01 -4.9734810941076252E-01  5.4601443750658796E-01 -1.3788483679097796E+00
 -7.2693125359049882E-01 -8.4113277512416096E-02  4.2265655344564118E-01  6.5216147886373632E-01 -2.4047422610189015E-01  1.5516397248635322E-01
  1.8425322009329756E-03  1.3149138459349377E-01 -1.9172026675819809E-01  1.3603153298055357E-01 -9.1914005257374594E-03 -1.9235478344961685E-01
  7.5009531574204014E-01  4.7672227736433335E-02 -8.7486092322742140E-02 -3.5211853337820731E-02  4.8850418085134566E-02 -5.9202040845230446E-02
  8.8131467005140463E-02  3.8345564666975911E-02  2.1948566983510834E-01 -1.8199657014256293E-01 -5.3743491586370803E-02  1.4286483296001028E-02
  9.6985685050605779E-03  3.1386295414851084E-01 -1.4801377000996438E-01 -4.5191756067368111E-01  9.3621514472208525E-02 -1.8939327671223412E-03
 -5.5779902548722317E-02 -6.0572174730394168E-02 -7.8489408908743119E-02  1.3059359513591787E-01 -4.8535236856880083E-02  2.4321565580723355E-02
  5.0274148032363169E-03  3.7709734624658868E-02
ORDER     2 BLOCK     4
 -1.0976217106006230E+00 -4.2784520815704241E-01  1.5969540710569860E-01  1.4049702468038086E+00 -9.1988338089573990E-02 -1.0242875685171708E+00
  1.5221002569621715E+00  1.6507028195073095E-01  1.3989321310537035E+00 -2.0373417575962067E+00  1.3293491318700295E+00 -6.8635360087642161E-01
 -5.6902452567537576E-01  6.9339208069461467E-01  3.6897827307952519E-01  1.5688230528764899E+00 -1.2614425315243440E+00  1.5366574724964206E+00
  3.0191925694574548E+00 -3.0231420943529119E-01 -7.6482639591808044E-01 -2.0216284436765530E+00 -1.9249630167310436E+00 -1.6295718552704204E+00
 -8.4823872702097136E-01  1.3770868796592193E+00 -1.8242464384667569E+00  1.5490615680391853E-02 -7.2870534341894821E-01 -3.4927857770196202E-01
  2.0327299515946442E+00 -2.0462863963020679E+00  2.7975935660984526E+00  1.3504342150816322E+00 -1.7930013745930258E+00  2.8851543440395283E-01
 -5.5009051234740325E-01 -1.2157292843700391E+00  2.5907416529669529E+00  5.3728846048841306E-01 -3.5911172981002842E-01  1.7214905640502356E+00
 -8.1723588587722185E-01  1.1301189759517856E+00  1.8848119647801770E-01 -2.8295809697914898E+00  7.3805404367519589E-01 -1.6546690640923636E+00
  2.4978796832614422E-01 -9.4361676581318510E-01  7.1289011173722294E-01  5.9678150499444382E-01  1.9107449987205416E-01  1.5711898045769890E+00
  3.7621255554932270E-01  1.7853463490731032E+00 -9.6448363997612718E-01 -7.0978562383933197E-01  6.1426595097817760E-01 -1.7334888366475147E+00
 -2.7559133436252681E-01  1.9070386333522446E-01  1.3669214352765597E+00  3.1711219764904847E-01  1.7273742018807237E+00  1.5642282673520527E-01
 -3.3365153901297906E-01  3.2290993585306971E-01  5.0380444421892989E-02 -1.6535352621854577E-01 -8.6034586381939879E-02 -9.3548000190158673E-02
  5.5252543512866303E-01 -4.8796720777319547E-01 -2.1712772827674434E-02  2.1713848593831520E-01  4.4574687647552229E-02  2.4993926619107237E-01
 -5.2633858827519786E-01  4.2594067312137696E-01  7.6956876556439430E-02  1.3116019141503021E-01  3.8174295930415725E-01 -3.1664748212587253E-02
 -5.7755514861580726E-01 -6.0461826666554523E-02 -3.5872295458138864E-01 -2.2606854280328550E-01 -8.0147887861791486E-02 -8.8210169888062150E-03
  4.6110863851554930E-04 -7.8089789937330489E-01  2.0179652981172282E-02 -1.2677931042381221E+00  6.3113977809152055E-01  1.7568368809448094E-04
  1.6522938319684044E+00  3.8045978226104160E+00  4.7637545600296702E+00  9.0004932433751605E+00 -3.1035370226394221E+00  3.8089322439709539E-01
  7.6812499793304456E-01 -1.2733969439093080E+01  2.0942251786799364E+00 -4.1294122655409693E-01 -9.5198735625325726E-01  1.3408983229345923E+00
 -2.5732004913568298E+00 -1.4642148987232234E-01 -1.4264679771442226E-01  5.0677058917979290E-01 -4.4038585351264468E+00 -1.6803619702298138E+00
 -1.6462669571267925E+00  5.8065740944339606E-01 -3.8781414117405633E-01 -3.1257413025243491E-01  6.1761340585985405E+00  2.8515248710760526E+00
  1.7935219776016320E+00 -6.5875829852832823E-01  8.7989570528464478E-01  1.1823502122994676E+00  6.7332838386865457E-01 -1.1824644129104385E-01
 -4.2487772220126474E-01  7.5195346838282467E-02  1.8411701903895197E-01 -4.9450140682633126E-01  7.6443567769657786E-02 -1.0968710913922328E+00
  1.1982244922394429E+00  3.3431903376662153E-01  6.5828882201299210E-01  3.8455208012730480E-01 -1.6319052102465024E+00 -1.6262742263942256E+00
 -5.0433709660922876E-01 -4.5533790809736707E-01  4.9506770628120322E-01 -5.6474357895310162E-02  1.0921653171022508E-01 -2.4938037228840497E+00
  2.8758073490664648E-01 -6.8668616343707578E-01 -5.5989503527921303E-01  5.6653684063257798E-02 -2.6476975907993505E-01 -2.0079999868490087E-01
 -4.9194786317680383E-01  1.8105490771692774E+00  8.2988930105766101E-01 -1.8381992677975215E-01 -7.6077834255688884E-02  2.7005574188906101E-01
  6.9254493075880508E-01 -2.5110882475488792E-02 -3.5088292651709668E-01 -2.6957785332789745E-02  3.0614177122881381E-01 -1.3357865112445702E-01
  1.9452560329813623E-01  2.0790100108157006E+00  3.1793285350320583E-01 -9.3428259304300287E-01  1.2297244436936432E-01 -1.7666268809074434E-01
  3.0844288563468847E-01 -1.5497439164047774E-01  6.8853670552953739E-01 -1.0651132208256777E-02  4.8454945817566722E-02  2.9131683625695326E-01
 -4.3116817026562093E-01  2.2412290353104811E-01 -2.2471395222870418E+00  3.4832925066201181E-03 -5.8226451710497805E-02  4.0554839134393547E-02
 -6.4481005658724430E-02 -1.3221046257724771E-02  2.3748983546945483E-02 -2.3606009482671279E-02 -1.3909516253459192E-03 -7.4234396176758102E-02
 -7.4570694289084027E-02 -2.2949130531091985E-02  3.9634910667862809E-03 -1.5991702108129249E-02  9.4150732977504967E-02 -7.0047257654059406E-02
  7.7134301167833352E-01  1.1298366876275569E-01 -1.6904764841493375E-01  1.0402534785492525E-01 -1.0159347644488672E+00 -1.3787536639203288E-01
  7.0293769652766391E-01  1.2101819783371241E-01  9.9187670547375567E-02  3.2621895703127068E-02 -8.2075580812191323E-02 -9.1524598674700586E-02
  1.8885817207792330E-01 -7.9042115496337322E-03  1.2114750005161403E-02  9.9581382251032380E-01  3.0917202996061188E-01 -2.7768482978227232E-02
 -5.3803095840005555E-01 -1.2744976926859095E+00  4.2854636646267014E-01 -1.0228182347986212E-01  3.5708953130893528E-01  2.3818267279354322E-01
  2.1192198144375012E+00 -1.2103133670214541E-01 -1.1530448670819409E+00 -4.8621848103962617E-01  2.2101687773002112E-02  2.4826818608211293E-01
  2.9860583169729376E-02  8.0028466058854900E-02  2.8086060388581779E-01 -2.2647472513723348E+00  5.2757112619998436E-01 -3.6894593383846463E-01
  1.0838311749733027E+00 -2.3536300210784563E-02 -4.8076384347156875E-01  3.1410330252249414E+00 -7.2006171615612102E-01  6.3253159070430132E-01
 -2.0240274180922628E+00  1.8201517450055209E-02  1.3014246819924631E+00 -1.6585807997924698E+00 -1.8199381450751163E-02 -1.5437085228935399E-01
  1.7566653383830108E-01 -1.4146801909164326E-02 -2.4669509800120676E-01  7.8436780680203411E-01 -9.0067255469275964E-01  1.7592792916353278E-01
  1.3158323555419973E-01 -4.9657889397795041E-01 -2.4846864141239197E-01 -1.0820274861429478E-02  3.9261879487565893E-01 -2.0056793497793088E-02
  3.9223509101070941E-01 -1.0605390159868384E+00  1.3715320772663950E-01 -3.9136190200361365E+00 -6.7014084180780453E-01  1.4468924318481997E+00
 -2.1522246555413811E-02 -1.8127478990589889E+00 -3.8040626688971235E-01 -3.1174142971957947E-01 -1.7373901829388425E-01 -6.2634567393165252E-01
 -1.4931954705079724E+00 -9.0858818984597411E-02 -2.9201691338704913E-02 -4.9128393682497717E-02 -2.8211243542833133E-02 -1.0906562788613020E-01
 -2.9060017693171381E-01  3.1202042617864195E-01 -1.5060592830126537E-01 -1.4474906564497403E-01 -1.4027613362347183E-01 -8.2385694278155494E-02
  2.6433431594953642E-02 -4.6661280511620346E-01  2.5764634937438868E-01  1.9671781684590614E-01  1.0958626707303651E+00  7.9440668733960412E-02
 -2.6423696520824814E-02  1.4643605891626917E-02  4.8089675947602557E-03 -2.3828126212348297E-02  2.1967720482384066E-02 -8.8951968722925899E-03
 -3.6630287282569838E-03  2.1101538123727739E-02 -1.8571020889061016E-02  2.1362514507651857E-02 -4.1045515338644790E-02  2.6478544405918392E-02
  1.9161440794255330E-03 -1.8728833951207973E+00 -8.5871349371131091E-03  1.4240728703390777E-02  1.7473649498235241E-01  2.5819064477069914E-01
 -2.2823116615131442E-01  3.0989512972181540E-02 -5.2037425779177061E-02  3.4662524826969840E+00 -1.5823998875988304E-01  3.5343008352255662E-01
 -2.0885817697524900E-01  2.3341374481665199E-02 -4.2290485886473154E-02 -9.8360204831927316E+00  2.0091120636556792E-01 -5.2129258450403226E-01
  2.9087050617093729E-01 -2.5514128788431290E-02  1.0577576945760665E-01 -5.4449118339879143E-02 -1.6849447163343831E-01  8.9567739934154830E-02
 -4.6116194088589510E-02  2.8775862724664363E-02  4.1631331799310334E-02 -4.5408366374043191E-01  4.0886194462472471E-02  1.8639862879170411E-03
 -4.2273760808082324E-02  2.0251249150318644E+00  3.2946696583250008E-02 -4.1140134191326110E-02 -5.3212250460536792E-02  8.0343942529073412E-02
  1.2052352341146702E-01 -7.5788955009908551E-02  5.1669581139311020E-02 -1.0495903277677474E-05  2.6211798559325615E-02 -1.0962052888373927E-01
 -5.1084228888316412E+00 -5.9604618513770125E-03  2.8554578222209945E-02  2.7468383648496181E-01  1.3969345533227605E+01  2.6053632426324060E-02
 -4.9847996975553845E-02  1.5097824700404422E-01 -5.0306194584333587E-02  4.4956933379928553E-03 -1.9892839389656450E-01  1.0545515647939610E-01
 -3.2038886776132416E+00  2.4443985787287428E-02 -3.6012795356357291E-02  3.0798071198315565E-02 -4.4403940647668339E-04 -8.8521612336994182E-02
 -8.2770030269667658E-02 -8.5385888833202049E-03  9.2281274896930041E-03
ORDER     2 BLOCK     5
  4.7481171883861162E-01 -2.5381438442270914E-02  5.9721957393859837E-01 -2.5359879449669398E+00 -1.9970672418605326E+00 -1.0922104318438561E+00
 -1.2073958183574351E+00  1.9662365405573351E-01 -8.3661085271106683E-01 -2.1576855707700501E-01  2.0858046316447765E+00 -6.5776200789506722E-01
 -2.0591732929487010E-02  1.0658295883759838E-01  1.3778450759543673E-01 -1.5436707540025754E+00  3.9128930191148434E+00  1.5040973159357285E+00
  7.8668499864539398E-01 -6.6555665659980312E-01  1.3223775128975799E+00  1.9573651463373547E+00 -2.6968119877590486E+00  2.1770823058957860E+00
  3.0211831269597131E+00  9.7716856747494096E-01  2.5634305945692248E+00  1.4849524494141101E-02  3.4961458354797947E-01  1.1533791517845824E+00
 -6.4693671795830552E+00 -1.3472300880096673E+00 -4.5191028135708615E+00  1.7608706762860713E+00 -2.2477386285383130E+00  7.2000876982189232E-01
 -1.1022795207851009E-01 -4.3783680250337813E+00  2.9145036633403434E+00 -9.3757373361232987E-01 -4.0451687672914467E+00 -1.1374844452575219E+00
  1.1765489908443670E-01  9.8159932543772632E-01  5.7300400530294668E+00  1.2911634260191520E+00 -1.7065074557995746E-01 -1.6981927523210909E+00
 -1.3630241371875607E+00  6.9844755838658612E-01 -1.2871632182872526E+00  7.5763489088954761E-01  1.9041382677184879E+00  2.6667751497105796E-01
  1.2532632211552652E-01 -1.7078438497485644E+00  2.2352201912135277E+00 -1.0654708601760801E+00 -2.6617189910156287E+00 -1.6280090952860254E-01
 -1.8351893410152278E-01  7.2825455110188997E-01 -1.1445711829907543E+00  3.7968879753065116E-01  1.4044605629474292E+00 -8.9847397732390283E-02
 -3.2009903062691192E-01 -5.5855530311148771E-01 -4.9510545817577634E-02  4.5138790209360791E-02  1.3366100774426565E-01  3.0882320915631228E-01
  3.5393755429151380E-01  7.2488696069773240E-01  4.0526972933228989E-02 -5.9983459390517226E-02 -9.4619781575537562E-02 -4.2579571579744768E-01
  4.4835907266589142E-01 -2.0470162915904697E-01  4.2857437796391215E-02  4.7211257542063130E-02 -4.0278429213288008E-01  1.2744650768850688E-01
  4.7763910630633044E-01 -1.0682321680657851E-01 -1.9383643682589377E-01  9.0818832990490969E-03 -3.4194989910198641E-02 -6.3533677972688390E-03
 -3.5321782593684980E-04 -1.0996968175581592E+00 -8.5921681233136708E-03 -2.8190324538657583E+00  1.6877945480549208E+00 -1.8825275933691481E-02
  1.8223549013635443E+00 -1.4978250535363700E+00 -8.4781349194128020E-01 -2.8912610367046128E+00  2.2533961643200144E+00  2.5452663721770236E-01
  1.5650868370790769E-01  3.3224374507893106E+00 -2.7429021925861803E+00 -4.5560902683017340E-01 -3.5575780103393717E-01 -3.3989369661682933E-01
 -3.1781527880536720E-01  2.3576971197342314E-01 -1.0627526353558485E+00 -7.7291698079630269E+00  3.9371861945183206E+00 -2.8764835710073018E+00
  1.3334560963172499E+00  5.5652416049284370E-01  1.2645031632371164E+00  9.3562427838788764E+00 -3.9879165885352368E+00  4.1821662406632525E+00
 -1.1029089313050873E+00 -5.4581097227732878E-01 -1.0108163278501481E+00  8.6860977277905327E-01 -1.4414126918503563E+00  1.0204789932713680E+00
 -1.9247597914678777E-01  2.6528874451739176E-01 -8.5838221383544966E-02 -8.8857300130157102E-01  2.2551812533393562E-03 -4.4165903302219950E-01
  5.3609900202105576E-01 -1.6196352783400210E+00 -5.8377358275936897E-01  6.5983223830434956E-01 -7.4657039069669484E-01  3.6056102197079456E+00
  4.3776200863317066E-01 -6.7595313740504581E-01 -4.4646394705810283E-01  5.9467708910488493E-01 -1.7538869344189234E-01  1.1630102892074532E+00
  2.3825924629801654E-02  1.3327257898734530E+00 -1.9429247966785676E-01 -5.3991518378009773E-01  6.1876427034913459E-02 -3.4526988648051671E-01
 -1.9999643200326340E-02  3.6406934769086075E-02  4.2411093382161319E-01  7.8572770325874863E-01 -5.2379959331978687E-01  3.2710167298340503E-01
 -6.3799905717182426E-01  9.3184629767049706E-02 -2.4341815611097975E-01 -6.7549694638247670E-02  1.9228437816850025E-01 -9.7367539083386717E-02
 -3.1040468893496520E-01 -1.5494215993775355E+00 -3.0570614423824769E+00  3.3732601750755005E+00  6.5558368564099315E-02  2.2392172828324683E-01
 -6.0183566158964130E-01  7.9908942166543401E-02 -4.0570123360866635E-02 -3.3841157218645460E-02 -2.9065088953061823E-02 -2.7979303061065969E-01
  7.4160845130565234E-01 -4.1908130971771831E-02 -1.1572182466354190E-01  3.2873060026264146E-02  2.5907256643326541E-02  1.0817528693043436E-01
 -8.8027164218602252E-02 -5.2356400081702288E-02  3.1126076662161347E-03  6.8040040235778825E-03 -1.0953183199756175E-02  1.9871009105896072E-02
 -3.2399666318113939E-02  2.9882447448868917E-02  6.7219784428976220E-02  8.2266420582122621E-02 -2.5511805181369052E-01  5.1604150612591729E-02
 -1.0443901582970126E-02 -1.5510642348999806E-02 -6.7952919411896073E-01 -3.6432556319129859E-02 -6.0072743844176817E-02  1.5629189691734550E-02
  2.2741697947492967E+00 -3.4780722448225714E-02  5.4698908036538145E-02  7.3681844158528052E-03 -1.0947212849329346E-02  9.7688215598763437E-03
 -5.7387507731487833E-02  3.4974214257429630E-02  1.3024568909802204E-02 -1.3229351245417200E+00 -4.1775221655643835E-01  3.8281305188530151E-01
  1.2768598570301255E+00  1.8332391552384373E+00 -1.0936798901009210E+00 -5.9728298457201123E-01 -2.5733763137470298E+00 -1.0285776694841195E-02
 -9.2949821853802761E-01  1.0932913710050974E-03 -5.4760887261821523E-01 -1.5877530391737124E-01  7.2295276396173114E-02 -3.0446290387268232E-01
  1.5069620022612365E-01  3.9985503528652891E-02 -3.9777630358760746E-01 -4.1561121051166738E-01  2.5364013138231375E-02 -2.9130136852224547E-01
  5.3330171402014059E-01  1.0241831914723398E-01 -3.1704725853342580E-01  5.4793942980141552E-01 -3.8461719697641110E-02  4.7727317488227866E-01
 -1.3264644217226218E+00 -1.2361787046621642E-01 -1.5699479650625636E-01 -3.7182905891665802E-01  4.4829710925607953E-02 -3.7900915674947606E-04
 -1.9293475375239753E-02 -1.3485142741346375E-02  2.8679778328614614E-01 -2.3126701085328910E-01 -2.7375221661492283E-01  1.0912357761027275E-02
  1.6048292779349424E-01 -1.2921883594392738E-01 -7.8573437419410447E-02  7.1643335269317258E-03 -2.4048080769042652E-02 -2.8902842706248258E-03
  2.0778584111963969E+00  1.1434583995740331E+00 -2.4608120709420087E-01 -8.7424609305644529E-01 -2.9896159232777006E+00 -1.4465019993716357E+00
  1.9721669667647992E-01 -7.7460817528652237E-01  7.7966155835958464E-02 -6.6690402970729235E-01  5.3009034490472555E-02 -1.5810061176805443E-01
  9.0408631275912521E-01  4.3433242237320119E-01  3.1901394362573493E-01 -3.6951521065302563E-02  4.7315878973901132E-01  4.1773913027952220E-02
  8.4154812697755987E-02  1.7722341599559571E-01 -2.8983761494115023E-01  1.2319658115994021E-01  1.9814394082617179E+00 -2.0216128170951336E-02
 -2.4923344736984314E-02 -2.4406501172282372E-01  3.6506020824877827E-01 -1.8736411902603181E-01 -8.2083204511631251E+00  1.6012727713128540E-02
  2.6000015375588392E-02 -1.9818361430610127E-02  4.3822956939330450E-02 -1.4374056856967785E-03  1.2821950219079125E-02 -1.5781915154823446E-02
 -3.0592660529891267E-03  5.3144294926272428E-02 -7.6767887360441711E-02 -1.2619024177314191E-02  3.0724419545721492E-03  5.0484218516241200E-02
 -1.6194735275259944E-01 -6.1759582789133294E-01 -4.8928144784723673E-03 -2.6484132541214332E-03 -2.2112151392688177E-03 -1.1202617055640176E-02
  7.2279700875416495E-03 -2.9786905958998416E-03 -3.8500806031865792E-01  9.7207959930950292E+00 -7.0250725435636069E-02  2.7077928097580284E-01
  6.4314257070449063E-02  1.5499324630878064E-01  5.1276353943770470E-01 -2.6686768347417562E+01  6.0975184935395541E-02 -3.8011337466338002E-01
 -8.3753087130772591E-02 -1.8382405480136862E-01 -1.5867054994543325E-01 -3.2380256925574097E-01  4.5870040119205246E-01  5.0192498538614454E-02
 -7.1475348487470308E-02 -1.1024341029465265E-02 -6.6218062915720651E-03 -7.2262621160078389E-01  1.7583518129791562E-01 -2.8375847101047121E-02
 -1.2505750672097132E-01  6.1872434036785551E+00  2.4804622835491386E-02  2.6998477848989050E-03  5.8465747239828426E-04  1.1680835400623606E-02
  1.2919426639160278E-03  6.2893302315186472E-03  5.9521920632821600E-02  2.3127151571551355E-04 -7.5977857650254667E-03 -6.8532444269969350E-01
  2.5289478283742874E+00  1.7551466775584984E-01  3.0117250571771914E-01  9.6999939791632628E-01 -6.6312389542858412E+00 -2.0738682253620386E-01
 -5.2914766094102517E-01 -7.1461668072803172E-02  5.2603890267236775E-01 -2.6499071754757460E-02 -5.4315064635407828E-01 -2.0867709892716360E-01
  1.0971113703053992E+00 -9.3869096842922148E-02 -2.0435615107581805E-02  9.8261799344816440E-03  1.2870399791878947E-02  9.0232583749736417E-03
 -1.0799330259870650E-01  1.6045416387047776E-02  7.3925908490549358E-03
ORDER     2 BLOCK     6
 -3.0679863186341461E-01  6.2815899029470035E-01  6.5873130037559857E-01 -3.6895409455417527E-01  2.7778694920155211E-01  1.4095276654751798E-02
 -5.1011818586338020E-01  2.5508072770734844E-03  1.4056811417192141E-02 -1.3087990848063046E-02 -1.8236400855305146E-02 -1.4058051193842937E-03
  4.5329499149254814E-03  1.8820409570064153E-03 -8.1956378193284589E+00 -4.2249265129910829E-01  1.0508057292289129E+01  1.1629565518736305E+00
  5.5424592895286129E-01 -7.0370695685242757E-01 -3.1515948540680405E-01  1.0021261158058064E+01  5.4995755665651664E+00 -4.6306662189485710E+00
  1.1241660237154785E+00  3.0933065093663448E-04 -4.1978273698554891E-01 -1.4064173408314467E+01 -8.2111777155764205E+00  7.9083814354869117E+00
 -2.6814655547220583E+00 -6.7708992813040159E-01  4.4304380516991548E-01 -7.4779726268603841E-01  3.5829651451599542E-01 -1.0614278032320281E+00
  3.1742374471007884E-01 -8.7912028076082160E-01 -7.4379661402140113E-03  1.0221613819802318E+00  1.8643449171109512E+00 -1.5665126281258851E-02
 -1.4545014548545889E+00 -4.2254921650717508E-01 -1.2965635885159328E+00 -5.8609908192724014E-01 -5.7025011336670994E-01 -1.0144641487847741E-02
 -3.3161091435703076E+00  2.1020090309490387E+00  5.4737356740531706E-01  1.2308269890315453E-02  6.5129240180377963E-04 -6.6197445198947838E-02
 -3.4806901829080084E-02 -1.7864849958034038E-01 -1.9353606865521825E-01 -7.6480772138614608E-02  4.7830611021868175E-01  6.4950318369075121E-03
  3.0793794584313561E-01  4.5852593904723477E-01  2.2551258163033749E-01 -4.6875911846081120E-01 -2.1974296109528096E-02 -1.6391511791847549E-05
 -1.6327988396820883E-01 -1.3441811540182355E-03 -1.4971858296256504E-01 -4.4868271629939188E-01  2.7159197057604560E-04 -1.7311618117912986E-01
  4.0640533596603690E-01  7.9338834991536578E-01 -1.1500236451660058E-01
ORDER     2 BLOCK     7
 -2.9669158744160051E+00  5.8185838075379079E+00 -2.1727345819136323E-02  1.2979604163231993E+00  4.0727659148463156E+00 -8.1785890150102460E+00
 -2.5875320575251970E-01 -1.8019461505897516E+00  3.5139687067968856E-01 -3.8958360861542712E-01 -5.1253880116058437E-01  1.2701254825116083E-03
  9.6206368458755295E-03 -1.1986755821902985E-02  1.3128134949279701E-02  1.2423667345662866E-02 -1.2726900730218326E-02  2.4505873840287663E-02
 -2.2483330741237213E-02 -2.6922900317886387E-02  2.6971391651798536E-02  5.3105270710611758E-03 -6.7785666297862956E-01  1.6783549919218630E+00
  8.3586257073418646E-01 -2.7410667026555560E+00  5.3091928148798906E-01 -2.3878683324292003E+00 -1.7604719669815265E+00  3.9155719519507377E+00
 -5.7054192233128531E-01  2.6719008868139982E+00 -3.0140272806138163E-01 -1.3813531751823862E+00 -4.1766759567372223E+00  5.9850922785480893E+00
 -1.2784581193902143E+00 -3.6975426378238585E-02  8.3950066306377102E-01  1.9960658142701670E+00  5.9665894586806250E+00 -7.3918684476341454E+00
  2.4467549275850740E+00  2.4965037829178965E-01 -2.0689186915633524E+00  8.8226373103794842E-01 -2.1154467997572848E+00 -1.1075468931031289E+00
 -7.9071510234675485E-02  4.7516964592315597E-01 -3.0316873300385017E-01 -2.1759409587218097E+00  2.7188806951853623E-02 -2.7461113850470398E-01
  6.9265262503025105E-01  9.9669611622889498E-01  1.3802049111788900E-02  6.9872217535525694E-01  9.7731468907595875E-01 -5.8534918228578736E-01
  1.3062961423522941E+00  1.1817521432224738E-02  6.7255952189204060E-01  1.3905844315036382E+00 -7.3748167765040684E-01  7.2148088448806789E-03
 -4.4459041395413229E-01 -1.1874885564670823E-01  6.8187200868614473E-01 -5.7700621490050549E-02  2.0487374535260933E-04 -2.4078455649897464E-02
  8.9216135777680672E-02  8.9067562802855396E-02  6.4238689383970482E-02  1.3731233685754700E-03 -6.5816939970801458E-02  1.2835977861540110E-01
  1.5907451785450923E-02  9.3338664815084422E-03 -2.1884003551206307E-01  1.7136594324995724E-01  2.9508102849574669E-01 -4.4328506086828024E-03
  1.0426571830369964E-01  3.1565609378622261E-01 -1.2992386479845391E-02  3.6246515411008851E-01  8.1403084994030404E-03  8.0446257760051332E-01
 -3.6746065829955510E-01  9.2535803444340880E-03  5.2419672922063168E-04  4.0533902119746716E-02 -1.5218422951424700E-02 -1.6495737181080324E-02
 -1.4488709885769224E-01  1.2123317232661213E-03 -1.0567478849188330E-01  5.8650323079054628E-02 -3.1547333838873259E-02  1.6303542396306606E-01
 -2.3225275411509344E-03  9.4974559857150670E-02 -6.3923890189241578E-02
ORDER     2 BLOCK     8
 -2.8369190309548493E+00 -2.4999195733110693E-01 -6.3215684504739205E+00 -1.8962180603020768E+00  9.6921375293136069E-01  3.5852824850536265E+00
  3.4939193205293662E+00  1.9976959291233845E+00 -1.7406220806429989E-01  2.7640919756898139E+00 -1.0232329336612440E+00 -1.6097148366845848E-01
  1.8727012249673952E-01  1.1044645453346820E+00  2.5876366902452685E-01  8.1274170332610840E+00 -1.9114097444528391E+00 -5.1964846536782243E+00
 -7.0468556246157128E+00  7.0990334209579684E+00  3.9180322015384705E-01 -4.5889366040911597E+00  1.3378456433555463E+00 -8.8381960189922513E+00
  4.8076016280845041E-01 -2.4511523182082220E+00 -8.3230887321434679E+00  3.2716967523405860E-01  2.7295054857266698E-01  6.2685095577615180E-01
  1.0234309980270617E+00  3.5674755205194018E+00  1.0478375578708560E+01 -4.3124763922845224E+00  1.3284268547094005E+00  6.2663949344159073E-02
  5.8877246235060486E-02  1.0374485030987081E+01 -1.7613866144484023E+00 -4.9888140383372154E-01  6.7981679387525435E+00 -1.0951474842196194E+00
  6.2837360979051671E-01 -5.2713576506765303E-01 -9.4355925645701983E+00  2.0139621024245216E+00 -5.0907006601907046E-01  1.1733181407680731E+00
  7.3461108323595414E-01  1.3764771388510710E+00 -3.1169285175686752E+00 -1.1661644355663048E+00 -1.7168420080420952E+00 -7.0074973180158018E-01
  1.6331181554934590E-01 -1.1026138688602107E+00  3.9390277340685329E+00  1.4373755619416038E+00  4.4510861346856450E+00  7.7538091645343876E-01
 -1.7116063871090151E-01 -1.4996055050810500E-01  2.5121684289269014E-01 -4.3436323624009809E-01 -2.4762557502519997E+00 -2.2419568414672968E+00
  2.3054203605427910E+00  8.8274788485953459E-01 -1.6917245124098967E-01  7.6203061738103081E-02 -4.8957599248766193E-02  2.7722471816176371E+00
 -2.9709395645413137E+00 -1.2261526180561799E+00 -6.4967689538563356E-02 -5.7162540052372188E-02  1.6677490935788283E-02 -5.0304400566155746E-02
  3.7704087080175641E-01  5.1721233284379026E-02 -2.6855520048599896E-01  1.0182838019473957E-01 -1.0986303811014628E+00 -2.7865554751614741E-01
  1.7740238679460163E+00  2.3659385770452143E-01 -6.4694156270043296E-02  1.3714957298537714E-01  6.3445123025511724E-02 -3.1187060309842665E-02
 -8.6766095439637437E-05 -3.3311314553168742E-01 -1.6206404505147556E-02 -1.4472751381057041E+00 -4.6195188630997439E+00  6.0066430084605681E-03
 -4.8399453472044435E-01 -1.4603401648632959E+01 -7.1318509481417358E+00 -4.6428464735711072E-01 -4.7307038905039089E+00  2.3598459018019960E-01
 -7.4543233734102310E-01  1.3531231549315772E+00  7.0167738741767858E+00 -9.7256192198720531E-02  7.3389059224979869E-01 -1.1287349778460278E+00
  2.0405887697440979E+00 -2.8170949160431746E-01  2.6319011666805842E-01  1.6003738408614115E+01 -8.1356660791531858E+00 -3.4501931231479830E+00
  6.2728284743478813E-01 -7.3412691223270121E-01  8.9973338309728840E-02 -2.1130284689338357E+01  9.8809620117818842E+00  4.9877398888972442E+00
 -1.0825343643619569E+00  3.3781566209472191E-01  1.0762544701227583E-01 -3.6276615122879358E-01  6.6915577473134119E-02 -1.3955831780868020E+00
 -5.7149843967311265E-02 -1.1238605433963023E-01 -5.6974811284937650E-02 -2.4380860852304474E-02 -2.0274273741465754E-01  9.5876911038389956E-01
 -2.3225681551204764E+00 -2.7469619613426195E+00  1.1133696121656351E+00 -3.5107957430901543E-01  2.9016481403274734E+00  5.7085719542121911E+00
 -2.4835911423939603E+00  4.0570803080200940E-01 -1.2515067137450486E-01 -5.9336076850644759E-01  1.2733138967220456E-01 -6.1643333147982871E-01
 -7.3044988910842734E-01 -2.9327319770112932E+00  6.0338931800081264E-01 -4.9992278884188990E-01 -1.0124065023906041E+00  6.2876914197022116E-01
 -1.7304520780185375E+00  7.1362762914661335E+00 -9.9349597195731354E-01  3.6632850519381743E-01  2.6177934518123140E+00 -5.2080597288181951E-01
  2.1479897813617757E+00  5.7127989228657738E-01  7.5325116429261230E-01 -7.3906120587373403E-01 -8.2833152632977802E-01  6.6091246158577466E-01
  1.0559874605163876E-01  1.7631113285783444E+00  4.6127979200434899E+00 -3.5114178300656906E+00 -4.0827990507790379E-01 -1.0505108204185203E+00
  8.8321192703551121E-01 -9.2343241588077052E-01 -1.8380984131618960E-01  4.6511653722492115E-02 -2.4537755203405901E-02  1.5422174940948576E+00
 -1.1497583208051310E+00  1.2963978332442507E+00  7.4129971305677322E-01 -9.4536276782134915E-02  2.3871461646809873E-02  1.4556244237881448E-02
  9.9211279330431723E-02 -5.2560385403210168E-02 -1.9604488828807203E-02  5.1598883046289963E-02  2.3899769299001641E-02  4.9153678138957350E-03
  5.9858764003530948E-02 -1.0764171484602669E-01 -1.6392983076064871E-01 -1.9849964467915326E-01  2.5344027749998171E-01  9.9008726696211732E-02
  1.1827135410665884E-02 -3.2635330553572331E-02  1.6973849206854661E+00 -4.0570849736709935E-01 -1.5648917626131881E-02 -1.7277371262024513E-02
 -4.5047627602556464E+00  1.4948155784662784E-02 -1.4184064309623315E-01  3.7173511918274976E-02  1.7191518223178635E-02 -2.4561092132109462E-02
  3.2621801914173437E-02 -1.3479172337773032E-01 -2.9378718763372811E-02  1.3054193314397355E+00  7.0681844014661266E-01 -2.2401936532509645E-01
 -2.2908891284557142E-01 -1.7418043898629427E+00 -2.9199050807681448E-01  2.4424263664436316E-01  2.9760173095985948E-01  8.8606303257938029E-02
 -1.4382072487550448E+00 -2.6755745379982886E-02  1.0110469614487207E+00 -3.4291316456831983E-01 -5.3961838788875005E-01  2.9177711824411129E-01
  1.2904783540204601E-01  3.6707423113263506E-02 -2.8564923848425161E-01  1.7018404336838449E+00 -1.3274036029344318E+00  2.9435934566258914E-01
 -9.1040437905309279E-01 -1.3866168513527835E-01 -7.8964331529878717E-01 -2.3900801511535565E+00  1.8066285164344367E+00 -2.5603252055302639E-01
  1.8414970589021888E+00  1.4774313562637892E-01  1.3862225799392436E+00 -1.0329764886817865E-01  8.6765823909581388E-02 -1.2699084090156681E-01
  1.1901695649996537E-01 -2.7304912039502905E-02 -5.6187491571743263E-02  1.0082992824797037E+00 -6.0603927939808455E-01 -3.7394053228884694E-01
 -3.1772300196438913E-01  4.7513706459316091E-01  2.4679266993969046E-01 -1.0936575785757717E-01  2.5705835478184152E-01  1.6927107770969740E-02
 -2.4840990391668294E+00 -1.5068216986682387E-01  2.5545083849580822E-02 -3.1946779936155489E-01  3.0848586853636935E+00  2.3480965376143659E-01
 -3.9606560674091941E-02  2.0485354851187618E+00  5.2303257012535109E-01 -2.5873939079084241E-02  2.7513817097960142E-01 -1.1834503899890889E-01
 -9.7438549226610882E-01 -3.4332557184836399E-01 -7.7553268975409206E-01  1.2978040367961854E-01 -4.2868544744165760E-01  2.4388453577662403E-01
 -4.6601115442064328E-01 -2.5888927047527116E-01  4.7914459580753710E-01  1.2044637362339027E-01 -1.9318584517606965E+00  1.4821834878358406E-01
 -2.0132005237742830E-02  3.0425733076676448E-01 -6.0803455969816311E-01 -1.9887251724661070E-01  7.1348945710782443E+00 -1.2649993800447681E-01
  2.0708831405415601E-02 -1.0487431983971392E-03  1.1480471747189940E-01  1.1930827505198836E-02 -4.6876913421466652E-02  8.6536463291010113E-03
 -9.4309021243809774E-03 -3.5352720685688094E-01  2.7706888104476218E-01  1.8629859802666288E-01 -6.0323054224058923E-03 -1.0857219962192448E-01
  1.6278878887479337E-01  7.8316491347837269E-01 -8.0009001284073577E-03 -1.3787066515654868E-02 -8.4686054580404388E-02 -6.5024429441464721E-02
  5.6277381014916410E-02 -2.3609408302577007E-02  3.3617428237197605E-01  4.5132270200217123E-01 -2.0539980803008770E-01  6.3896633665369962E-01
  2.1970941331633051E-01 -1.6606380723451747E-01 -3.9585475951008586E-01 -1.3782758105155832E+00  2.8447962520278974E-01 -1.0661017035897755E+00
 -2.6608305884768424E-01  1.8211432393911256E-01  1.0733960037366717E+00 -5.8169743053480695E-02 -8.5398871230723969E-02  4.3776530114959404E-02
  3.1415899963450476E-02 -1.4682717037118332E-02 -3.4068630262164484E-01  6.1755656807626444E-02  1.2548688219296389E-02 -9.3972960112158527E-02
  1.3830728693785668E-01  4.3268195956542819E+00  5.0199209502064204E-02 -4.7514376878054890E-02  7.4142228291659271E-02 -2.6826444723944465E-02
  8.2695333113894775E-03 -1.4581349836539789E-02 -3.1440660480699395E-01 -1.2696923583360525E-02 -1.2920619825822835E-02  3.6705166246093301E-01
  2.7007107416387317E+00 -4.0721787044122948E-01  7.9009437866524521E-02 -6.7362380465781868E-01 -7.2954100283142820E+00  6.0389874827170831E-01
 -5.0486358058000065E-02 -3.0162806446383150E-01  4.0893079898542215E-03 -7.2300143850814846E-02  1.5432913979772453E-01 -3.1080679137028816E-01
  1.7793664702639622E+00  7.1813458478081793E-02 -1.1370584061133623E-01 -4.1400922585290711E-03 -1.0996587086759255E-01  1.7333111696945477E-01
  7.9013945428750648E-02 -2.8437447027493548E-03 -3.9124942590030305E-02
ORDER     2 BLOCK     9
 -8.9224173059339051E-01  7.2818539625326233E+00  1.6844385701284406E-01  2.3377710688874935E+00  2.6301826167692455E+00  4.7697631031031895E-01
  2.3558564519066434E+00 -2.6632606797472067E+00  9.4466822939699602E-01 -2.1875321838998403E+00 -9.0786899240648022E+00 -1.5385196971584296E+00
  3.3415456687607730E+00 -4.7521318432186730E+00 -6.1424077263960850E+00 -5.9258558272559920E+00  7.9477241899637123E+00  8.6940169393702715E-01
 -1.3466696809486518E+00 -2.6917832911726758E-01  6.6514918689003485E-02 -1.2382961575044060E-01  3.5024601377857900E+00 -1.1778573508702483E+00
  1.9997245389626297E+00 -2.1542426736162656E-01 -5.4949236653914664E+00  5.6115526134280262E+00  1.1107885737764878E+01 -5.3947380718859037E+00
 -1.7699977736450603E+00  3.0543770028165507E-01  2.2004784332046432E+00 -4.8252986671205839E-01  3.3507477583263365E+00  1.7003219628379325E+00
 -3.5286890927785066E+00  3.5979052701732878E-01  1.8795009018066675E-01 -8.9362069806835775E-01 -4.5819032066418437E+00 -2.3355253922267210E+00
  5.1635860390180923E+00  1.9107356855220656E-01 -4.3513497250934352E-01  6.4760448262980563E-01  1.4328978377150250E-01 -2.7437780204712486E-01
  7.4531844614583420E-01  1.7091017762074598E-01 -2.1570874584866506E+00  1.6735548453350149E-01 -1.7500916346443729E-01 -4.2183050771151342E-01
 -7.6930973453201801E-01 -3.7099415289909739E-02  3.6449886556658693E+00 -2.1245463607858908E-01  1.9911981247276098E-01  9.6642239746846703E-01
 -4.6356238640407346E-02 -2.9023801005464472E-01 -1.3439049543399692E-01  3.5001653984873149E-02  5.9438106504106913E-01 -3.7225383565711776E+00
  2.0710482141063327E-01  8.1388318141283875E-02 -8.9276020351616658E-01  5.0099858786503102E+00 -2.4386170530561932E-01 -1.7351092073857416E-01
 -3.5047741125724097E-01 -2.3792075126132145E-01  1.0023860985317867E-01  7.2576028720725894E-01  6.5217780445520294E-03 -2.0888140358274598E-01
  6.6654605246534426E-01  3.1471226887574115E+00  7.8075538145399792E-01 -3.9243168093568577E+00 -1.2121921152159407E+00  1.8913017686921979E-01
  7.4260916615280795E-02 -3.7687221866889525E-01 -1.6434624640722768E+00 -2.6799566995378270E+00  1.0648639040397028E+00 -4.9123509253678560E-02
 -1.2280845025550859E+00 -6.8614334696925450E-01  2.0423941586426464E+00  3.7189240805854271E+00 -9.8956877836208812E-01 -5.5703139729750839E-01
  1.0629189923620654E+00 -5.1671808643264439E-01 -3.3647288032141698E-01  1.6798571730474626E-01 -1.2019798646316993E+00  3.6174495296208931E-01
  2.2546924962426598E-01  4.4945293795347868E-02  2.2061526218633640E-01 -1.2707706104833971E+00  4.8892919042384699E+00 -1.4904022771547634E+00
 -6.6251576628776805E+00  1.4005776629544895E+00 -1.0901056608777411E+00 -1.3489862376943304E-01 -1.3750473976130575E+00 -2.5727279991768764E-01
 -2.0437267513457904E+00 -2.2491622894790950E+00  2.5723509989652493E+00 -1.1924618702326806E+00 -4.2934080776810241E-01  4.3772739906008684E-01
  2.9188357269406047E+00  3.2009543138268817E+00 -2.8671501439085709E+00  1.1780582693870301E+00  1.8303150670284413E-01 -1.1841290015309274E+00
 -5.4538427205598772E-01  5.3335656731305059E-01 -4.1926173853270399E-01  4.9418495546561531E-01 -1.1379823338024180E-01 -2.9164352717628680E-02
  1.5702627761387424E+00 -7.4804070089086505E-01  9.0112266408014605E-02  1.0029307592550378E+00  9.1060425537065737E-01  7.7825104891146779E-01
 -3.3368274015172711E-01  5.2271223464267091E-01  3.4020911406436823E-02 -1.7877541515559747E-01 -1.1988105705425405E+00 -1.0289988403418304E+00
  3.7012063648344773E-01 -1.9010498454272737E+00 -2.6788876900956358E-02  2.3855914055402658E-01  6.8791906790806434E-02 -3.4158428143040341E-02
 -2.0259895084143505E-02 -2.0024683143021211E-02 -2.6012853166050842E-02 -3.5532030631130258E-02  1.5335391794497511E-02 -2.0828135954078671E-02
  9.1715266355796340E-02 -1.4460213341803624E-01  2.3448682371411148E-01  2.7866623920359673E-01 -2.2578004361736231E-01 -4.2075929075494914E-02
  1.2092960435506171E-01  2.4747032373464577E-02 -8.1120794252303091E-02 -3.4308405531089582E-02 -4.2756112146969477E-02  1.4836205616071874E-01
 -2.2057088894243862E-01  5.7117007909811071E-03 -2.5006434228944791E-01  1.8503180245932610E-01  3.2999792451308591E-01 -3.1338129112720542E-01
  1.1154307131721508E+00 -1.1777575784385950E-01 -2.3505886090619845E-02  7.0344155648270568E-02 -1.2595214307293209E-01  1.0945204390100690E-02
  2.1331284570123676E+00 -1.1352667109305725E+00  1.4936757531277862E+00 -1.1248317670073481E-01  7.2924532362272365E-01  3.4654484021913556E+00
  2.0940553396909700E-02  1.6051158004785555E+00 -2.0716374145402221E+00  2.1054274510997689E-01 -1.7231049376686416E+00 -5.6432731718537195E+00
  2.5807668737431999E-01 -1.5923282440436097E+00  6.6032477980437057E-02  1.7257115317458613E-01 -5.8386491643039565E-02  7.8892731868113297E-02
  6.9634727438781918E-01 -1.3539111893042690E+00 -1.6686886316105445E-01  3.0566757748703283E-01 -2.4356128115951606E-01 -2.5897600620279043E-01
 -2.6621537191525591E-01 -7.5988348452485609E-03  5.3341270734267665E-01  6.9091112702847450E-03 -2.5083807115533885E-01 -2.1523407403359926E-01
 -1.8196052282764114E-01  3.1112587356667398E-01  9.7968028288007505E-02 -5.8096913528925397E-02 -1.3215304403481953E-01  2.9159913379208302E-01
 -4.5906355578109731E-01  1.8135951491896743E-02  3.1583660023727378E-01  7.9930652983218531E-01 -1.5663738272014924E-01  2.7731977326731627E-01
  1.4216265663798927E-01  1.5476505359775751E-02 -6.8313900534986982E-02 -1.1373282731153591E+00  1.9103313783545925E-01 -2.7674819921599975E-01
 -2.1288406911490703E+00 -1.5098393444746352E-02  5.8597722649564803E-02 -1.3591972434849145E-02  6.3145589928964616E-02 -4.8656833662578169E-02
 -9.1198112202396323E-03  1.1686244682956605E-02  1.3704096557902236E-02 -1.8525631153720062E-02  3.9589211787134787E-02  1.7242413730765221E-01
  1.4414322568413035E-01  1.5745843885451705E-01 -8.5918069748420201E-02 -1.5798098020409188E+00  1.6880402868825289E-02 -2.9019757765480658E-02
  3.6782813200850438E-02  2.4838141059810501E-01 -2.5408725554330731E-02 -3.3877580552319028E-02 -1.6416454604402383E-01  1.9843670936190996E+00
  1.0650103449891659E+00 -1.9617833860782508E-01  7.7714552294560993E-02  1.1302514211902419E-01  1.7504753373668253E-01 -6.1632125342096797E+00
 -1.5554755465020047E+00  2.8057837423741638E-01 -7.9560057532269704E-02 -2.8056940654508850E-01  3.6426377067309190E-01  3.6234341890934108E-02
 -8.5118385270231245E-01  2.3192001584885370E-02  6.9503927119899764E-02 -1.6622592906954971E-02  2.9743294359495970E-01 -1.5312429515866699E-01
 -1.1683074778200074E-01  1.0982798123292467E-01 -1.1441501655907405E-01  2.6452600952972256E+00  1.0734774721203103E-03 -4.6495650694553699E-02
 -1.4034719200744420E-02  1.6134831343441878E-02  7.6264858266708833E-03  1.2804100250074704E-01  1.3206959834621236E-02 -8.6555920607579145E-03
 -7.6372665617515406E-02  8.7897146484370448E-01  2.3278096169299559E-01 -1.1252410494839808E+00 -2.7039465442648164E-01 -5.9257000244665882E-02
  1.8096527537171645E-02  1.5237517328601320E-04  3.4784229235645853E-01  2.8978421696407758E-01 -1.3407465983462177E-02 -1.2852692165374172E-03
 -1.3574026772578383E-02  7.6715418628164559E-03
ORDER     2 BLOCK    10
  4.1492361776727116E-01 -1.5751287599162627E+00  7.2320177341900313E-02  2.7114111599072177E-02  3.4263175263392824E+00  1.7569642399212733E+00
 -2.5195060159843097E+00 -1.4127613747689856E+00 -4.7919826345483590E-01  1.4465844139684274E+00  1.8745811764247260E+00  1.3889113755020741E+00
  1.0045866280719533E+00  3.1040378393422788E-02  1.5294242342688043E+00  3.1928969604124817E+00 -7.5145635773644237E+00 -2.2549165964820799E+00
 -1.8110369201576091E+00  1.3912711456068185E+00 -9.4265595910481559E-02  2.2700883561287850E+00 -2.6219891077170376E+00 -7.4140344146212396E+00
 -5.4597827741246521E+00 -3.2344294223702801E+00  3.1710719483829708E+00 -3.0198054060609264E-01  2.8807863320456611E-01 -1.8312604654235818E+00
  1.1526503429665057E+01  4.2836327141075765E+00 -9.7583531198847873E-01 -3.4216812282891258E+00 -2.3925659376712529E+00 -1.7946309826095499E+00
  2.4747595209683768E-01  5.1591961396752621E+00  3.3367631502622279E+00  2.3899375508808345E+00 -1.8471676864208004E+00  1.5456487148018544E-01
 -5.9157162382734219E-01 -1.6488538417280802E+00  2.6863883467147591E+00 -7.9909216685554141E-01  8.9683490331902760E-01  3.2246181568056080E+00
  2.2986881431397638E-01 -1.7480974930036517E+00 -5.4690096394715737E-01  1.6026924355053673E+00 -4.6252034588113511E-01  2.8823723424584341E-01
  8.4092008228980358E-02  2.6148824281957657E+00  1.2834509932663887E+00 -2.0187888472514999E+00 -1.2733829838416597E+00 -6.3390122962377227E-01
  8.4749966459867446E-02  1.5171687196657525E-03  7.0160680518472440E-01  8.2864204958913013E-01  1.0280319296637317E+00  1.0062128680530935E+00
 -8.7458610875270271E-01 -1.4118988941793262E-01 -1.7435877560985336E-01 -1.7217045365300920E-01 -7.3610250636868768E-02 -1.1817996717132484E+00
  9.7505880338481632E-01 -8.0268753442985896E-02  3.6435609882613085E-01  1.5627937181202914E-01  9.7657553560574081E-02  1.2594372059705813E-01
 -6.6231121973263904E-02  1.9691294101679774E-01  1.3875933820638353E-01  2.3323242155593536E-02  6.3641883007411715E-01 -2.9294244199488586E-02
 -9.8624529509446379E-01  7.6772537843769237E-02  7.9873531951738519E-02 -2.3141785898461142E-01  1.1757420298993139E-02  2.4130970642292561E-02
  3.8135888275641223E-04  1.2039287465686568E+00  1.6830874734574664E-02  7.3410505075171184E-01  2.0218335190337506E+00  3.4396090462467488E-03
  1.4746423219732259E+00  6.5970478728592852E+00  4.3095327097830891E+00 -6.1553271671337684E-01  1.7937449380332964E+00 -1.0181300490206988E+00
 -7.7896282252868501E-02  1.8435824649850482E-01 -3.5105722739684162E+00  1.4282857984904869E+00  7.9168337112426035E-01  8.3529593201454144E-01
 -1.3429223759896161E+00  2.6530311122013367E-01  7.6002069424436103E-01 -6.6712082007174951E+00  6.7629627591934594E-01  3.4358756315390315E+00
  4.8936538988009010E-01 -4.7904310655434268E-01  7.8319082265358081E-02  9.4767583626258602E+00 -5.4287790926964369E-02 -4.3587188212110926E+00
 -4.2605977524686406E-01  7.8488902082405188E-01  1.1417170260004017E-01  1.7985489825808687E-01 -9.0214641435463816E-01  1.4520800646819967E-01
  1.3196401687885473E-01  2.2261660971024644E-01  2.3030172787766756E-01  6.7362945515541917E-01  1.0114203775757526E+00 -1.1994256677279245E+00
  2.1371330548719558E+00 -1.2261207493209449E+00 -1.6243058437480218E+00  5.1663749301435857E-01 -2.8624897665142126E+00  3.4624873973340864E+00
  2.5786953298484505E+00 -6.6478863273393307E-01 -2.5533515770174797E-01  5.8633403081954627E-01 -2.3476660467945715E-01 -1.1182794745815055E+00
  1.8333642979737073E+00  4.7785772636480028E-01 -1.0309255581418348E+00  4.2394964177341160E-01 -2.3173564555097789E-01  6.5833533254329279E-01
  8.3717714682819910E-02 -2.0311977532263392E-01  1.3717542089537818E+00 -5.1270966437730703E-01 -5.7899052060043288E-01 -9.8044220326597564E-01
 -5.3946683987444309E-02 -4.2263950380766337E-02 -2.1033291173281116E-01 -4.1188317924919554E-01  3.1073015229964118E-01 -1.7474337955860994E-01
 -1.1099835893652617E-01 -8.8406332593117154E-01 -8.6102172295905510E-01  5.5763621600529778E-01  2.5240473289120635E-01 -9.2356290638804087E-02
 -1.4704825027892959E-01  2.8603181550386919E-01 -3.4221723924796632E-01 -7.0050330337015907E-04  8.0770073271405299E-02  8.0759060117925829E-02
  1.8366926335623138E-01 -4.9240485661471933E-01  7.0806272280101401E-01  3.3343748630845438E-02 -6.9095801986903654E-02 -3.7318523640054273E-02
 -1.2868966647316208E-02  4.1432238131700903E-02  4.5097462255532482E-02 -1.1591415783063943E-02  1.8950914457407445E-02  3.2749332822506125E-02
 -1.2830561153599251E-01 -1.8727514245031587E-01 -5.4711764894448383E-03 -3.6916764621500009E-02 -6.1345404672501450E-02  7.9642827200677169E-02
  1.4731322464191599E-01  6.3013041807139972E-02 -1.3945171836004839E+00 -3.5393697378970614E-02 -1.9980155108154832E-01 -3.7543119626726448E-02
  4.0439872349013415E+00  3.3719011987295940E-02  5.9312910429166220E-02 -3.4315989274460598E-02  4.5258015169024321E-02  1.1047918303187192E-01
  3.5172922838927388E-02  8.7581776427649860E-02  9.6372262442764797E-03  4.7331376239061390E-01 -4.2682676153305921E-01  7.1337778847872183E-04
 -3.1327121816176912E-01 -7.5814581603997822E-01 -5.7658060740324979E-01  1.5098453149185420E-01  5.6935679055681954E-01 -1.6137284559685378E-01
  1.8539019553019118E+00  1.0055775394744769E-01  5.6351380608871093E-01 -6.5893502559295369E-01  1.2258381848642055E-01  8.2540874767950120E-02
 -1.4124134495713500E-01  2.0098205390778369E-03 -2.3528325681967521E-01 -1.3780565796120481E+00  1.3575559797510499E+00 -1.1736443902715206E-01
  1.4067647772556435E-01  1.1185857572936672E-01  7.7328531169183445E-01  1.9203593819395754E+00 -1.8384403441709829E+00 -3.3135512975713960E-02
  1.2838893282903319E-01 -1.2440962182236040E-01 -2.4215428690584950E+00 -5.5298146314657115E-01 -1.7110945414900597E-01  1.3329891935230431E-01
 -1.1042126534471544E-01  1.4117821521062999E-02 -1.0159267233796778E+00 -1.7184059707955984E-01  2.1089026400132380E+00  4.1582646819626035E-01
  8.7133769819412760E-02 -4.4002847735398060E-01 -1.7061947251574380E-01  8.4573463738342208E-02 -2.7588037909471413E-01  7.3421710860003240E-04
 -1.7556458704788197E-01 -1.2800539125472005E-01  2.1683056531122045E-02  8.4361548547282805E-01  7.9476216478272840E-02  2.7697227704158017E-01
 -9.7072292835409135E-02 -1.1633106659418535E-01 -3.6035097604743227E-01 -3.5792229704204542E-01 -9.3296112242729295E-02  2.8709775340685234E-01
  9.7520919797956196E-01  1.2246857942528137E-01 -4.5027283519782225E-02 -1.3574245883223621E-02  9.1249969884089122E-01 -1.9359106132143303E-01
  4.0928296580940532E-01  4.8684659876471437E-01 -2.4700140564660025E-01  1.2541264940866637E-01  5.9730790620508001E-01 -6.3480324771895249E-03
  2.4164736604774192E-02 -6.8246931457578175E-01  1.7455700852051434E-01 -2.5606256250360010E-01 -2.2993299056922156E+00 -7.8532449463619529E-03
 -2.4241314887246072E-02 -8.7353242988673738E-02 -2.9522216402757276E-02 -3.7018195994618919E-02  9.4915190508908613E-03  2.9757474554979852E-03
  3.0251693938235609E-03  4.9497664942765689E-02 -1.0606344140633830E-01 -1.4687489984460664E-01 -5.4179211359013220E-02  8.6818502274322598E-02
 -1.9301359173547106E-01 -7.5590848139845412E-01  1.1638118023775594E-02  1.0349230804858360E-02  1.3988464927461914E-02 -7.6909586445032133E-03
  1.7639992151179874E-02 -1.4437642431430234E-02 -1.8326697676326101E-01 -5.3534448996524109E+00  8.7219678831583436E-01 -7.6219693434345665E-03
 -1.0353497564555569E-01 -3.3424137090911535E-02  1.6978759499711862E-01  1.4620949964056379E+01 -1.2224478593755168E+00  1.8058494824889828E-02
  1.6705901552856833E-01  6.0137208773946793E-02 -2.5591987029181534E-01 -1.4181628653101133E-01 -1.5407814947551518E-01 -4.0343671858620714E-02
  6.4204104434633716E-02 -1.0596401929527512E-01 -5.3942784184623060E-01  8.1616978219619696E-01 -3.0145638900966060E-01  2.8027269427907903E-01
 -1.1957938587111544E-01  4.5702425373111827E-01 -7.0083107524480763E-03 -3.2944497537809300E-02 -6.7867462812331969E-02  7.4037873243837263E-04
  1.4924136827124190E-02  4.8575414808580145E-02  5.1394803298826328E-02  5.6034427719319864E-03  8.0337431536047135E-03 -1.0631413211784016E-01
 -2.7170854455976063E+00 -2.9437003730379024E-02  1.3476419691582200E-01  3.1257129252109916E-01  7.2310598056301938E+00 -8.7484338620482854E-02
 -2.1896698393870201E-01  1.6513195668190600E-01 -1.1791122044043886E-01  7.7126834104034800E-02  7.5681459839544674E-01 -1.8520290016994034E-01
  1.0959595629959424E+00  2.3948117351801228E-02  2.9858923462628174E-02 -2.0242477536892324E-03  9.0019472991421698E-02 -1.1593229311147787E-01
  7.2121125944353395E-02 -9.8791251983284083E-03  1.7777554113666195E-02
