SURFGEN.GLOBAL Hd COEFFICIENTS FILE V:2.8.8
high order tester                                                                                                                                                                                                                                              
ORDER
    2
COEFFICIENTS
ORDER     0 BLOCK     1
  2.1070120482199664E-01
ORDER     0 BLOCK     4
  6.9839714827703139E-02
ORDER     0 BLOCK     5
  2.5813976665901257E-02
ORDER     0 BLOCK     8
 -2.7015633912329140E-01
ORDER     0 BLOCK    10
  1.9835710211370614E-01
ORDER     1 BLOCK     1
 -3.0257477842766828E-01 -1.2951814681503451E+00  2.6479845781095368E-01 -2.1520650535434958E+00  6.1861215743173825E-01  2.1818043155843014E+00
 -2.1854938414232152E+00  5.0851081715365307E+00  2.1572214925677333E-01  7.0693810712246163E-01 -7.6686080434953618E-02 -4.7894590693812672E-01
  3.4485963451310253E-01 -2.2811790549808786E-01  6.1275027034477049E-02 -1.1163167681471929E-01  3.8922556009376941E-02  6.5455404318152569E-02
  1.4375774855093363E-02 -4.1271012063832951E-01 -4.6231665130257615E-01  8.7364249737573718E-01 -3.0463644171621551E+00
ORDER     1 BLOCK     2
  7.1241699528400385E-02  4.1119715660550629E-03  1.3809047715293485E-01  4.7280360361879153E-01
ORDER     1 BLOCK     3
 -2.6711121740115074E+00  8.4511155915680569E-01  5.5888961493125295E+00 -1.9789480759650977E+00 -8.0615273979529700E-01 -4.8568386780166235E-02
 -9.7714026432063603E-02 -2.2110051391791892E+00  4.4038556989934896E-01 -1.9976820212984450E-01 -2.6643217741766084E-01  8.9767463958880800E-01
  5.0665096886666650E-02
ORDER     1 BLOCK     4
  1.2492659554442878E-01 -9.2635648077336863E-01  6.7582261332524851E-01 -2.4124071549538990E+00  2.9119681154514276E-01  1.5165349405432005E+00
 -1.7046754636703561E+00  2.1361558511495762E+00  1.4069811618624625E-01  4.6256713719742654E-01 -1.4525711477498757E-01 -1.0015420789830387E+00
 -2.4186706391548138E-01 -1.6725622730498474E-01  1.7699779718072459E-01 -9.1393505449911427E-02  1.7559487329526204E-02 -2.3930963086708718E-01
  2.5191718132915930E-01 -2.3642520335485318E-01  7.8477887731669427E-01 -3.8821372881425698E-01  1.3859065289769246E+00
ORDER     1 BLOCK     5
 -1.1595097573627883E-01 -1.1227597058066068E+00  3.8213976859959015E-01 -1.4003928290469672E+00  4.0794767556618122E-01  3.0127897279164375E+00
 -4.4332293746814877E-01  1.8999056748296967E+00  1.1017430732137778E+00 -3.4225514963255088E-01  2.9843936468992211E-02  4.3217200633045599E-01
  6.1363799624006332E-01  3.2561629621611542E-02 -1.5022721598305364E-01  1.1976454636926331E-01  2.2115144675647186E-01  1.3738090390402857E-01
  4.3845223721281995E-02 -8.2739255833674019E-01  1.7326524857116452E-01 -3.0057827127738554E+00 -9.1269093451920313E-01
ORDER     1 BLOCK     6
 -1.1539267637453670E+00
ORDER     1 BLOCK     7
 -1.5117364442189898E-01 -8.1006936484596184E-03 -5.6414102610993833E-01  1.0612242147836803E-01
ORDER     1 BLOCK     8
 -2.1845187233137335E+00 -1.4350052885371398E+00 -2.2758955632372432E-01  2.1112660093617839E+00  7.3433544957971471E+00  6.4910637775159934E+00
 -1.7688234730307675E+00 -3.5963588189070359E+00 -2.4654606975490161E+00  4.0539793229644910E-01  5.5187832058526044E-02  2.6581134002968437E-01
 -5.7749974271301263E-01  4.7292837188915648E-01  4.2208378962918319E-01  2.6371852792008182E-01 -5.0114668365244947E-02 -1.7431427956169929E-01
  7.9319310937489576E-02  8.7661499659707864E-01 -5.2729368487677419E-01 -2.8797960880502091E+00 -2.2008858755472054E+00
ORDER     1 BLOCK     9
 -1.0214724275121438E+00  9.6353349768196106E-01  2.1897106378820723E+00 -2.2190064225552923E+00  2.2548751352756993E-01 -1.4763702602065792E-01
  7.4143282699932234E-01  5.3744487915470951E-01  8.2884906583530177E-02 -3.0199210931335563E-01 -2.6744181811769113E-01  4.6702867230667611E-01
 -1.2050485755850182E+00
ORDER     1 BLOCK    10
 -1.4271519187102759E+00 -1.6574126777694116E+00 -5.1709404021833805E-01 -1.3464447908257118E+00  2.0560008989002876E+00  2.3292385340627115E+00
  3.4076893476539287E+00  1.5953968140596659E+00  3.9532075317510951E-01  3.1474978815062643E-01  1.6201908913827709E-02 -8.6885288010708869E-02
  3.2666122951512305E-01 -2.6173708799866208E-01 -3.0620354165199404E-01  4.5914158642801888E-03  1.9350054756404544E-01 -5.8207460399817973E-02
 -8.8628737452416881E-02 -4.0117375129756261E-01  2.6836049460282224E-01 -1.4151737532903292E+00 -7.1815187443964690E-01
ORDER     2 BLOCK     1
 -1.0567391727027575E+00  1.1465730305536250E+00  5.1765634319080644E-01  5.3388153022820928E-01  4.8130923989187863E-01 -9.2823554325215285E-01
 -5.0201009687739451E-01  1.2778766534402264E+00 -4.9585254843936923E-02 -1.2123515359612100E+00  2.5163786011900485E-02  2.4075535869934978E-01
 -1.4081120001084158E+00  7.9473813838786023E-01 -1.3266494477056796E+00 -2.2763961669525434E+00  1.2912532689082923E+00  1.3320028711541290E+00
  2.4471964241039315E+00 -3.0136338060285994E-01 -2.5076493916710380E-01  1.4523043261799524E+00 -2.6161926427308685E-01  2.9182069288904939E+00
 -7.4280954475322369E-01  9.4649682711921490E-01  2.3533014706954032E+00  5.3554083721474066E-01  2.0222016611762694E-01 -1.0599545002046618E+00
 -2.2120516218660118E+00 -1.3378104800480317E+00 -5.0262735648481405E+00  2.1802859102814871E+00  3.9458535233825892E-01 -1.1782256274108807E-01
 -5.9580786601929969E-01 -3.9295523806534254E+00 -3.6937254593665947E-01  1.0014641961295958E+00 -1.1116388942081150E+00  1.1929888965302050E-01
 -4.0422229681777704E-03  3.6613829626580568E-01  1.3320908091680095E+00  1.8506114887092748E-01 -1.9958397431211378E-01 -9.3810690556693443E-01
  3.2557581330231500E-01  4.5576152812637283E-01  3.4988276817226416E-01  3.4698355034943806E-01  4.9948363877254193E-01  4.8666270820236018E-01
 -1.9897386870985595E-01 -7.4557603269549122E-01 -3.0452386921759617E-01 -2.5046956881835952E-01 -8.8889898190193578E-02 -3.3241476005460679E-01
  1.8467663900361286E-01 -2.3696929660997576E-01  6.8223331793463515E-01 -2.2662647334689656E-01 -4.8177141133703499E-02  5.9429556183134069E-01
 -7.0801874795777509E-01  2.7571453664396695E-01  1.8292310642949984E-02 -2.2138924783868693E-02  1.2476809267979148E-01 -9.2195122541897312E-01
  1.0045681587109829E+00 -1.9201094166091121E-01 -1.7096478485572598E-02  3.6764536658663166E-02 -1.6681676468584633E-01  8.5751960593674573E-03
 -2.9493983860776840E-01 -1.5982056094845962E-01  6.5306307347979944E-02 -3.5517095487116505E-02  1.2521973114412925E+00 -6.3443480399516361E-02
 -1.8971626383676357E+00  5.3410862165744262E-02 -5.5347740741083326E-02  2.7246408440607311E-02 -5.0580940387972020E-02  2.2763078727334302E-03
 -4.9293155535556015E-06 -1.2810646150145948E+00  2.9512429369253877E-02  1.8125369193020264E+00  1.0620843204972015E+00 -2.0217090865550850E-02
 -1.5947355909059535E+00  1.1477549388882653E+00  1.5224978208335121E-01  3.9113290626300552E+00 -8.5766608805611466E-01 -1.8339723174589984E-01
  3.9743370311907317E-01 -5.0588676523084830E+00  4.2210104930365472E-01  2.3363231279530655E-01 -9.4393783508970619E-01  3.6171920720662648E-01
 -9.2112153756580240E-01 -9.8830358768359980E-02  6.8949645338304399E-01 -3.4141624585615804E-01 -5.7594647708994928E-01  1.7162665249168605E+00
 -6.7140033885077754E-01  8.0386704413595611E-01 -1.1385223939723850E+00  9.5630306695330092E-01 -3.7931262545941702E-01 -3.4197238162508650E+00
  1.1920120462087438E+00 -6.8237726421404066E-01  1.1319565406373748E+00 -1.9422952831086460E-01  3.6714110005599776E-01 -2.5833225392521986E-01
 -1.0693696598138841E-01  1.5210646687871313E-01 -3.1065641004080557E-02  1.4673747567735376E-01  1.5543616986540112E-01  1.9938909842222047E-01
 -1.3524546863973921E-01 -2.8978105915510044E-01  6.9222148770658276E-01 -1.2984155614963208E-01  3.3130898900191352E-01  2.8827052411210090E+00
 -8.8917591751009606E-01  8.0009147154959673E-02  4.1600130168895016E-01  2.4910184835719804E-02  2.2011979423487996E-01 -5.5542042934119218E-01
 -9.5257794350859371E-01 -4.0030016768477961E-01  2.8942505429254917E-01 -1.3710753997729538E-01  1.0114369754798740E+00 -1.0363704352683874E-01
  4.1744044965290589E-01  1.2539575298522954E-02 -4.5681667510051488E-01  3.2663647702008108E-01 -1.6563644955639065E+00  8.8187515776469869E-02
 -4.8715261616473976E-01 -2.3302099430716805E-01  8.3818866566306577E-02  3.0496819248716417E-01  8.3109845859145520E-02 -2.9064387120292107E-01
  2.6692966838550830E-01  8.8364102762591246E-01  4.4932080424324344E-01 -8.6668349918422483E-01  9.9892344936612781E-02  5.5317335560392600E-01
 -2.2205763944719129E-01  1.9567750393712410E-01 -1.4061171922915570E+00  4.6266799577397100E-02 -2.9220675155007905E-03 -7.7346249818478063E-01
  3.2796169389679586E-01 -2.6172731454957548E-01  3.6186944835891492E+00 -4.5173899592977435E-02 -2.3404969747703109E-02 -5.9074278755104084E-02
  1.2801863048062915E-02  4.0429996689940600E-02 -1.4560719711014159E-02 -6.0559643735015503E-02 -3.5684522141895450E-02 -7.6104767729420902E-02
  2.7988820153916186E-02  1.5209340248947503E-01  4.9530251428048698E-02  1.0761875711063026E-01 -5.2538052990474321E-03 -2.9487342156656819E-02
 -1.0929052270877593E-01 -7.3542296140293853E-02 -3.1661297998213239E-01  5.8504598387584428E-02  1.7893318168090008E-01  7.5277995940312606E-02
  1.2217888948277265E+00  1.2389020319112598E-02  3.0736066427645908E-02  8.4069055488467173E-03  1.3501477811044004E-02 -1.1328134229610473E-02
 -1.3387934277643914E-02  1.0901700655763080E-02  3.2476074499181639E-03 -3.7834725400268421E-01 -1.3869208961513824E-01 -1.6982219038975235E-01
 -4.5706143363760621E-01  5.3973036072058200E-01 -5.0198691835959353E-01  2.5165585274009922E-01  1.2751629030191849E+00  1.8958611650337052E-03
  7.5472698173741048E-01 -7.2608198876794885E-02 -2.6363416196895192E-02  2.4907181943846440E-01  1.9904263789173618E-01 -1.1847309761598529E-01
 -1.5682439509453122E-01 -1.7409784234432078E-03  1.9093740120403990E-01  2.3246217570222086E-01 -6.1285191235934344E-01  1.4752408791931626E-01
  5.8520170759841195E-01 -1.5202463930837837E-01  5.1855294564865595E-01 -3.3745497445275791E-01  8.5244289532064665E-01 -2.0824018939419595E-01
 -1.0663313158557906E+00  2.2623469880347169E-01 -6.0144492222548618E-01  1.7965815706358856E+00 -1.2692182752903144E-01  6.6050456159137655E-02
 -5.4847712589326518E-02  4.3974204114141158E-02 -1.6496834480805556E-01 -3.7233202552612338E-01 -4.3351835799317245E-01 -9.6982626983141529E-02
  5.0895032096985357E-02  7.5782208149577243E-02  5.7823059362001210E-02  2.3391421146988913E-02 -1.6542704585741960E-01 -1.0628680959315399E-02
  1.0904009187539911E+00 -1.7109949243054892E-01 -2.2979178801015781E-02 -2.7242187298043209E-02 -1.3212493242937751E+00 -1.8178822541941148E-01
  6.3878644216886398E-03 -2.6515292271843598E+00  4.4654507050505519E-02  2.6433503103022388E-01 -4.7544635759627488E-02 -3.6231502651805153E-01
  3.4532253661299200E-01 -3.2256425177987241E-01  2.9665014470708773E-01 -5.4841628103066475E-02  3.1979051797756253E-01 -1.0985843731621625E-01
  4.8529632026629493E-02 -6.6323594534140259E-02  1.4495533858159693E-01 -1.2730020194258609E-01  9.7051110147749897E-01  1.0193426058192442E-02
  4.3836580654708864E-02  5.9323440694030068E-02 -1.3192738048402844E-01  2.0734202812917371E-01 -3.2354198270222727E+00 -1.2836719396457577E-02
 -4.4056624547598504E-02  4.9217196215625057E-02 -3.6220405941176079E-02 -1.5488218122337763E-02  1.6146726221093952E-02 -6.9446310293325595E-03
  1.6950454806842848E-03  7.6101986519158518E-02 -1.6320227091239831E-01 -1.7441457567591181E-01 -3.2531637384014919E-02 -4.7813551059190558E-02
  6.3759961514131214E-02  8.4019601779144004E-01  1.1110379936551784E-03 -7.3218366519046847E-03 -2.4103558303584724E-02 -1.8929984113207850E-02
  3.9273117421434370E-02  2.4368294241400107E-02  6.7503475409073380E-02 -2.6420518430519522E+00 -6.5184185221960222E-01  9.0621005509655170E-02
 -9.0679010470328184E-02 -6.9328734266045980E-02 -4.3891297763045255E-02  6.9365921160391348E+00  9.3277644557276873E-01 -7.4196366295463570E-02
  1.1288608477622675E-01  8.7489523420444304E-02 -4.0879580174352448E-01  1.8792190208548096E-02 -1.4692475125654880E-01 -7.9197059571101569E-02
  3.4748966843688493E-02 -6.5503239197972435E-02  8.9869537290945989E-02 -1.5623987543901816E-01 -1.3094719465693258E-01 -8.8071266727077602E-02
  9.8847991187904397E-02 -1.5649727568969436E+00 -2.4907319847094961E-02  2.6668447173476436E-02 -1.0800178339194067E-02  6.9525791166625524E-03
 -2.8355677673684798E-02 -5.4518968300202690E-03 -1.0590108755969224E-03  1.1537236268189349E-02 -1.1893520571732415E-03  4.4396916038484746E-01
  4.2890031350243678E+00  1.4119745176046891E-01 -2.7597022356599055E-01 -6.2956584710908747E-01 -1.1733671457275431E+01 -1.5198440689723267E-01
  4.3253975021667379E-01  2.6087709996214063E-02 -2.7719802933078623E-02  3.0287882429515349E-02 -5.7016226067191492E-02  1.6021489976877276E-01
  5.7778495055726102E+00  4.6169808189996213E-02  2.9335467967534463E-02  5.5998060905451501E-03  1.9827482249251356E-02 -3.3287241540210469E-02
 -3.6675584706333253E-02  1.4092383455515922E-02 -4.1827981387673602E-03
ORDER     2 BLOCK     2
  2.1040154307520385E+00 -1.6112829756026774E+00 -1.5416484056772877E+00  2.9942079737932725E-01 -3.7778215074031674E+00  3.0272974384230071E+00
  1.6680878704447708E+00 -4.0296226783141337E-01 -5.0640812119779943E-02  2.1140051777385291E-01  7.4310545975774078E-01 -5.1626294120898544E-02
  3.5624315026097746E-02 -4.7359723740003515E-04 -1.6147625835212974E-02  6.6480914858819906E-02 -4.3142181212575167E-02 -3.1199872080755998E-04
  2.4455289404806409E-02  1.8221428729814183E-02 -1.2281774349021256E-03 -4.8506891376054800E-03 -7.9159183890011242E-01  4.6338609924164531E-01
 -8.2364697554316257E-01 -2.2871031324984230E+00  1.0042908582277654E+00 -1.0334740023637452E+00  1.1962635453591379E+00  2.5874665496291787E+00
 -1.5105210193681982E+00 -9.7217968475648475E-01  9.2958610814583606E-02 -1.1154473496436168E+00 -1.4687054997143982E+00 -8.9616600593112850E-01
 -8.7495198361508292E-02 -2.7298956553549164E-01  8.2096503782891117E-01  6.0681753535090432E-01  1.7176034535389308E+00  2.6797576395725016E+00
  1.4182760232977221E-01 -1.9347037314074006E-01 -7.6063441035159884E-01  9.1076015753969242E-01  1.6441361541286932E+00 -3.9124281267786071E-01
  2.7601204473550106E-01 -2.6513284764511114E-01  9.8738710792394130E-02  1.6093944417081849E+00 -1.5567820192064097E-02  8.5718580277522616E-01
  2.5139725343834757E-01 -2.0940439865656457E+00  4.7744165980866025E-02  1.6233908404387734E+00 -4.9270488946427410E-01 -1.4121818723572521E+00
 -3.5529658319486906E-01  1.1878708343148855E-02 -2.2509260280955568E-01  8.5910502651685927E-01 -1.3256321364148566E-01 -3.4260428599607426E-03
  3.8931924098213166E-02 -5.1371934417271781E-01  9.9295814096596402E-01 -3.8701488760160808E-02  1.7647555632396127E-03 -1.8607341871062329E-02
  6.2545806188749426E-03 -5.7884668202265149E-02 -2.5077788278964876E-02  1.1026997128968997E-03 -6.5826436431771232E-02  4.9189339518172198E-02
  1.0309849301528155E-01 -1.8747813028589029E-02 -6.1327338736018022E-01  1.2185998628951134E-01 -1.8302004680017836E-01  1.9132419174273232E-02
  3.5836008382998707E-01 -9.8783236421059328E-01 -4.7067744975491882E-01 -4.0969337761139241E-01 -3.3583315993063649E-03 -7.0746646984657269E-01
  5.8684356803778692E-01  1.1522172780588683E-02  1.0727901318285470E-05  2.7537398655865592E-02 -1.4788486097886153E-01 -7.8779863867835156E-02
 -6.4220875175550474E-02 -5.3859022710406549E-03  7.7347316478042299E-02 -3.3853828618280019E-01  1.9420194370893554E-01 -8.5124610403050832E-02
  2.9207505896990797E-03 -5.5676515964162931E-01  2.3180511785766791E-01
ORDER     2 BLOCK     3
 -1.8899346187741439E+00 -4.7757725611066659E+00  4.0436571986490316E-01  1.9156814322089872E+00  1.5508951451723541E-01 -5.5986890744172679E-01
 -4.3354063209694846E+00 -5.8091222306865236E+00  8.0952979286793930E-02  4.4321866742594218E-01  6.1210577695647324E+00 -5.6978007105989004E-01
  2.5816524530168459E+00  5.0787076155867936E+00  4.7848537012304933E+00  1.6565963570923181E+00 -5.1014745378760251E+00  6.2435819476151633E-01
 -1.8739656907413316E+00  4.4063675093893320E+00 -1.2875822367332948E-01  4.2507340624636764E-02  4.6586725154073712E+00 -1.5268356920282455E+00
  2.5189983363277770E+00 -1.1782955657128372E+01  5.0874953702207337E+00  6.5126573524434068E+00 -4.8151263594231617E+00 -5.4319355027046567E+00
 -6.1068853931563760E-01  2.5109303911222802E-01  1.0781339028128953E+00 -4.0704956765848621E-02 -2.1717432576560705E+00  1.6067205954387225E+00
  1.9025115892147071E+00  4.9166645718867485E-01 -8.4450760385844381E-01  2.7826107560672692E-01  3.4282624246183113E+00 -2.8191046716935810E+00
 -2.3006532160870043E+00 -1.1436771409915940E+00  9.7931159434989978E-01 -7.1321441869956448E-01  6.9032265316563191E-01  1.0562228860829017E+00
  6.4150913624866257E-01  1.6771044395389505E+00 -1.4421113895125597E+00 -1.4015523340558717E-01 -1.7208663906386659E-01 -7.8447605452516556E-01
 -8.7911399450517136E-01 -2.5966497143956349E+00  1.9060174258532274E+00  1.1150956056454774E-01  1.9392145325894222E-01  1.3411844468326366E+00
  3.2222634054371135E-01 -1.3612242566797247E-01 -2.9037568429473593E-01  6.5662012809866929E-02 -1.3629624259986780E-02  9.2009151100167419E-01
  4.3092335860353045E-03  1.7388705315839570E-01 -1.8330475397651597E-01 -1.2289190389093294E+00  1.4557738552718660E-01 -3.0205354618604568E-01
  1.0099013993925192E+00  1.6087358569918336E-01  2.2579922023213739E-01  1.1503672495357540E+00 -1.3066502705536311E-02 -1.9413041645877644E+00
  1.6146695011098646E+00  1.2835550738458415E-01  1.3648099905721706E-01 -7.1316845039248025E-02 -7.7053149766464438E-03 -4.4197897949460890E-01
 -2.9432395583109287E-02  3.8382543780459806E-02 -7.8160832613542633E-02  1.8298342093256612E+00  3.8342792531742025E+00  2.6539104345451308E+00
  1.2248038620264472E-01  3.3688378062314023E-01  4.1479085336893490E-01 -2.1968478977349757E+00 -3.6046785910520898E+00 -2.6677597923184533E+00
 -4.8224725612733305E-01 -1.6163235760400831E+00 -1.1764040061161918E+00  8.0674220365096239E-01 -1.2513041987032147E+00  5.2882984175991951E-02
 -3.9739904924938766E-03 -8.1817669673488174E-03  4.6468781749764387E-01 -5.6179531069396904E-01 -9.1097829251304119E-01  9.8978673556679664E-02
  1.5686976649887405E+00 -2.8813434287943041E-01  1.3203229397705724E-01 -6.1496587781785395E-01 -3.0908050334600028E-02  2.4834596424174031E+00
 -3.0861009688327092E+00 -8.4212907423577199E-01  1.2619224864259286E+00 -6.3887130425756500E-01 -1.6432362351046229E-01 -1.2534979882261299E+00
  5.9441194731764195E+00  1.2930264049758897E+00 -2.1767633802038762E+00  6.7783308349069205E-01  1.3757160062201673E-01  2.0225352611201690E+00
  7.1195160734938465E-02 -4.2856138500760238E-01 -1.7139734549648908E-01  1.7333908955034338E-01 -2.0027978766459806E-01 -1.5554768672030095E-01
  3.1871437667724317E-01  7.0097886620343486E-01 -8.6706716722435373E-01  2.3862746552909755E-01 -4.8264720787535263E-02  9.4482024188517832E-01
 -3.5539948879930783E-01  3.0043532337272416E+00  1.7366077994216484E-02 -4.2676778265794933E-02  1.4508538153341655E-01 -1.3091124982973088E+00
  5.2113976345754831E-01 -8.0224472348860569E+00 -1.0376150220763172E-02  1.2164377608054443E-01  2.6858350513043897E-03  1.1041567288360173E-01
 -9.9802430153034846E-02 -8.1690366468273837E-02  5.5252712984273603E-02 -1.3176783764570791E-02 -1.2920143780644247E-01  7.4378053180233095E-03
  3.9123213793280723E-02 -4.8032823347400083E-02 -2.5076520745275437E-02  1.7343410149617303E-01 -6.9174031584254891E-01 -1.2132809332629904E-01
  1.0154514057464585E+00  1.6395913259134240E-01  4.6106818882910079E-02  7.4154921261040604E-02  2.8741226412857517E-02 -1.1806389878354047E-01
 -1.2096084911067562E-01  1.3147651944055818E-02 -1.1744757068127902E-01 -9.8477868744214980E-01  3.3869101336940255E-01  1.7134498765404405E+00
 -2.3737274212975720E-01  2.1420760869700123E-01  2.4805326384317147E-02  2.6397641558877771E-01  3.3196613334847958E-01  5.2558855447355425E-02
 -1.8149484295717775E+00  5.0630071565765289E-01 -9.3123363005838300E-01  1.2891399159832431E+00  9.1832157231965611E-02  3.2582158742742142E+00
 -2.1347990430882584E+00 -6.3623388413387316E-01  1.3157284825234483E+00 -2.1244999622338518E+00 -2.5435788523359204E-01 -5.4211833087492458E+00
  8.2970427770237776E-02 -2.2023561264799268E-01 -1.5902277295196493E-01 -1.0896750205155577E-01 -4.7677179896191316E-02 -6.4716609062645647E-02
 -2.2118101008799923E-01 -1.9385804409036047E+00  2.5313795489598367E-01 -3.3768925786985343E-01 -3.5439449350389429E-01  3.7836662392274573E-01
  2.4165587919180212E-01 -1.6745001905902168E-02  5.3938171295882020E-01  4.5073215343779038E-03 -4.4870502523835054E-01 -4.2217819999087591E-01
  6.0865646613579949E-01  1.5294192238703816E-01  3.5378179196973843E-02  2.0567221294178498E-02  2.4169476361084666E-01 -1.6093758127042561E+00
 -1.1882580483636335E-01 -1.8612067686074717E-02  3.1372633428549240E-01 -1.7267425848212853E-01  1.0384812338353135E-01 -3.5897980393681239E-01
  2.4029533429565736E-01 -1.5833634559565088E-02  4.5571632390308738E-02  2.4725205568694028E-01 -1.0135287921682136E-01  5.3096457263255104E-01
 -4.3487559726738589E-01  5.7609654847711068E-03 -6.6122034503621127E-02 -6.3422933132788364E-02 -3.8874414460768988E-02 -5.0327660653242970E-02
 -3.6833625578832846E-03 -1.6876913559404339E-02  1.5169240502364454E-02 -4.4904988771942633E-03 -1.9004356792373153E-02  1.3581808250821519E-02
 -2.6918215397614787E-02  4.5985563847752769E-03  7.5363086248896746E-02 -1.7913543278196331E+00 -1.1494562990823132E-02 -6.7294106993325917E-03
  3.0516052168927797E-02 -2.7521349651791469E-02 -4.6854288952629851E-02 -5.0405242873897737E-03 -3.6073502405549196E-01  1.8355140480510377E+00
  5.0110090136552421E-01  2.5950332408594443E-02 -2.7108396569485543E-01 -3.1791544843682673E-01  5.1092023349359583E-01 -4.7346789652259664E+00
 -7.4651796336730269E-01 -2.4070298664591844E-02  2.7500278488342106E-01  4.0812370033139245E-01 -2.3747422848596095E-01  1.4561461310332155E-01
  3.3945372422519243E-02  1.3342642223294610E-01 -1.6844714824743595E-01  1.2331679867854584E-01 -4.8508837802013517E-02 -1.5707325873645447E-01
  6.5186206351251275E-01  3.4934653943395712E-02 -1.0230277774383506E-01  4.2044430039000158E-02  3.7767475041780268E-02 -2.6947786373639423E-02
  7.5649607779900513E-02  3.7107599214184536E-02  1.5268642480940714E-01 -1.3269493676835012E-01 -2.0235855240307219E-02  1.1502030662666021E-02
 -5.6811518627818570E-04  2.6422427258835784E-01 -6.7181771210245378E-02 -3.8099649445233058E-01 -2.4338316190549419E-03 -5.4882292776522942E-03
 -6.5114832963576119E-02 -4.0317759163670967E-02 -1.3410243301717928E-01  1.1925945792729131E-01 -1.9031192099524419E-02  7.4876553465901361E-03
  1.6188742674889955E-02  2.4382363665311282E-02
ORDER     2 BLOCK     4
 -1.1367069830362266E+00 -5.3564036815727034E-01 -6.5703814040520658E-01  6.2637500626089793E-01  8.7184020490237241E-02 -4.7622393891177961E-01
  1.7809201331258557E+00  5.6913161581896597E-02  1.1357725544671253E+00 -1.8329766440802666E+00  1.4336356925321385E+00 -7.3230058028707934E-01
 -3.9070557648790699E-01  7.0913617985190347E-01  5.1196392671142532E-01  2.6478370629247241E+00 -1.3238181717440807E+00  7.2645390055119252E-01
  2.6370864882195666E+00  1.0488753539462299E+00 -4.8704074872036190E-01 -2.3338502487200308E+00 -1.9665868208978869E+00 -3.5823539662240917E+00
 -1.0363331289244637E+00  5.2099547170476568E-01 -1.9258675492237078E+00 -1.7785511733442921E-02 -5.8221213329221444E-01 -1.6941227896300165E-01
  1.9544026207286034E+00 -7.9679760363396213E-01  2.8030876357991827E+00  1.1466289638218705E+00 -1.7848347863432186E+00  4.7979107580745528E-01
 -3.6566904929530136E-01 -8.6974289627389345E-01  2.4651795583117830E+00  2.4820571269597588E-01 -6.8078433838624475E-01  1.3805996254872903E+00
 -7.4244548419482614E-01  9.8752813571546383E-01  6.8440911965128060E-01 -2.3680932465114211E+00  6.5221172921418780E-01 -1.4270789294103441E+00
  2.8715098403440109E-01 -7.3452285708400278E-01  5.3062638252899252E-01  3.8966141275971350E-01 -3.7027181113362548E-02  1.3683977763206585E+00
  4.1281674876263902E-01  1.3655572030704406E+00 -6.2957192835501796E-01 -3.7160361664718700E-01  8.1506077998272863E-01 -1.5002271509849758E+00
 -3.1123612654818616E-01  1.3884786103604843E-01  1.2405475345199157E+00  2.7607360995009173E-01  1.6799064638312717E+00  1.4361811702211386E-01
 -2.8197121022578181E-01  2.8471760893485593E-01 -9.6477055233573049E-03 -1.1180407592862113E-01 -9.3269685966357291E-02 -7.9775856591769292E-02
  5.3769914805108732E-01 -4.3477153193075879E-01  4.0785481047062637E-02  1.6468719592161085E-01  6.5297814973456214E-02  2.6639567188536978E-01
 -5.0088587568079335E-01  4.5346777539067462E-01  5.6118369726534209E-02  1.2783819187313761E-01  3.2028832480779068E-01 -1.7680078847515764E-02
 -5.8039658891470602E-01 -6.1089565069521755E-02 -3.5482635735860918E-01 -2.2688574610578155E-01 -9.6473961753882634E-02 -7.5763171711444432E-03
  5.0106857538069580E-04 -5.5928800493974262E-01  1.9389188487458433E-02 -6.4292844754136658E-01  6.0547437319169928E-01  3.1033643006932142E-03
  1.3353589189064383E+00  3.7221128920889890E+00  4.4111735406620411E+00  9.2952959973422278E+00 -2.7721476877539035E+00  2.4220644070431391E-01
  1.0478064072107780E+00 -1.3066827274740680E+01  1.9406007549048039E+00 -2.6552459036240955E-01 -1.2688141616903685E+00  1.1747466614743511E+00
 -2.5767158311272333E+00 -7.6128056654546694E-02 -1.8975959160683470E-01 -2.8607601273301203E-01 -4.0039746576723365E+00 -1.4071672457629902E+00
 -1.4014939162789268E+00  3.1066125894314978E-01 -4.2204801109823797E-01  7.2588725768954410E-01  5.5405745008634772E+00  2.1792268167111550E+00
  1.6279333898247659E+00 -3.7978387042305561E-01  7.7574028171659881E-01  1.1385371632337538E+00  4.6381776363409710E-01  3.8456423235032866E-01
 -3.7287048142318341E-01  5.8187912060617374E-02  1.8800877209770506E-01 -4.7621040165992651E-01  1.6277817673019496E-01 -7.1231746721645117E-01
  1.1199435513557456E+00 -6.6198892206025017E-01  7.3002478677192562E-01  5.2282141493504175E-01 -1.5623969095062913E+00  4.4822224945695233E-01
 -6.5984879117340589E-01 -5.8908250684647256E-01  3.9443779075683444E-01 -4.0625584068500975E-02  8.5195353021927947E-02 -2.1484296851383946E+00
  1.0999868246968873E-01 -4.5815809389959505E-01 -6.7563231196756968E-01  9.4128949484584667E-02 -2.1377485423259140E-01 -8.4631700371319646E-02
 -5.6814145316642661E-01  1.0361536144997672E+00  1.0319518634175373E+00 -2.5463629145585170E-01 -1.8548116170040871E-01  9.8471255459076756E-02
  7.8843870739755484E-01 -5.5522353262258982E-02 -3.5291189615689705E-01  4.1321292329434614E-03  2.7782231268832080E-01 -9.0476201639126869E-02
  8.3707175181961024E-02  2.1047480747897871E+00  1.2574203000315415E-01 -8.4711822188391994E-01  1.1259734952404982E-01 -6.2715727265858667E-02
  2.5125407785284654E-01 -2.0322394291236966E-02  5.8973912400423190E-01 -5.2892585372270014E-03  3.1568064739359206E-02  1.1975088884759175E-01
 -3.5506184131457685E-01  3.1680747564883462E-02 -1.8728688906301181E+00  1.0476279533390581E-03 -4.1751988294207724E-02  2.4313302441208336E-02
 -5.4999650017938988E-02  3.0959220818364734E-03  1.7364784264444530E-02 -2.4421916220785208E-02 -5.7853597273291243E-03 -7.5192939718415577E-02
 -8.8459242673759667E-02 -2.9400546615927187E-02  1.5724967374390438E-02  1.6778471244952053E-03  8.0401319005495631E-02 -1.8148105378364607E-01
  8.7016471854585542E-01  1.4123919539191729E-01 -2.6788510718270248E-01  2.5856801940439744E-01 -1.1616773002375056E+00 -1.7042582676096873E-01
  7.6199515719805155E-01  1.4009522205621311E-01  1.0476118515798180E-01  3.5075836349111815E-02 -9.5469877807695613E-02 -1.2185111069644609E-01
  2.1081493672966611E-01 -3.1402145975581545E-02  9.8734798501443691E-03  7.6094861438154837E-01  4.2718124845476402E-01  1.1589584655291951E-01
 -4.9208955842162566E-01 -9.3674946888183175E-01  7.8182793736748413E-02 -2.9847552154143947E-01  1.9934159163008341E-01  2.1589874609761744E-01
  2.4259411694828819E+00 -1.1257577957788117E-01 -5.9870394585074738E-01 -4.2542607384855652E-01 -1.8929766721635287E-02  2.3793493602499921E-01
  1.2535934966805853E-01  5.7162283410023745E-02  4.7203106788559768E-03 -1.8016974317898984E+00  3.9232228242657557E-01 -4.1452971138691902E-01
  1.1077236415944949E+00 -1.5941139198530983E-02 -2.2898356528461916E-01  2.4910176010406238E+00 -5.3450838162389058E-01  6.8864000139744586E-01
 -2.0161677335983921E+00  9.1026504776927225E-03  2.8392616005981608E-01 -1.1898143982444536E+00 -3.3297928366200880E-02 -8.6637983825060563E-02
  1.2317065939987985E-01  2.3850976101231092E-02 -1.1742326711715903E-01  2.9047835869997513E-01 -5.9939311116428451E-01  1.4587628534314037E-01
  6.2164454175347640E-02 -4.2042496713727440E-01 -2.3863936870912530E-01  6.6598664058783322E-03  2.5111406879796672E-01 -2.3321565470316340E-02
  5.2634971154467525E-01 -1.0318308001528396E+00 -1.1089067217480699E-02 -2.4641467823958259E+00 -8.7350753943084558E-01  1.4531878198156725E+00
  1.3537495441861661E-01 -1.2191129659546647E+00 -4.3202895661072727E-01 -2.6821413503419000E-01 -1.5785898325270464E-01 -5.0440401460398521E-01
 -1.3747086774654269E+00 -4.1487170113711801E-02 -4.8573414147866444E-02 -4.1551850857289289E-02 -2.3491089126572132E-01 -8.2895186244254154E-02
 -2.1482277795072244E-01  3.1676003325314334E-01 -9.8293827825841146E-02 -1.0272009575941821E-01 -4.1456391504536677E-01 -8.3841101688021238E-02
  2.7788371658863640E-02 -4.6701024350142850E-01  1.8239503649027392E-01  1.3746471069227179E-01  2.3238997808601165E+00  8.1152241020055443E-02
 -2.8094060288072570E-02  1.2395988531702425E-02  1.2609651636742483E-02 -2.4799621397612191E-02  1.4273639969828908E-02 -1.9692181652523118E-03
 -6.8960714015082747E-03 -2.9549444568283276E-02 -1.7217457582872655E-02  2.9676831994812171E-02 -3.6529843637382979E-02  3.2370908884124576E-02
  7.8555769353099887E-03 -1.4657195818407209E+00 -8.7734406199329942E-03  1.8950901282018161E-02  1.0429985056638566E-01  1.8051241519894065E-01
 -1.4405136968428273E-01  2.3347149433762891E-02 -6.6875897968966619E-02  3.5723994291483971E+00 -2.3808345209553566E-01  3.5885068875733966E-01
 -1.4460944572494724E-01  3.3833608868736410E-02 -3.4777450565554843E-04 -1.0008781041773306E+01  3.1015017295231873E-01 -5.3380616123154367E-01
  1.8575433939054767E-01 -3.8616627804459104E-02  9.1263101621980952E-02 -5.8186784500265189E-02 -1.4644014657791360E-01  6.9083984616976776E-02
 -1.2372483770257936E-02  2.2992097977010749E-03  3.2298590822821292E-02 -3.2175790360284034E-01 -1.0055243288994124E-01 -1.8426921814204484E-02
 -2.9824547819237348E-02  1.0895522035242498E+00  2.6296476667540359E-02 -3.4329363830055283E-02 -6.9462748992101295E-02  5.0884984259338163E-02
  1.0516092759716331E-01 -5.0283735657394010E-02  6.4349509239956165E-02  5.0750129755794291E-03  2.3546506340817796E-02 -2.0301591194007157E-01
 -6.9711400073143768E+00 -1.6471784327193022E-02 -5.6730995736722779E-02  3.9701480721352611E-01  1.9119650961209739E+01  5.1362198181612473E-02
  5.8779875754785535E-02  1.2165047309584300E-01 -6.9395346756702586E-02  8.6275645400870193E-03 -1.7590292961630463E-01  1.2918931356956168E-01
 -2.7988970944107536E+00  1.5186397407183468E-02 -1.2942407106129875E-02  1.9520279729642587E-02  1.5774220407896197E-03 -6.3634272074287873E-02
 -9.9806019833348705E-02 -9.8771946949984066E-03  2.1907039849405957E-03
ORDER     2 BLOCK     5
  1.2312672462733032E-01  1.4663276698744366E-03  7.1999310944752315E-01 -1.9007010986518713E+00 -1.7584406047084666E+00 -1.3027700729085285E+00
 -1.2321442107310461E+00  7.9035193690134176E-02 -6.6477596351573254E-01 -5.6717559041143628E-01  1.6272998077185759E+00 -2.4051353530953429E-01
 -1.4953912349411602E-01  5.4432827046041299E-02  9.8949069539697940E-02 -1.6285120020454715E+00  3.6470865558279519E+00  1.8049751673814982E+00
  1.4544127845465327E+00 -9.9033499425530258E-01  9.5480680437593002E-01  1.8991907220420783E+00 -2.1011964055744690E+00  2.5350942006297466E+00
  2.8286690052227863E+00  1.0987956923562079E+00  2.3643152225556685E+00 -2.7289366786266010E-02  3.0970636778751409E-01  5.1889287255965999E-01
 -6.3189823742905196E+00 -1.5257030029617884E+00 -4.0744061464065471E+00  1.9672686320501942E+00 -1.7061410035366313E+00  2.9444605838971849E-01
 -1.6403165800259517E-01 -4.7910361000026631E+00  2.2096561640058350E+00 -3.5668520547218674E-01 -3.1342733306793433E+00 -1.0552186011747120E+00
  4.3631227918104462E-02  8.4207263761404716E-01  4.4771387824069677E+00  1.2671518762175957E+00 -6.0069499744000866E-02 -1.3828132368118706E+00
 -1.0035615601255159E+00  7.0510877023492746E-01 -1.3477274640293602E+00  8.4097697677069205E-01  1.6939694803984746E+00  2.9324700455771724E-01
  3.9651614530476963E-02 -1.5917043921460026E+00  2.3400163849832443E+00 -1.2439719934501901E+00 -2.3219631737519872E+00 -2.4009534236808816E-01
 -9.4818376298833495E-02  6.1315945273260697E-01 -9.2785131145547373E-01  2.4640738834881581E-01  1.2064036941517022E+00 -1.7225441630459703E-02
 -1.4676628805077777E-01 -4.8617960065043242E-01 -3.7258770734834190E-02  3.1012168382008511E-02  1.2517649043879603E-01  1.7174838439377377E-01
  1.2831221234741857E-01  6.4341091892448188E-01  2.2648553578969860E-02 -3.9491328611949220E-02 -9.2831311454393606E-02 -3.4819243006872014E-01
  3.9681919285460993E-01 -2.0072467644719122E-01  3.7013732758682492E-02  4.5604454285954457E-02 -2.4852672613910137E-01  1.2792454370780443E-01
  2.4062847544114199E-01 -1.1616484527641223E-01 -1.8791831911052220E-01  1.5666447792251435E-02 -2.3470857208638951E-02 -3.3595999552551237E-03
 -4.3406991399071382E-04 -1.0612185089221233E+00 -5.1152398937378369E-03 -2.4360489951841053E+00  1.8571396769817947E+00 -2.1130766275431222E-02
  1.6228416511601444E+00 -1.6320142638488224E+00 -1.3055783913550079E+00 -3.0072704891469426E+00  2.0274415713460776E+00  1.8344785965318261E-01
  6.2529099284120995E-02  3.7057044751430159E+00 -2.4189562425541262E+00 -2.9267583931487762E-01 -1.8139690777679604E-01 -4.0614394758751815E-01
 -2.8116959238714934E-01  2.3689318608626311E-01 -7.7922320334278916E-01 -6.3236382859571592E+00  3.0333069960344301E+00 -2.4332032430754977E+00
  8.1174754600191168E-01  3.4135715308193842E-01  8.3564924443901056E-01  7.7915850911427560E+00 -3.2281284392148173E+00  3.5018481728184141E+00
 -6.1364540183887195E-01 -3.4774099718763735E-01 -6.9482184100460287E-01  7.7186045948947646E-01 -1.5365062698005088E+00  1.0450861024932330E+00
 -9.0936597037922659E-02  1.6701865481761125E-01 -8.6590582947915593E-02 -6.4565326313186799E-01  1.4335815366023137E-02 -2.4022096567142304E-01
  3.3743546037022548E-01 -1.4130443566400379E+00 -6.1255400106531321E-01  5.1783133107143209E-01 -4.3249782906561013E-01  3.6025261042302592E+00
  4.9500065728934339E-01 -5.1954426685995869E-01 -4.2321761675264680E-01  5.2124348938397180E-01 -1.5167586950903378E-01  1.0323528008298501E+00
 -5.2067602924108253E-02  5.0308201240612349E-01 -1.4505676791535074E-01 -4.4317437225896933E-01  1.2371564536196034E-01 -3.4886627161193201E-01
 -8.4000568095776440E-02  1.6016465226238565E+00  3.4110799944902853E-01  6.5011214591467625E-01 -5.8348147962177066E-01  3.0421072274778732E-01
 -5.0044511359250299E-01  1.3982925776471811E-01 -2.0433250969281580E-01 -4.1002886697100199E-02  1.6973465238886490E-01 -4.0883965327022403E-02
 -2.8263915962476305E-01 -1.3311728499152058E+00 -2.4031575408678858E+00  2.6191655805031009E+00  5.9554978610714231E-02  2.3899124289243340E-01
 -6.4045891358904716E-01  7.6162850625264886E-02 -1.8748387591029186E-01 -3.9526207609322794E-02 -2.4346917752694038E-02 -2.9917796219115456E-01
  8.0597039547875016E-01 -6.4917698847645422E-02  3.3785100046550892E-01  3.8045045760660812E-02  2.3503067069399766E-02  9.0886391658699453E-02
 -6.5793656671607734E-02 -4.6952013894709585E-02  2.2945296057252321E-03  8.8263916606736749E-03 -1.3136142043495860E-02  3.1239670039867239E-02
 -2.1602443619708474E-02  4.3006936576536023E-02  3.5024804163216079E-02  7.9857781944810122E-02 -2.5345507842765708E-01  3.7629189685494807E-02
 -6.8712778232539920E-02 -3.4529329758529676E-03 -6.7964045497752112E-01 -2.8349189719154944E-02  3.4290335803219552E-02  4.8867866411294618E-03
  2.3598777592597839E+00 -2.1606539275847891E-02  4.7723367382569777E-02  1.8533890308513787E-03 -8.6779699557399826E-03  2.3872638970001164E-02
 -6.0832324339204991E-02  1.1107449965538125E-02  1.4626869246581624E-02 -9.3103085009935682E-01 -3.4307859981760730E-01  2.7066883858060276E-01
  8.8008518515343725E-01  1.2830641829000993E+00 -8.8810695161612685E-01 -4.1605578694784101E-01 -1.8025421776816628E+00 -2.8964947950511650E-02
 -4.2667512651574813E-01 -6.7175723626375665E-04 -3.5992453308387173E-01 -9.5427872497068064E-02  5.8382332125007180E-02 -2.2836039802292898E-01
  1.0738746335864829E-01  2.0464936978860520E-02 -3.0746220503974292E-01 -3.1798456175984913E-01 -1.4649441569134433E-01 -2.0458524494077218E-01
  4.5977178860132517E-01  7.5497102871370431E-02 -4.4950261091551774E-01  4.3005042611890087E-01  1.9889925493982213E-01  3.3153795021628940E-01
 -1.2691208152932603E+00 -8.9922882939272489E-02 -3.6073124080474833E-01 -2.3809439307502106E-01  4.8074400823301409E-02  1.3797254312938262E-03
 -1.2011889858854471E-02 -1.1772243940027486E-02  2.2108696388605781E-01 -1.4494998365451250E-01 -2.0168546706762558E-01 -3.3298714350079819E-02
  1.0620911059318471E-01 -8.2714047938349938E-02 -3.7373101782021065E-02 -6.1565685013466303E-03 -3.9615048685344555E-03 -2.8595183104582565E-03
  1.3830708484923260E+00  1.0234666679110753E+00 -2.0037290422770895E-01 -7.6029269352049400E-01 -1.9586521689297951E+00 -1.2954824234877849E+00
  1.5196879992751489E-01 -1.0261628434611263E+00  1.6890301553334466E-01 -6.2209009109020863E-01  5.6512401410494982E-02 -1.5139719043473643E-01
  7.6791817982335742E-01  3.6437748464359682E-01  2.0544081815135060E-01 -2.0437062065092854E-02  5.6642075585678120E-01  3.4766774001885430E-02
  5.8677093139323330E-02  1.4597927515998074E-01 -2.1402172374795830E-01  1.3172747639796270E-01  1.6829850430163087E+00 -1.6840125133860795E-02
 -1.8761369804625005E-02 -1.9694782435626937E-01  2.6277594160347134E-01 -1.9538804604146365E-01 -6.9973875898912183E+00  1.2801192191794694E-02
  1.9618664042959179E-02 -3.0387706264369915E-02  6.3456565929235667E-02 -2.7930813807691416E-02  8.0963810721847891E-03 -1.2292384450745826E-02
 -1.2398326532590579E-03  5.5557409188642964E-02 -5.0031083955169676E-02 -1.1370832358868150E-02  6.8677060366918192E-03  4.4273008857885952E-02
 -1.2633100597152475E-01 -3.3451042514262874E-01 -5.9830584735021883E-03 -1.6483566089978622E-03  1.7895026921746272E-03 -8.4534059321931202E-03
  3.0497105195916208E-03 -1.2971797157505587E-03 -3.2683303133187308E-01  8.2649594848628904E+00 -1.3021281992295405E-01  1.8604966643323223E-01
  3.9423564612285161E-02  1.2413819825746335E-01  4.5911837117423132E-01 -2.2508979588119356E+01  1.5343931131668917E-01 -2.5370384963407749E-01
 -4.8178605610323680E-02 -1.4438986839827050E-01 -1.9506242308971430E-01 -3.0201284801517403E-01  4.4751228978943408E-01  3.8278657257255856E-02
 -5.4251881327265918E-02 -2.0928531686278944E-02 -1.7408202423698546E-02 -5.1146763626180414E-01  1.6529299400774922E-01 -4.3624766544422454E-02
 -9.4067365978006717E-02  6.0932330061678082E+00  1.8214718026282998E-02  8.9724704215060087E-03  1.3193313594630860E-02  4.6170613245283621E-03
  4.2639055949619097E-03  7.4563626724281152E-03  4.7419937344842802E-02 -4.9837878198024932E-03 -5.0310088870745761E-03 -5.6072186805522894E-01
  2.7487776454292581E+00  1.6186187430269608E-01  1.7515985916160143E-01  7.9633990381888631E-01 -7.3175676266615914E+00 -1.9128157839642418E-01
 -3.1178587309642281E-01 -6.6362997808451368E-02  4.6951909336913872E-01 -2.8712931000478965E-02 -4.0709143473347409E-01 -1.5701819886292107E-01
  2.0809813346094668E+00 -6.7493828674493314E-02 -5.8199830776619835E-03 -7.9324194218514325E-04  1.4089569318010633E-02  1.1865501420229931E-02
 -8.5492950121827338E-02  1.9852484267670462E-02  6.8824310187367392E-03
ORDER     2 BLOCK     6
 -1.4388713654681018E+00  7.1739879204894197E-01  2.2736772311311646E+00 -5.0703433480477522E-01  4.1571124434836260E-01  5.4143485579655481E-03
 -4.6428760028915594E-01 -7.4273597501424565E-03  1.3302033451595101E-02  1.4844442515944689E-03 -2.3619300338572596E-02 -1.5154271128023453E-03
  4.7890810549093814E-03  2.5392339792708425E-03 -9.9545805818468995E+00 -6.7339698621848676E-01  1.2962303436877850E+01  1.3635866780467163E+00
  5.9993269822043005E-01 -7.5636474938280163E-01 -3.4721303072314386E-01  8.1987382915993319E+00  4.8391089799951548E+00 -3.9723907315989453E+00
  1.3123202547618720E+00  1.3005378152393310E-01 -1.1073663555949409E-04 -1.1306794019114699E+01 -7.1947440288863760E+00  6.9583850305149682E+00
 -2.9384382476829027E+00 -8.4038920488768176E-01 -8.5327705976644630E-02 -5.9461646133236901E-01  3.0507751256761140E-01 -1.4788711004659933E+00
  3.5570960408890506E-01 -8.5348795350321494E-01  7.0689724525499528E-02  9.9960677918884244E-01  2.0417893737402957E+00 -8.0698071435847292E-03
 -1.4843468389092473E+00 -1.3423081269699694E-01 -1.3767285069867765E+00 -5.9556171428836402E-01 -7.7741892539259172E-01 -1.0557184459587450E-02
 -3.6060972438610959E+00  1.8247149842532118E+00  5.1864122596555284E-01  7.7890562292332408E-03  5.0699775850746379E-04 -1.1475287112703007E-02
 -4.6508043594236735E-02 -1.2136005619791672E-01 -1.7488428614689774E-01 -6.7265872930191345E-02  3.0320683052921527E-01  2.9877269516919835E-03
  1.7291169036822351E-01  2.6925380366598983E-01  1.4153919720661157E-01 -5.9690964644297906E-02 -2.6667872638039380E-02 -4.7905472710090252E-05
 -1.3916494211621627E-01  2.6742393588283647E-02 -9.4439087263167937E-02 -2.7115961909051661E-01  3.6554371743505567E-04  5.1490747632373712E-02
  3.8297672291071405E-01  7.3921706360476980E-01 -1.5872247420566271E-01
ORDER     2 BLOCK     7
 -3.1113172539737093E+00  6.0029933059351475E+00  4.5547620150072354E-02  1.2835571864071726E+00  4.2669177860893575E+00 -8.5228549618890366E+00
 -3.3105814009525486E-01 -1.8881534157500299E+00  3.1254221262078385E-01 -3.7720456175992928E-01 -4.5962553019536595E-01  6.8202879520518241E-03
  1.0959305075375974E-02 -1.2338775905655554E-02  1.0406115988537346E-02  7.0603492521005831E-03 -1.2936575880540353E-02  2.4277029200053243E-02
 -2.1394500727434890E-02 -2.3482896572515628E-02  2.6806965059608702E-02  5.1658874850130047E-03 -4.8335247220167754E-01  2.7964585017699299E+00
  7.7860336906859962E-01 -2.2670678590282720E+00  2.1723890701939030E-01 -3.9768562357054518E+00 -1.6681686450868365E+00  3.4168707692300893E+00
 -5.4703201609131091E-01  2.8086816406620008E+00 -2.5768405681117346E-01 -1.1141224950837163E+00 -4.1729851237023983E+00  5.3138949045308141E+00
 -1.1537598984224389E+00  2.0838863921037562E-01  6.9737152757922183E-01  1.6963968058649601E+00  5.9398410322135167E+00 -6.6289732457160238E+00
  2.3410689249966961E+00  1.8153999586826793E-02 -1.8712493771997345E+00  9.0384080532760114E-01 -1.9438083118501253E+00 -1.1031865801222902E+00
 -2.6433435603147308E-02  4.3543422277365929E-01 -9.0454216028420908E-02 -2.1671307595936833E+00  2.3273399119092274E-02 -5.1645994836248370E-02
  3.2036607338763962E-01  1.1292600769958101E+00  7.9502036548005552E-03  1.8491924301375107E-01  8.5626346025783850E-01 -4.2077219145402206E-01
  1.2716270806973913E+00  1.2229261528222384E-02  8.3453564895542054E-01  1.2143225519917995E+00 -7.2248402305807391E-01  8.4100874403739249E-03
 -3.8421174140849429E-01 -6.7695609926267886E-02  6.0118197280003716E-01 -4.2589007586046876E-02 -6.8537525204196456E-06 -2.3027179322009494E-02
  8.4530055072778429E-02  8.5178942161596785E-02  5.8443262138517298E-02  1.1306852236026834E-03 -8.0724119903290092E-02  1.3529467433604903E-01
  5.3247034141069474E-02  8.2862136967067658E-03 -9.8735607759799143E-02  1.2986267848103872E-01  2.1956953827922443E-01 -4.6355556173661831E-04
  1.2845121221584122E-01  3.0800506336372829E-01  5.4743730781974496E-02  4.4705584820926098E-01  7.8193905883266225E-03  8.0746196174607854E-01
 -3.3070350660508091E-01  3.8875153858943211E-02  3.1277588893213320E-04  4.5775022260319279E-02  2.0648051796852217E-02  1.0343815653073745E-02
 -2.0218435932754497E-01  1.4443767284230016E-03 -9.3955983982499020E-02  3.9786825115846469E-04 -1.2451420581695447E-02  2.3701868706278478E-01
 -2.7208499193363735E-03  2.1914336849632357E-01 -6.6708738344294929E-02
ORDER     2 BLOCK     8
 -2.6561529273461262E+00 -3.6828945290777260E-01 -5.1145472272161605E+00 -1.2918774194806284E+00  1.0826824955832375E-01  4.0395004719769068E+00
  3.9168375489872931E+00  1.2827492599935471E+00 -4.8004516992395420E-02  2.7002242303999782E+00 -6.0476922631909846E-01  1.0319331812195845E-01
  1.1517107411927981E-01  1.0681201682671226E+00  3.7011397652008898E-01  6.7315653940117954E+00 -1.3949296444748791E+00 -5.7981373184952751E+00
 -6.9691078975306295E+00  5.6642465142197915E+00  9.0596457466375499E-02 -5.1774609139900400E+00  7.7326454628869501E-01 -7.2006277564899861E+00
  1.6851670700611845E+00 -3.5939272991280418E+00 -9.3211137785665876E+00  2.1209607766006328E-01  1.5990304737819810E-01  3.0006307198480425E-01
  3.3069099575199740E-01  5.1325198811144945E+00  1.1980038138818484E+01 -4.3864310290953163E+00  8.0217785124186858E-01 -2.5704193437595846E-01
  2.5715407809507450E-02  1.0805141434471489E+01 -1.0514990352460545E+00 -7.1600096548296965E-02  5.7367112213693652E+00 -1.1599979308318207E+00
  5.9023548836275119E-01 -4.1177587605605309E-01 -7.9982466071124865E+00  1.9952836104339799E+00 -4.7537237752449946E-01  8.8754129528914327E-01
  6.2676071930560384E-01  1.0495128223978698E+00 -2.4992761703554951E+00 -1.1691186271592564E+00 -9.7230176466049367E-01 -7.2663289434816114E-01
  1.7230541153710308E-01 -7.0109239777896604E-01  3.0400687504110082E+00  1.4611215781485987E+00  3.2816663319898050E+00  7.5759526140515687E-01
 -1.6128712056201594E-01 -1.6347984216467742E-01  4.0162219708983532E-01 -3.9224708194838537E-01 -2.2244359354060541E+00 -2.0771153689217079E+00
  1.8134618645956952E+00  6.3933174841327611E-01 -1.5343406892466341E-01  1.1645978930544575E-01 -5.8076666438069295E-02  2.5694660483964382E+00
 -2.2808279786640635E+00 -8.8129997225177548E-01 -8.3085330989371292E-02 -1.1270003225188281E-01  2.4932726001473216E-02  2.5455380361623859E-02
  1.9163150194824580E-01  1.8863486270697941E-01 -1.7916606863174775E-01  8.5090272850606580E-02 -1.3553819487809700E+00 -2.3846609421240941E-01
  2.1648946950957715E+00  1.2235418724047548E-01 -2.6596905831280687E-02  9.5892521010673026E-02  5.4343241061156657E-02 -3.1852443990278471E-02
 -1.6262257462557114E-05 -3.4337598135818759E-01 -1.6858973860728169E-02 -1.3792679546893050E+00 -4.5277034821396418E+00  9.7002502366891358E-03
 -4.7900641756121148E-01 -1.2139294301725714E+01 -5.4128675452948629E+00  1.0156758405781997E-01 -4.4623335909592567E+00  2.4212671634023236E-01
 -1.0060090097523995E+00  3.1092750310319767E-01  6.3802107296374375E+00 -2.0336785013304082E-01  1.0637882382396626E+00 -7.5451344758474492E-01
  1.3513890174909908E+00 -1.7525875842530983E-01  2.7582501055141900E-01  1.4080333173738323E+01 -6.8650421574557647E+00 -3.6232254213270960E+00
  5.9219863075293666E-01 -8.1696391715393490E-01  5.7244739874036152E-02 -1.8700741425651078E+01  8.6797157128145095E+00  5.2646939046004375E+00
 -1.1017525028688242E+00  4.5184319002950218E-01  8.4665119836108776E-02 -5.7318126115356338E-01  5.4471160024345189E-01 -1.0387048865105237E+00
 -2.4178010980165257E-01 -3.2063218802579119E-02  1.8875601759336703E-02 -4.6830109231484500E-02 -1.7712090112688827E-01  6.3897489805068985E-01
 -1.7110030956205522E+00 -2.6876414892962863E+00  1.1377835311625666E+00 -2.3041209502030119E-01  2.0433986685782277E+00  6.8143202993440255E+00
 -2.4996564992529322E+00  2.5844412736835071E-01 -1.4681768838236653E-01 -5.3287256549981477E-01  7.5871282066801604E-02 -7.8017771202983655E-01
 -6.4296765745743667E-01 -2.8186523717449972E+00  5.5650085003653493E-01 -5.6465500229617227E-01 -1.3258000171261284E+00  7.3801233180688608E-01
 -1.7570733376016685E+00  7.3803079963996598E+00 -9.1901343146660397E-01  4.6804182759163210E-01  3.0562221254518671E+00 -7.4334432314844212E-01
  2.2028740239873210E+00  4.4355897399962291E-01  6.2710610575512460E-01 -6.7153579340999991E-01 -7.8921129761109010E-01  5.4449305474609089E-01
  1.9526048125691104E-02  1.6396986799252307E+00  4.0903983428984070E+00 -2.7043243891711573E+00 -3.6742721283168966E-01 -1.0672027666964079E+00
  8.9890990194058273E-01 -8.6638287801496261E-01  5.0641111704544155E-02  6.3754698541305402E-02 -4.5214617633996777E-02  1.5544612256607437E+00
 -1.1685067846245139E+00  1.2131161067787299E+00  2.8690828042009475E-01 -1.1536284687979886E-01  4.1668606782301429E-02  2.8384612307060103E-02
  1.0344047067346847E-01 -6.1399558061932424E-02 -4.5083863788733976E-02  7.5766530277491487E-02  2.2305792503548104E-02 -2.5857797652836880E-02
  5.6940142984687175E-03 -1.5073926951522759E-01 -1.5333830381320709E-01 -2.0333432858240708E-01  2.5830417729495919E-01  8.5172768761388129E-02
  1.6813133174252461E-02  1.6993716490764595E-02  1.9229070879445020E+00 -3.5973711999101415E-01 -2.0247544923867319E-02 -7.6585256996634474E-02
 -4.9515867397195921E+00  2.0337403899888352E-02 -1.3893242779494908E-01  4.5604922899883799E-02  1.7002580303134649E-03 -6.5005663588924414E-02
  4.0726303865092350E-02 -1.2088769049221466E-01 -2.4170641200848449E-02  1.2577925185401364E+00  9.0069757473429057E-01 -2.7312285459332050E-02
  5.8465419927827965E-02 -1.7235960143097584E+00 -4.9273952556400663E-01 -6.1132122672858773E-03 -3.0059538471994790E-01  3.7232992106658619E-02
  3.2423772838287157E-01 -3.7612980926401245E-02  4.4151093824074100E-01 -5.9912967493280811E-01 -3.9217135960701577E-01  2.7152625079245651E-01
 -5.9137528526372000E-03  2.1835976874034154E-02 -2.6204192996733344E-01  1.3827264368787096E+00 -8.8803689077038628E-01  1.7732981531308517E-01
 -5.9370681536502012E-01 -1.1026949033647079E-01 -8.5585173681171267E-01 -1.9442268991032803E+00  1.2055803430754310E+00 -1.1195784855832369E-01
  1.2517162586827970E+00  1.1699755275279219E-01 -4.2186599889068116E-01 -5.5484386048205200E-02  5.4050314870743098E-02 -1.2346970995295738E-01
  1.1614515067326328E-01  5.1692815801346057E-03 -8.6671663714699296E-02  9.7151423350252242E-01 -7.0312577055240277E-01 -2.4237285153317994E-01
 -2.6819213724170315E-01  3.8060887960020140E-01  1.4895586319613136E-01 -7.4560311236880672E-02  1.7917480927818880E-01 -6.3893645858348076E-03
 -1.7855193694969924E+00  4.2776792145575115E-02  5.7388844425086787E-02 -5.3516115410580933E-01  2.1312101689878320E+00 -6.9623890601702418E-02
 -5.0492053057315030E-02  2.1208072748925813E+00  3.4549704489978916E-01  6.0938535880226886E-02  1.9661979725078438E-01 -1.2552588545267215E-01
 -7.5561560596370858E-01 -2.9334541211095511E-01 -5.9301094139186039E-01  7.3931163521462173E-02 -3.5266496288295179E-01  1.3162504632497043E-01
 -3.7188896314596731E-01 -2.7120273704021308E-01  4.7397607451977636E-01  8.1213351035828621E-02 -1.7754297825527301E+00  1.3609590486072332E-01
 -2.1739374716643934E-02  3.1290562547384776E-01 -5.8412614902177473E-01 -1.3992056486583954E-01  6.6896547601484766E+00 -1.1520697986300993E-01
  2.3239544489556542E-02  2.2552805563682408E-02  7.7674192209648524E-02  5.7315160803361347E-02 -3.8270898783827015E-02  9.7770688962467208E-03
 -1.0102974387393725E-02 -3.5141019963701003E-01  2.4377861065939446E-01  1.7844074800202753E-01 -1.2367104373494281E-02 -1.1747328162214023E-01
  1.5392327728930222E-01  9.4526413369741891E-01  1.3516887113983220E-03 -1.2612729297958194E-02 -5.7746373989187826E-02 -3.8661824642408832E-02
  3.2460288430948905E-02 -1.7019514090398098E-02  3.2262865863598494E-01  2.4819437507624453E+00  9.6644720422078237E-02  5.0977871013741682E-01
  2.5864065307858286E-01 -1.4509315374277487E-01 -4.0959960588877009E-01 -7.1632464724898082E+00 -1.3176468006987541E-01 -8.8692302263448242E-01
 -2.9541370965852165E-01  1.5690603739814779E-01  1.0469342502594625E+00 -7.4769274519675410E-02 -8.2953094646733935E-02  5.9913544522451678E-02
  2.3176629641195302E-02 -2.6674753605663685E-02 -2.6927774320092412E-01 -4.7924853449798847E-02  1.0281031504520817E-01 -1.0759522592864395E-02
  1.1963612319830583E-01  5.4736818766321118E+00  4.4475271057920214E-02 -4.1876668768894086E-02  7.3635628732087996E-02 -7.1750002479601949E-02
  6.8477568463956133E-03 -7.3296632847654692E-03 -2.9119131984526442E-01  1.5442242660820655E-03 -2.1270263310774556E-02  1.7269923603260698E-01
  5.5280625996317054E+00 -3.4273250004283506E-01  1.0589211077805655E-01 -4.2023908183205888E-01 -1.4865830149315142E+01  4.7631064395747807E-01
 -8.8726757263195372E-02 -3.2410452564276926E-01  4.8219680657285970E-02 -7.6028206264440776E-02 -5.0304969413921714E-02 -2.1462710787069525E-01
  4.6461721761100296E+00  3.6637176111074241E-02 -1.1598620316220465E-01 -1.8240091391931994E-02 -7.2803685222804018E-02  7.2809032531562429E-02
  6.9854498268319423E-02 -1.2015846955891344E-02 -4.1313962748997235E-02
ORDER     2 BLOCK     9
 -4.0993225488846907E-01  5.8990358656177886E+00  7.8398095593371386E-01  2.0377029455652971E+00  2.1836477393964202E+00  4.6926233370624193E-01
  2.0892291687523081E+00 -2.1008222991688008E+00  6.9499607736326052E-01 -1.9770090678432994E+00 -6.9908542168107255E+00 -2.7075297009207517E+00
  2.8950691667021573E+00 -3.9341672903756790E+00 -4.5513349951937094E+00 -4.8293176266595905E+00  5.3072758260972339E+00 -1.1843507977350196E-01
 -1.2532847339385731E+00  4.3031668401271969E-02  8.7939635046394363E-02 -1.7090236492031459E-02  2.6796696751003100E+00  8.9152094867981257E-01
  1.8302584379703575E+00 -9.7352124200933399E-01 -5.0004751059245418E+00  4.4846015305667475E+00  9.3960283041161770E+00 -4.2141301675812546E+00
 -1.7679667918248552E+00  3.9380222614158777E-01  2.2933794659560376E+00 -6.1516111364709569E-01  2.9374508601790610E+00  1.6695281380634741E+00
 -3.1501488372143425E+00 -3.5768615539390619E-02  3.0545444237864994E-01 -6.9796294739057330E-01 -4.0110550060211114E+00 -2.3526374836139894E+00
  4.5742340811058488E+00  6.2855133364925375E-01 -5.8237981458556753E-01  3.1754361172768253E-01  1.0461235862426847E-01 -1.8555360544469118E-01
  7.9419420673876473E-01  3.5073408806482487E-01 -2.0669046764467836E+00  1.7703713998435458E-01 -1.5356841206322461E-01 -3.0129837281106531E-01
 -8.6997002067792717E-01 -4.0836774921744079E-01  3.4999565791033063E+00 -2.0983106011063168E-01  1.7826185296189651E-01  7.9728026994032541E-01
 -2.3507872189717519E-02 -2.9171789021115180E-01 -4.5915705366427299E-02  3.3535920383067394E-02  5.5097763725185023E-01 -3.5189349039155400E+00
  1.8377964309656475E-01  1.2171489033155174E-01 -9.0634527046077018E-01  4.7618415517073478E+00 -2.0559872307303725E-01 -2.1993846857532509E-01
 -2.7126192822245282E-01 -2.2709067117169360E-01  1.0339058359907403E-01  6.7578389897319391E-01  4.4264406976297103E-03 -7.2760134707021418E-01
  1.0286341367161826E+00  3.1510809568456759E+00  7.3411420757234369E-01 -4.0023282044534207E+00 -1.0453355248872032E+00 -4.1317621308153113E-02
  5.6104499698485924E-02 -3.4442970644052179E-01 -2.4091481764910880E+00 -2.2984326546994818E+00  1.3880561930052491E+00 -1.6612082462549779E-01
 -9.6963452230458347E-01 -5.0942305305382807E-01  3.3707981919756373E+00  3.1291683509127246E+00 -1.3150658791045584E+00 -2.6048591367975465E-01
  8.6875421949631948E-01 -5.2130368835665752E-01 -4.3979160646908277E-01  1.9510077437267342E-01 -1.5544699723674937E+00  3.2509236627383548E-01
  3.6990173046870228E-01 -5.9424060313484968E-02  4.2299827648742677E-01 -9.2466431753437583E-01  4.4257566793894476E+00 -1.3779987774182503E+00
 -5.9653678049593459E+00  1.2508367637074722E+00 -9.9076491758685514E-01 -1.1653301360248422E-01 -1.2862259552599657E+00  1.2393080892876882E-01
 -1.4969477274471876E+00 -2.0835606289791646E+00  2.2926073956554007E+00 -1.3445023185458613E+00 -3.7100967200136942E-01  4.1317774399546198E-01
  2.0127760290701278E+00  2.9801188138250381E+00 -2.5162644922232449E+00  1.4385963494370619E+00  1.6765240705990733E-01 -1.1574157141372441E+00
 -5.0493682281789376E-01  4.7831131848943026E-01 -3.9489607205742655E-01  4.6773119011389930E-01 -7.5630870505967285E-02 -7.9722615216099746E-02
  1.4269321367318490E+00 -6.2597277896132675E-01  8.2858805254135928E-02  9.0900160535044239E-01  7.5758064791103663E-01  7.2526441504221739E-01
 -2.3324158342373244E-01  2.7873033169007577E-01  4.5432064067921191E-02 -2.5743854800722921E-01 -9.9559648867874639E-01 -9.6003627358378185E-01
  2.4073684965447598E-01 -1.1852491254710362E+00 -3.7890451775369455E-02  3.4805681902967361E-01  7.9127539015711804E-02 -2.5508852000123879E-02
 -1.3775932043417042E-02 -1.7425922888759920E-02 -2.3085457053139479E-02 -4.9428434100950068E-02  1.7737006936329618E-02 -2.1426529021518165E-02
  1.1936903011480629E-01 -1.2355238421747378E-01  1.9537273050386980E-01  2.4804461256228996E-01 -2.9410910669916912E-01 -5.4090653994206449E-02
  2.2939033572533235E-01  3.6943124297812796E-02 -6.1159610163261220E-02 -3.4452606823869511E-02 -3.6299225809597185E-02  1.5400463276850834E-01
 -2.3102515568112850E-01  2.1866642438685361E-03 -3.3286853413257772E-01  1.1766699955902626E-01  4.3208744842624219E-01 -2.1779919437112458E-01
  1.5082915242766455E+00 -9.0952209857182317E-02 -2.7570929488700806E-02  3.2578474628089998E-01 -1.4538791091969072E-01  1.0027006367824469E-02
  1.9200009595559662E+00 -6.9124105719803264E-01  9.8041009485873698E-01 -5.1044482385085257E-02  5.1928340064984879E-01  2.5110746260200116E+00
  1.6990846708184548E-01  9.6958008583611899E-01 -1.3381924970967951E+00  1.2105985378033911E-01 -1.2565143535502525E+00 -4.0858471145113713E+00
  2.6235105369674055E-01 -3.6045378925725685E-01  6.1547115537850444E-02  1.1633735084873900E-01 -3.1436396907960344E-02  6.0633927403443894E-02
  5.2792865062742567E-01 -1.1460043321179345E+00 -7.5741832521449018E-02  2.1085647464253185E-01 -1.7553887809318003E-01 -1.7339820853311463E-01
 -1.7078026886935740E-01 -1.0090652394024596E-02  3.8857769169232131E-01  5.1113610022127222E-03 -3.1036981010671999E-01 -1.9346316824833040E-01
 -9.1706341260781588E-03  2.8784092958978191E-01  1.8046530191771110E-01 -5.4261297474622314E-02 -1.0972850164979879E-01  2.1891048718689612E-01
 -4.2696633910827164E-01  1.2687771485010907E-02  2.1378823064412603E-01  7.8311882686870826E-01 -7.7276577927799517E-02  2.9646154080279774E-01
 -1.9117606536875878E-01  2.9865858848954225E-02 -6.6527582270802924E-02 -1.1148773847235998E+00  6.0732092956794839E-02 -3.0871621071215460E-01
 -8.1548500845045302E-01 -3.2991338833024776E-02  6.2582486535548279E-02 -1.4468447250094069E-02  1.0543262402888208E-01 -4.6658715064492221E-02
 -7.7447182553497668E-03 -1.7424325270237815E-04  2.8150331514415903E-02  3.5054382880329034E-02  9.2254631940096171E-02  1.1869353175713417E-01
  1.4182519717584904E-01  1.4741293797589905E-01 -9.1712501235384256E-02 -1.1343048458325160E+00  1.8341010295320467E-02 -3.3210198186775175E-02
  3.0134464044725456E-02  1.6447700298407825E-01 -1.8745314954151091E-02 -3.0547305049968165E-02 -6.5259442367557902E-02  2.0523184180086469E+00
  9.4213173028397346E-01 -2.1290821899422974E-01  9.6227186652600882E-02  6.2575055999752272E-02  6.2164881628528505E-02 -6.1290402372485602E+00
 -1.3968696371193277E+00  3.1230862894915823E-01 -1.0380440347180425E-01 -2.0442981548497133E-01  3.1123707372896192E-01  8.2095983411505813E-02
 -7.5771627851407564E-01  1.9983282751240651E-02  6.9118670276105895E-02 -4.3146991661131067E-03  2.4102798303549622E-01 -6.4402761021867899E-02
 -8.6881416468164843E-02  6.8316933725332027E-02 -7.1935605239149283E-02  2.3465311388071992E+00  5.6708014346169826E-03 -2.1004813120212608E-02
 -1.7289987759865285E-02  1.9760511701759555E-02  3.4616312415083388E-02  1.0570670285066266E-01  1.5911263019105910E-02 -8.4087171889756993E-03
 -6.7573709633622234E-02  7.1555025465603384E-01  2.0012753568375685E-01 -9.2185258140602899E-01 -2.2927662731808116E-01 -7.3403229988099214E-02
  1.6199442933834525E-02 -6.9351133261041798E-03  1.5204878532074623E-01  2.3786048005212160E-01  6.7479571349530229E-04 -4.1160520278653396E-03
 -1.0644981455914736E-02  5.4544751355866620E-03
ORDER     2 BLOCK    10
  6.5298917114315258E-01 -1.3477865020952797E+00  3.5067645077224296E-01  5.1398016533353807E-01  3.5150238999874426E+00  4.5192614542550397E-01
 -2.4600137250351444E+00 -1.2008251260790386E+00 -5.3143684162920679E-01  1.4207899938762489E+00  1.7680642902127954E+00  1.1154447062191601E+00
  4.5393545045155109E-01 -1.4714706167501101E-01  1.3386843449780557E+00  2.1540235176411109E+00 -6.9932383402226739E+00 -4.9741659249782422E-01
 -1.7012755214948918E+00  7.9377581445911849E-01 -2.4715869279487312E-01  1.9175308536940532E+00 -2.4767891080664834E+00 -5.6590712934310599E+00
 -5.8796726230299319E+00 -1.1284769072102530E+00  3.5844842737988372E+00 -3.1913825571187093E-01  2.8306078605107909E-01 -1.4201711613863695E+00
  1.1182035616954714E+01  1.4216282232304880E+00 -1.3292311388910807E+00 -2.8987111793062681E+00 -2.6979452494114162E+00 -1.4096864814998349E+00
  3.4356045099200705E-02  3.9686229679161782E+00  3.7876598120086507E+00  1.8525089292819958E+00 -1.7734662791664277E+00  2.6925457459174645E-01
 -5.2637019712053135E-01 -1.0418726780659151E+00  2.6417868568453065E+00 -8.3886375456637463E-01  8.2680953347818109E-01  2.3507144329241809E+00
  3.2277845893305351E-01 -1.6871120323015103E+00 -6.6944790814976451E-01  1.2909639110192932E+00 -7.9864726049270762E-01  2.9930783314058640E-01
  1.8880235106701670E-01  2.3701135321610036E+00  1.3567014993374451E+00 -1.5958924496880860E+00 -6.1618412126900834E-01 -6.0225863470591978E-01
 -4.5717897488834827E-02 -2.3496291105658696E-02  4.3971504710217568E-01  7.3654986173095849E-01  6.6458772656762544E-01  1.1719386728642416E+00
 -7.6161038540734149E-01 -1.9401344823899748E-02 -1.2243483145224637E-01 -2.0274572945152633E-01 -4.6277127525812478E-02 -1.4177450288118563E+00
  8.4828496391764030E-01 -2.4197662694281113E-01  3.2175633287708771E-01  2.0240535406039803E-01  5.8511315446525831E-02  1.1200517275604249E-01
  2.2855767393340588E-02  5.1672665387798654E-02  1.0588267077747880E-01  2.0543163940120592E-02  8.6925495584294332E-01 -2.7168564621027291E-02
 -1.3764027963725622E+00  1.1832187422203111E-01  3.6897132530903973E-02 -1.6538017359935045E-01  2.2847123136313069E-02  2.4042612659252196E-02
  3.7990221451612128E-04  9.4822317672558698E-01  1.6068333562088706E-02  9.0895371582310613E-01  1.7159753740191392E+00  4.8902185108543311E-03
  8.4663351294769218E-01  5.6952898544516364E+00  3.3403571365122438E+00 -7.6773848023960090E-01  6.5956324544239286E-01 -9.9588310886683329E-01
 -5.2642248709456795E-02  7.7216237847054603E-01 -1.3071657367806184E+00  1.4593163340962583E+00  6.5306368545380022E-01  5.4580481330083874E-01
 -6.4659953174633678E-01  2.3278482896247521E-01  6.5830284468275713E-01 -5.3998096084685425E+00  7.3508147653788321E-03  4.0376676905771314E+00
  3.3244209710294731E-01 -3.0935484227581006E-01  2.1045480221844851E-01  7.7093289662275550E+00  6.8147336083134857E-01 -5.0333398572398398E+00
 -3.0516891043353900E-01  6.3336186925627225E-01 -9.2424090935751699E-02  8.3267099423825583E-02 -9.5474247971566706E-01 -1.0686442083000476E-01
  2.1672593574445337E-01  9.9973259235444548E-02  2.0633071947494269E-01  5.6135311746925132E-01  1.1437044526891706E+00 -8.0505354937505436E-01
  1.7238235915602320E+00 -5.4138402761850757E-01 -1.8160346879915128E+00  3.9136178753074896E-01 -2.3336513682597757E+00  2.1442359984490862E+00
  2.8934080305188599E+00 -5.6682119463826164E-01 -2.7423459796431660E-01  5.3748689742460243E-01 -2.0660187627240653E-01 -7.9120063502452709E-01
  2.1289735628789548E+00  1.4854815467425533E-01 -9.9328602925395926E-01  5.4640983769327134E-01 -8.3143104909670182E-02  3.0138729119380581E-01
  3.1062230814134151E-01  1.2732431533508279E+00  1.3000022871218266E+00 -7.1469324617252583E-01 -8.5450164935141348E-01 -4.7320237629689926E-01
 -4.1395137941075572E-01 -7.7710764201535734E-02 -2.5116870459147939E-01 -4.2182022765064203E-01  3.7829237178029163E-01 -1.7200351638586595E-01
 -6.5267682953843470E-02 -5.4057211037422959E-01 -6.6505096590349000E-01  2.9753958443578254E-01  2.3810945538640838E-01 -8.1568704094173342E-02
 -1.8656019277097555E-01  2.6843002382019454E-01 -1.6394201072865516E-01 -8.7667261135936040E-03  5.5138787568352929E-02  7.7827394486588611E-02
  2.2722813145193907E-01 -4.4461920637736618E-01  2.5236172536406798E-01  4.2522657753720952E-02 -4.4623289579754956E-02 -3.5017317841499807E-02
 -1.8158667302689380E-02  4.9283648207405162E-02  5.9086879195993119E-02 -3.3188068956323508E-02  2.0803691063506647E-02  3.5666046097330664E-02
 -9.8774481787084464E-02 -1.5086623318339809E-01  2.7776357733554249E-03 -2.7725220587435654E-02 -9.1920148400857313E-02  1.4154403426243476E-02
  1.8495722874160647E-01  4.5325265978218392E-02 -1.1676742144262084E+00  6.5620666084378401E-02 -2.5491971850519568E-01 -1.8847357228171269E-02
  3.5849344645522403E+00  4.1504439642806770E-02  4.3171760338609713E-02 -3.5375360098744306E-02  3.8761140434074824E-02  1.2101824177974861E-01
  4.1962013985383802E-02  7.6275165196142025E-02  4.7287386045723624E-03  1.2372823754038259E-01 -4.9649716763555618E-01 -7.4497053745549727E-02
  2.3065782075903155E-01 -2.2764204869060331E-01 -2.8225941817977274E-01  2.0019108480615916E-01 -5.5301750032268115E-01 -1.3735133961583626E-01
  6.2817500375305924E-01  1.1769965499464481E-01  2.8338131346209794E-01 -3.2747549189277086E-01  1.5086698313066563E-01  3.7102021434983590E-02
 -6.7480216140343247E-02  4.7651011865555660E-03 -2.4804016531398204E-01 -1.3604832868556704E+00  1.1962981111819162E+00 -8.9368595532839087E-02
 -9.3620088420622152E-02  1.0544441509905707E-01  3.2296317976339317E-01  1.8939290333038135E+00 -1.6208254461381391E+00 -1.9613522593765247E-02
  6.2225042956658394E-01 -1.2328727680574189E-01 -2.9689532128478852E-01 -8.5675333719490121E-01 -1.5069523214937672E-01  1.2414922228300287E-01
 -7.8932474551878726E-02  3.4562156578926438E-02 -5.6482091240502152E-01 -2.1792729775114372E-01  1.6897348159347561E+00  3.4883045126493950E-01
  1.7834124362195697E-01 -4.2424808044604390E-01 -1.3331791516628694E-01  7.2004376496523109E-02 -1.7274458716199820E-01  1.2498256806940108E-02
 -1.6586271501915070E-01 -2.8347824177932734E-01  2.2967984960498171E-02 -1.8108893924883102E-02  8.2838231769098963E-02  5.6531197197216498E-01
 -1.1565198113600547E-01 -7.8610929392348106E-01 -2.5166375706819460E-01 -3.0312288351743416E-01 -5.0940912741494059E-02  3.5198081579121149E-01
  8.7156805674587357E-01  1.2056753937712300E-01 -5.3473540337147581E-02  1.3793484677791810E-02  1.0106936078695370E+00 -7.8994241759035785E-02
  3.1617938445096866E-01  5.8036831777404774E-01 -3.0340919627178253E-01  1.8995327650811716E-01  5.2908075249175424E-01  5.1096642604894190E-03
  2.2409285427250146E-02 -7.9304127346712938E-01  2.4106970258280380E-01 -3.3342367253974403E-01 -2.4168084691625404E+00 -2.3277805464446986E-02
 -2.4387737193224873E-02 -9.2077194676552662E-02 -4.6897431141894015E-03 -5.8605908157606731E-02  1.4625688410409846E-02 -4.2008289149617992E-03
  3.7954478600091528E-03  1.3362730801907030E-01 -6.6390101220910075E-02 -1.4370535846628890E-01 -3.1582478908086679E-02  1.2577288399715641E-01
 -2.1772732868436165E-01 -5.6729751558416786E-01  5.2996912341308480E-03  1.2072656127409140E-02  1.3506197470265833E-02  3.6837079764198313E-03
  1.8692088150862051E-02 -2.1823154297749413E-02 -4.2078179007521636E-02 -3.9946220560768468E+00  8.1332835901845590E-01 -5.2407373185755106E-02
 -9.2977790685670039E-02 -7.0813772259311260E-03 -2.1334603752282225E-04  1.0772298167272792E+01 -1.1588366670430277E+00  1.4229509049923300E-01
  1.2778019555893791E-01  2.3979844859540769E-02 -3.3359914603758101E-01 -9.8108308465599342E-02 -1.5401011603851422E-01 -2.4335803797274697E-02
  6.7921519573231129E-02 -8.8138202597546580E-02 -3.7592250517647735E-01  5.7396680719487070E-01 -1.4451404575558618E-01  2.1771266262089220E-01
 -7.3370226524659590E-02  2.7616372275011409E+00  1.1807469554553866E-02 -3.9226724907155182E-02 -6.5876030168416089E-02  3.6101870640098899E-02
  4.2246270941241136E-02  2.6299015311463524E-02  6.0803352126522117E-02  4.9125266457076345E-03  1.5660591694756899E-02 -4.3510400320254432E-02
 -1.9457987597898496E+00 -6.0827654576061159E-02  1.5375719468516735E-01  2.2622241573259466E-01  4.9147724376196251E+00 -1.0386943022045445E-02
 -3.5279600829149843E-01  1.6635552616703084E-01 -1.1619821836471643E-01  5.6759836151669144E-02  6.5528262670710280E-01 -1.2924189212954593E-01
  1.3017581874462731E+00  4.0851137113928022E-02  2.6716465400009121E-02  5.1952973479610165E-03  5.0061257278017815E-02 -3.4917913353463170E-02
  5.8693144731455378E-02 -6.2030281197362125E-03  2.2597429284365110E-02
