SURFGEN.GLOBAL Hd COEFFICIENTS FILE V:2.8.8
high order tester                                                                                                                                                                                                                                              
ORDER
    2
COEFFICIENTS
ORDER     0 BLOCK     1
  1.7649356905092733E-01
ORDER     0 BLOCK     4
  1.3950464614569560E-01
ORDER     0 BLOCK     5
  5.4932491599020181E-02
ORDER     0 BLOCK     8
 -3.7948683371272662E-01
ORDER     0 BLOCK    10
  1.1739411367868900E-01
ORDER     1 BLOCK     1
 -5.4354331116409382E-01 -1.0815297990514199E+00  5.3409648732529069E-01 -2.5600289559836376E+00  1.4397900408077517E+00  1.7905494778824782E+00
 -2.7901695482162059E+00  6.0949240624238481E+00  4.3661527518648197E-01  6.6703443402613816E-01 -8.0073574792495480E-02 -6.3504792786518960E-01
  1.3707789374992602E-01 -2.2212544085043359E-01  1.1149939464648848E-01 -1.2301456008310199E-01  3.6852774702557510E-02  1.0710674271686928E-01
  2.1940600267150664E-02 -4.9001631493535414E-01 -4.5739296856125022E-01  8.8934626427001495E-01 -3.1775601883975368E+00
ORDER     1 BLOCK     2
  1.1604084097877782E-01  5.5236967771094062E-03  2.1685521784356715E-01  6.8176724349481110E-01
ORDER     1 BLOCK     3
 -2.7231648944182143E+00  9.8342203467092926E-01  5.2302886827278554E+00 -2.2888078408464430E+00 -4.7190467343960851E-01 -6.1530935264084360E-02
 -8.9589705662979885E-02 -2.4891822971417010E+00  3.8218639177663027E-01 -1.7629915335495025E-01 -3.3152257494269005E-01  1.0907766083277342E+00
  5.5606127983756304E-02
ORDER     1 BLOCK     4
 -1.0702154971622257E-01 -4.3606431445371996E-01  8.7243444575973861E-01 -3.1511033807185052E+00  7.8412908755244737E-01  1.7422984183605528E-01
 -2.2210755299732314E+00  2.7266446020799155E+00  4.6436631328401629E-01  1.9333491829663027E-01 -1.4374106211159121E-01 -9.6178306974702177E-01
 -3.6167880013543524E-01 -2.0541394961578244E-01  1.6029307390681216E-01 -1.0184343351940627E-01  1.0064644694143661E-01 -2.7436257853852208E-01
  2.7231373047969709E-01 -3.8042809596271870E-01  9.3163755155282968E-01 -6.7007822657820881E-01  1.5143448144557476E+00
ORDER     1 BLOCK     5
  2.3915121870710501E-01 -1.0857397132173925E+00  5.1459460700408022E-01 -1.3293079540535786E+00 -6.8622675676831768E-01  2.9934310982535566E+00
 -8.3186331904001820E-01  1.6011576395790101E+00  1.3873156983566093E+00 -5.2902362167381844E-01  5.7644225442591047E-02  4.8524500198169174E-01
  5.5084362632544992E-01  6.6010457438214182E-02 -2.2622487270241859E-01  1.1820144586473634E-01  1.9784622363678495E-01  1.7184241134512518E-01
  2.0024050828085921E-02 -8.9415142854288221E-01  2.6808401145811422E-01 -3.0793397975822590E+00 -5.7887520494778932E-01
ORDER     1 BLOCK     6
 -1.2790928174930967E+00
ORDER     1 BLOCK     7
 -7.2440264752648226E-02 -8.7673101275294162E-03 -4.4499703846228045E-01  1.6540295768429558E-01
ORDER     1 BLOCK     8
 -2.1211268826788485E+00 -1.1598468291762476E+00 -3.6378387138190416E-02  2.1301328307519269E+00  7.3356326802640286E+00  5.9955144142253953E+00
 -2.7195418996527891E+00 -3.5542047459799351E+00 -1.8424070444542968E+00 -2.3809202644554417E-01  1.5465469602258589E-02  3.0375018048845320E-01
 -5.0722739569258035E-01  6.2509381289896671E-01  4.6717109180218402E-01  3.4628808422690832E-01 -6.3348412094855686E-03 -1.5435317458614697E-01
  1.1457021177837609E-01  1.0125888748081462E+00 -4.8863905520736023E-01 -2.3875685035080703E+00 -1.3456794916336023E+00
ORDER     1 BLOCK     9
 -1.1282674640492605E+00  8.9469978841619124E-01  2.6423899449093642E+00 -2.2162284502729124E+00 -2.5930851178372766E-01 -1.2544631130738046E-01
  7.5866917351475027E-01  6.0973261744781460E-01  1.2035422613206241E-01 -3.5622338204762588E-01 -3.1525841078788602E-01  6.3776698514368912E-01
 -1.3272721324530328E+00
ORDER     1 BLOCK    10
 -1.0375473509129043E+00 -1.9717248055902670E+00 -7.6571359538719952E-01 -8.3642649286228776E-01  1.3456304748298522E+00  3.1311392055644514E+00
  3.9995905465998391E+00  8.9194456229472463E-01 -5.3200905168013946E-01  7.9202842566742715E-01  5.4614245449009613E-02 -2.1726743843039180E-02
  5.3756286898965699E-01 -2.8587556854752583E-01 -2.4946488602678338E-01 -2.5583798106781495E-02  1.3528499348505899E-01 -7.4215558574913187E-02
 -7.7498504512929584E-02 -3.0886041693464955E-01  3.3224992532662678E-01 -6.8588977098651416E-01 -6.4069334572548131E-01
ORDER     2 BLOCK     1
 -1.5169273791701168E+00  1.2576507607292584E+00 -2.1436261200450585E-01  9.2524027823981381E-01  4.6414721266149411E-01 -1.4077522516328922E+00
 -2.6105845310733922E-01  1.4277623077851966E+00 -2.3361366903705008E-02 -1.3951589495740389E+00  1.9344823679687870E-01  3.4780990597025985E-01
 -1.8504106946188872E+00  9.7088267025143427E-01 -1.4443329929559214E+00 -1.3317763311141548E+00  1.3677614346439155E+00  1.9917999549481493E+00
  2.7412181738611450E+00  7.0671513663639218E-01 -4.7694844264539721E-01  8.8995715437228540E-01 -5.3904188136552766E-01  1.6236575396410837E+00
 -6.2562308093430474E-01  1.5661473167448576E+00  1.9278437057003088E+00  5.8699711763559748E-01  2.1388900618235654E-01 -1.2968547801446595E+00
 -2.5127923114814759E+00 -2.1857642044103689E+00 -4.0969861320657444E+00  2.4344370337672960E+00 -6.2978204418215125E-02 -2.6580932292144027E-01
 -7.6834775256308940E-01 -4.3724988789360513E+00  3.3048544853294326E-01  1.2857534768661560E+00 -1.4454764266290288E+00 -2.8117778299819981E-02
 -4.0965710884984796E-02  3.1812666478108192E-01  1.8105435292590180E+00  4.0711730026469767E-01 -1.4778627890184817E-01 -8.3083450826158889E-01
  3.4646418466364171E-01  4.8346941718497105E-01  2.9263697308945091E-01  3.0178027586613537E-01  3.3080791983933061E-01  4.4457603002873525E-01
 -2.3503707833956880E-01 -8.0335031741195828E-01 -2.1273249839350675E-01 -1.7062800812840204E-01  1.2289559731849561E-01 -3.1244154046063816E-01
  2.2031035610304917E-01 -2.8503154371205541E-01  6.9352793210036734E-01 -2.8532950880586883E-01 -3.3486091322593517E-02  6.7686508512104726E-01
 -7.7754418890891774E-01  3.0413308339352618E-01  3.2597839700859207E-02 -4.0963588729251772E-02  1.4385438304615794E-01 -1.0514084925884453E+00
  1.1192521615378572E+00 -2.1796347633171836E-01 -2.9125386207413666E-02  5.6889864352895773E-02 -1.9842850812349003E-01  3.4424416457208513E-02
 -3.1808368309473195E-01 -1.4772066592072003E-01  8.9233047831993290E-02 -5.4784995801711478E-02  1.3546054081098289E+00 -4.3337840997304852E-02
 -2.0539191819775033E+00  1.6461653762474042E-02 -3.3876237773993324E-02  5.4809229420572543E-02 -3.9708670582254642E-02  3.4824726941021190E-03
 -3.1765997294405612E-05 -1.3099980803275706E+00  3.4570066477149324E-02  2.1240207768610162E+00  1.2152029229070895E+00 -2.2427798740988575E-02
 -1.6906980653934673E+00  1.2760629957534626E+00  1.5803846094483667E-01  4.2638754812345256E+00 -1.1889880960866686E+00 -1.5228667689880185E-01
  4.4147496880659748E-01 -5.4866593917576774E+00  1.0063886309859522E+00  2.4717126464561934E-01 -9.4375748943567117E-01  4.5036230002059507E-01
 -8.7574639778881946E-01 -1.1718036678495362E-01  6.8134935153712739E-01 -4.4897123862191085E-01  2.2273524472735985E-03  1.7867911183292529E+00
 -7.1838340593451400E-01  9.0426499864520105E-01 -1.2549677918541573E+00  1.2295391697257556E+00 -1.2130471228733797E+00 -3.5624243878389317E+00
  1.2634472326692461E+00 -7.5354179710289937E-01  1.2024281341467162E+00 -2.0374997674695047E-01  5.1172837632572898E-01 -2.3798505001262094E-01
 -1.5125154665354001E-01  1.3899539597355942E-01  9.8010041699468035E-03  1.4528817130739941E-01  2.3465884937635900E-01  1.5507898134974987E-01
 -3.4038562056047922E-01  7.0041132982035958E-02  5.8164747379388126E-01 -1.5838922600017016E-01  6.3088665951503720E-01  2.3394599877483393E+00
 -7.3954525894072176E-01  8.2331967576718165E-02  4.0613226912730838E-01  3.8640451553114748E-02  2.3626765827270826E-01 -5.5783091440416233E-01
 -9.6344840067455950E-01 -8.2516851642111333E-01  3.8375295630908934E-01 -2.2351069024631492E-01  1.0040376271569322E+00 -1.7293705797335571E-01
  3.9335823425555133E-01  7.7795717525147645E-01 -6.1088006088165170E-01  4.2960082435995089E-01 -1.6696524929115464E+00  1.8233172872355144E-01
 -4.8367267363698274E-01 -2.7632924440792428E-01  8.0554675553416652E-02  2.9040424844122503E-01  8.9717045803107617E-02 -3.0818697121193922E-01
  2.8156208410319650E-01  9.9290966059624031E-01  5.2958991550748091E-01 -7.4342100943231026E-01  7.5252951463514794E-02  5.6609025903869048E-01
 -2.5850117354944940E-01  2.1760789401597011E-01 -1.4485624579138014E+00  5.7388025218338717E-02 -1.1546937765987267E-02 -7.8808873613089192E-01
  3.7845361486337209E-01 -2.9750051661418314E-01  3.6765418553019313E+00 -5.6791519931909756E-02 -1.5162150499518835E-02 -6.7533891659737499E-02
  1.0141844049233345E-02  4.1174141737753182E-02 -1.6157497986585178E-02 -6.7126560653320705E-02 -4.1055986966963519E-02 -8.3714879384190297E-02
  1.8637745147671948E-02  1.8246119495650992E-01  4.8937376672810201E-02  1.0965754029621087E-01 -1.4127249757090008E-02 -5.8544889703376457E-02
 -1.2172324615215957E-01 -6.5892627145633847E-02 -8.8022033968727376E-02  1.0318404993446138E-01  1.9781380920809799E-01  6.6505661950265957E-02
  7.6462437496767455E-01  1.7012157299097816E-02  3.0650080137792014E-02  8.8942762257737517E-03  4.8867398206061917E-03 -1.6922003608339183E-02
 -1.5524787078634810E-02  4.2942342588062760E-03  4.1020067896506904E-03 -5.1545590811060615E-01 -1.2854939181951869E-01 -2.2315466638106718E-01
 -3.2977705035458299E-01  7.3617133722571337E-01 -3.1783656442575769E-01  3.2823475361504295E-01  1.0225700379350509E+00 -1.1122488549352483E-02
  7.7998650108300815E-01 -5.5111091561379562E-02 -2.1073963354970798E-01  3.0107178090331793E-01  2.0838022941631598E-01 -1.3498740569014167E-01
 -1.9202440918219477E-01 -5.5154941779430285E-03  2.0635306544661550E-01  2.9204115925636348E-01 -5.9773618199151157E-01  1.7293898304058136E-01
  5.1365081473853069E-01 -1.9389238912978196E-01  3.8949957815677611E-01 -4.2104522423866741E-01  8.2849252373639026E-01 -2.4755914683255864E-01
 -8.9568050034431423E-01  2.8405593444495786E-01 -4.9952336840172540E-01  1.6857879476869602E+00 -1.2585318213134333E-01  6.0702241686144506E-02
 -5.3917257635859986E-02  5.5119627138742903E-02 -1.0590240225380203E-01 -3.6379584717493668E-01 -5.5647529446399513E-01 -1.0433563395133295E-01
  1.7311785297106974E-02  7.6688417685633795E-02  6.1201360639284462E-02  2.8099685089257646E-02 -1.8875209091692055E-01 -1.3644509432540579E-02
  1.0891064711755538E+00 -2.9812158288790830E-01  1.7516848064286744E-02 -1.7495698828123221E-01 -1.2821894009681369E+00 -1.7303720478558483E-02
 -2.4707880752072545E-02 -3.1895838975256816E+00  9.3833347570869540E-03  2.6145069520607084E-01 -6.1215705926516685E-02 -3.0942125003911941E-01
  4.0979934392729150E-01 -3.5815058970650049E-01  3.2184495401068502E-01 -5.1572559386582867E-02  4.0865845224321801E-01 -1.2410522476460829E-01
  5.0638291209624368E-02 -6.0421352237194428E-02  1.3767600576538550E-01 -1.3702586907227543E-01  9.9764343036902237E-01  9.6740051861502595E-03
  5.2688692366393584E-02  5.0097702935820394E-02 -1.1670048428028332E-01  2.2556770584083088E-01 -3.3313759871693085E+00 -1.3697195002952368E-02
 -5.3235398241372966E-02  4.4462654328842860E-02 -4.2812464139291684E-02 -1.8076781109594754E-02  1.9888272681419770E-02 -9.7406903612125405E-03
  4.7876753564994531E-03  9.9226261402827573E-02 -1.8050084611910591E-01 -1.8349434456932567E-01 -2.9807451886975533E-02 -4.6514901270300980E-02
  6.7818614382704048E-02  7.5136861309641312E-01 -9.2039729674457888E-04 -6.2259332367912154E-03 -9.7409404680407416E-02 -8.7058118434075016E-02
  1.0997406498374813E-01  2.6739491458953695E-02  1.9715039581314109E-01 -3.2357807930065392E+00 -6.6415512629906870E-01 -1.6148972906582869E-02
 -1.0446266602665145E-01 -1.0766661455492590E-01 -1.9825592125478203E-01  8.5483182251341390E+00  9.5282948774128928E-01  8.2175463632072246E-02
  1.2791788258942283E-01  1.4071015857591834E-01 -4.7548598230756334E-01  5.1535699993917806E-02 -1.3383659564914771E-01 -7.8443940152372729E-02
  3.4822792069824041E-02 -6.1441805557300042E-02  1.3285623191643878E-01 -1.4782478080209840E-01 -9.0706921443374430E-02 -1.0801355037529688E-01
  1.4238364288605940E-01 -1.6316702164230317E+00 -2.4344462210681660E-02  3.1036573289015785E-02 -1.1635429195157353E-02  4.7522078289491301E-04
 -2.0714834458844870E-02 -6.1677067260521275E-03 -8.4474875295798193E-03  9.3381771279550125E-03  2.6734043752582402E-03  4.7180635409210653E-01
  4.0358729476502173E+00  1.4271729117242007E-01 -2.3771399046043842E-01 -6.8471411038777852E-01 -1.1070375056831837E+01 -1.5618671621789945E-01
  3.3504915160572946E-01  1.3302894826086899E-02 -3.4227445629248142E-02  2.5522248325024290E-02 -9.7399836294881081E-02  1.9466787271717254E-01
  6.0280686441040610E+00  4.6886322321198208E-02  3.4670328595390015E-02  2.3642295312097297E-03  2.1667986813660514E-02 -4.0910442309181408E-02
 -3.0153356044904333E-02  1.4325542183038652E-02  8.0451523728618615E-04
ORDER     2 BLOCK     2
  1.9951055124919472E+00 -2.0174802649783827E+00 -1.7628872563990401E+00  5.0287367903691843E-02 -3.6373388010881560E+00  3.7056861277484767E+00
  1.6595453517506642E+00 -2.2426905890042331E-01  9.4486932204528112E-02  2.3943857902120824E-01  7.4113425001279809E-01 -5.3529702730615053E-02
  3.6021671451625076E-02 -1.9954912906265214E-03 -1.9763256848671598E-02  6.8054349178071169E-02 -4.4205141537421055E-02  6.8629724788458568E-04
  2.7517533996263568E-02  1.7992661402542479E-02 -1.4216425523232450E-03 -5.3644502800524341E-03 -4.7313565086531184E-01 -4.7492884703091232E-01
 -9.7628924333511957E-01 -2.4930787843012299E+00  4.7284832815012651E-01  2.5137219667717092E-01  1.2972189474632552E+00  2.8750342844479153E+00
 -1.2627407503278119E+00 -1.1348281878822326E+00 -9.2438902641680757E-03 -1.8412742779208702E+00 -1.9891126493890208E+00 -9.2908211379271366E-01
 -1.4403646535370179E-01 -3.4046794020449112E-01  7.1615817226261114E-01  1.5946404865301238E+00  2.3017704827003262E+00  2.7457755454237018E+00
  2.0299278644307386E-01 -1.0541067301825288E-01 -6.5547446674444387E-01  1.0122004814811294E+00  1.6534273366456684E+00 -2.1896800124732446E-01
  2.8582958718204804E-01 -2.1259660276981437E-01  1.0101934108707447E-01  1.9662089904670035E+00 -1.7006728183751305E-02  8.7141835254406275E-01
  4.2831722747642970E-01 -2.2152083658826056E+00  5.7465949633813830E-02  2.2185875066915242E+00 -3.9561223207493668E-01 -1.3599264584184663E+00
 -3.8195437815270183E-01  1.1213399581797529E-02 -5.0376684281354089E-01  9.7778997776341980E-01 -2.1430308935202433E-01 -2.9913915995244669E-03
  1.3320999557650592E-01 -6.4905396137068849E-01  1.1805354838589392E+00 -4.4128545311473109E-02  1.9536359145454290E-03 -2.3360837237628388E-02
  1.3182515022482735E-02 -6.5443695628472326E-02 -2.0514290872817517E-02  1.1397607789705075E-03 -3.8925902861889357E-02  3.2751488589577014E-02
 -8.8510996046920073E-02 -1.8701983641038492E-02 -7.0850777821596622E-01  5.8753506713439735E-02 -1.3911632959292453E-01  2.0388861182919795E-02
  4.1156160407924725E-01 -1.0610139974538022E+00 -5.4873557782099103E-01 -4.1083422343699233E-01 -3.5059062190495138E-03 -6.6524952949188687E-01
  5.9000198036894380E-01  1.5353366156046178E-02  1.3764903712209608E-04  4.0033383355097860E-02 -1.4296064007004730E-01 -7.8067363497537387E-02
 -5.9103231908712667E-02 -6.1864624378812514E-03  1.0490636494600855E-01 -3.4317077834643372E-01  2.8895104343981765E-01 -1.5064102870838500E-01
  4.2176531976173713E-03 -6.1666268711131866E-01  2.4996000372784372E-01
ORDER     2 BLOCK     3
 -1.7819944437607507E+00 -4.2596410968699487E+00  3.9981510132505083E-01  1.9758784652927279E+00 -6.4638639506477136E-02 -7.0856951208259655E-01
 -4.6042043601612566E+00 -5.8891161273211816E+00  4.4699370743229570E-02  8.7185733553205502E-01  4.9225866889834835E+00 -2.6511994144049134E-01
  2.6507263232092217E+00  5.1446613495999642E+00  3.5877046641183461E+00  2.0518067085575025E+00 -2.6060976527912119E+00  7.3891336197536339E-01
 -2.0507919059456206E+00  4.6077073024567028E+00 -1.5856044403386663E-01  9.6562149221106230E-02  4.6034467865221274E+00 -2.1786433058230021E+00
  2.7460583054265837E+00 -1.2342456849704559E+01  5.6194135606250413E+00  6.5465735155394702E+00 -5.1257727528911818E+00 -5.3515121518966371E+00
 -7.8294359203656749E-01  2.6702779041397878E-01  1.3867531376062612E+00 -5.3617144200329696E-02 -2.2799813250823315E+00  1.7678444873851458E+00
  1.8968158751210302E+00  3.5623196334907126E-01 -8.5540674133229189E-01  1.0481400986438404E-01  3.5574625269696263E+00 -3.1306052198911498E+00
 -2.3108707210759243E+00 -8.7397707785093770E-01  9.9880043818126407E-01 -4.0901847578673300E-01  6.8971050464975037E-01  1.0131624465185458E+00
  5.3057530394706076E-01  1.6489038760287595E+00 -1.2228112436081024E+00 -7.4508689582052576E-02 -1.4885958223546056E-01 -8.7406823330072858E-01
 -7.6007844726721763E-01 -2.5716515120784651E+00  1.5877368968937799E+00  5.2703952986690464E-02  1.7150286870492740E-01  1.4342862945466843E+00
  3.2428479078381589E-01 -1.7689675485210857E-01 -2.8247424147173805E-01  1.0701315534756992E-01 -3.4919071552320588E-02  1.0298837846549493E+00
  1.1942681013333732E-03  1.4828968550339816E-01 -1.8894159112864950E-01 -1.3791411010201502E+00  1.4736764875498845E-01 -2.6273322912299257E-01
  1.0203095838582625E+00  1.2707332577797331E-01  2.4154031763089398E-01  1.1230216352762550E+00 -1.5225444588678094E-02 -1.9964065556732746E+00
  1.3943997323651685E+00 -5.7481864426614626E-01  2.9894530297570894E-02  8.4510844852271216E-01  1.1806918293263963E-01 -4.0475036899211864E-01
 -5.0816538836714081E-02 -7.4506787441098810E-03  3.0733055119362812E-01  1.2075118446182920E+00  4.6085018585410005E+00  2.8090069541370171E+00
  2.0475223342124482E-01  3.7537985239741489E-01 -6.4248301948029954E-02 -1.3736294542317977E+00 -4.5581697975434015E+00 -2.7499713719273777E+00
 -5.8189572408837686E-01 -1.6325802240489975E+00 -1.3889759471535730E+00  1.1892979121794933E+00 -1.5026662311498387E+00 -7.0399431695176247E-03
 -1.0083678261912773E-02  9.4827111371347216E-03  5.8900404345131541E-01 -5.9426732574605678E-01 -1.0597802320704157E+00  2.3140743605822869E-02
  1.7792956274717915E+00 -2.4826193945013544E-01  1.3739715899604252E-01 -5.8069974215286968E-01 -1.8637885025829564E-02  2.7886097196161992E+00
 -2.9941329955314084E+00 -5.8360343411496285E-01  1.1965124266808114E+00 -6.0505520022142167E-01 -1.3814334800584308E-01 -1.4656443945366764E+00
  5.7990101724807710E+00  9.0529126684253136E-01 -2.0729164169516756E+00  6.2938640900336162E-01  1.2144267791851972E-01  2.3613273995393413E+00
  5.8825644470963084E-02 -4.1784020590498960E-01 -1.5952906623421101E-01  1.1922074735625734E-01 -1.9685000668993571E-01 -1.7846124975473082E-01
  2.8504282684429685E-02  8.0566651968016056E-01 -6.3610296680681477E-01  2.2740898285652836E-01  5.9380712499680070E-02  9.3778738222352143E-01
 -4.6918285630928425E-01  3.4820518062293226E+00  2.3326635626997001E-02 -3.6495229715149792E-03 -3.7901613191013688E-03 -1.2978220006155232E+00
  6.7513403764807967E-01 -9.3705544366241167E+00 -1.8893771520182474E-02  7.1536487090209558E-02 -9.4727686807730203E-04  1.0613212632769187E-01
 -1.0537253989972285E-01 -7.9399244815268583E-02  5.4888618661603508E-02 -1.5066321026267843E-02 -1.3815391943453864E-01  2.0730498002809097E-02
  3.2603797136105450E-02 -6.6949718178469911E-02 -9.6668632222000183E-03  1.6692281170504392E-01 -8.2970849898134813E-01 -1.0033450582924172E-01
  1.2134239878980531E+00  1.3790960319735351E-01  4.6761880686080073E-02  6.8689266774666080E-02  3.8311888530223479E-02 -8.9653944957671636E-02
 -1.4584215686194743E-01  1.0962247962519146E-02 -5.4725885375408201E-01 -1.3210435667616049E+00  9.3104797159162778E-01  2.1940535778971957E+00
 -1.8275102344064090E-01  2.4073724557525733E-01  3.4002916608382179E-02  5.4204971790579493E-01  2.5245412510121734E-01  2.9950682752700009E-02
 -2.1403236632788603E+00  3.1288309403774256E-01 -9.5824881125811467E-01  1.6580894505166377E+00 -2.5538768011501782E-02  3.9866148763243032E+00
 -2.2300763899456060E+00 -3.7584034078075274E-01  1.3111543354823618E+00 -2.6658412177471873E+00  3.3225573274815880E-02 -6.6708688940317558E+00
  3.3302751180990936E-01  2.8589352625703540E-01 -2.0424178910276042E-01 -1.1162379417032246E-01 -5.0000351273792709E-02 -5.7360995879397865E-02
 -2.6688212451755222E-01 -2.4533914465451034E+00  3.0482557809772931E-01 -3.6049205441813631E-01 -3.5777239563961938E-01  3.3642339539241484E-01
  3.5293655970648546E-01 -2.3548958435654244E-02  6.5647169440142750E-01  4.7415598486651176E-03 -2.5997438256525135E-01 -4.2743622522642799E-01
  3.5952857032324320E-01  1.7090257727501046E-01  8.4851201980328403E-02 -3.6383212065921574E-03  2.4798359273279688E-01 -1.5753003876998950E+00
 -6.4738565095007167E-02 -1.2419112950276382E-03  3.7349376418077818E-01 -1.9598061431463926E-01  9.6358870977555466E-02 -4.0703394831748169E-01
  3.9358286379028590E-01 -1.7533063021883857E-02  6.0076293567858208E-02  2.7660634827096314E-01 -9.3985676128162415E-02  5.9401062307918073E-01
 -1.2144086206290274E+00  5.7337690101080755E-03 -7.9615656179312655E-02 -5.8006494277169501E-02 -4.2528341767928142E-02 -6.0375578803430696E-02
  3.5940506271877784E-03 -9.1286201430343973E-03  1.3530776913260593E-02  5.5232665007900035E-02  3.1692230874676335E-03  1.0662108990477133E-02
 -3.8911255043553750E-02  2.7473383349420491E-03  7.2899231274535792E-02 -2.1726906077220249E+00 -8.5724471037449713E-03 -5.3122778896032971E-03
  2.2335369917176082E-02 -5.0885224784339801E-02 -4.5054320589657817E-02 -4.6197786285731984E-03 -3.6811756891980846E-01  1.0753936270794973E+00
  5.1616754311501745E-01  5.7629141438648189E-02 -3.2458179350457045E-01 -4.2990959114662236E-01  5.3398243860228445E-01 -2.6353605496361201E+00
 -7.4840617397826792E-01 -6.2611136833520695E-02  3.4760952191904537E-01  5.6040250622476684E-01 -2.3931974897718211E-01  1.4943443275502916E-01
  1.2535789547121388E-02  1.3306009133044744E-01 -1.8444609021760958E-01  1.3236472065632038E-01 -2.7774029191884042E-02 -1.8028763925437738E-01
  7.0753217969802285E-01  4.3536781557523586E-02 -9.3752309655734084E-02  4.7030522759910376E-02  4.3704032783294842E-02 -4.6203482009468992E-02
  8.3725949704526639E-02  3.4635280381545029E-02  1.9503211713917742E-01 -1.6522493444112188E-01 -4.0702600260169829E-02  1.3970137222297853E-02
  5.7922475792891517E-03  3.0177417074606261E-01 -1.1436158840316096E-01 -4.3138360077702931E-01  5.3153463537608824E-02  1.2396061826246544E-03
 -5.4888267956958225E-02 -4.8705669015768116E-02 -1.1292382937536487E-01  1.3225253588201327E-01 -3.6149980045516429E-02  1.6353987960982846E-02
  1.1499093876555738E-02  3.1990298138172585E-02
ORDER     2 BLOCK     4
 -1.1161402865864261E+00 -4.8265296123892737E-01 -8.0838170086750705E-02  1.0764907614930157E+00  3.3006912131533526E-02 -8.2199920968724005E-01
  1.6350802430067666E+00  1.1287418852504938E-01  1.2790749449223064E+00 -1.9934751748399111E+00  1.3816067719858649E+00 -7.2171807415921685E-01
 -4.8849823553467103E-01  6.9722977718261991E-01  4.3590325538011104E-01  1.8848921307811235E+00 -1.3655482568549875E+00  1.2344887427648696E+00
  2.9493242025211015E+00  1.1150770562718529E-01 -6.4662328740286956E-01 -2.1701771344292604E+00 -1.9577588767393588E+00 -2.2355193480258411E+00
 -9.6752358902133029E-01  1.0465683334442772E+00 -1.9030132036568914E+00 -1.6634651934119831E-03 -6.6387920948396850E-01 -2.5147527363556144E-01
  2.0607589940810267E+00 -1.5603487640136138E+00  2.8751120828651890E+00  1.3156523224583192E+00 -1.7978943189043766E+00  3.8309342911892535E-01
 -4.7005500420980473E-01 -1.1882757089305593E+00  2.5530972904147684E+00  3.9952827213851400E-01 -4.7816746056343734E-01  1.5919370459831452E+00
 -7.7865124508233885E-01  1.0606489885415427E+00  3.6793531111676481E-01 -2.6509450382406725E+00  6.9257444114529099E-01 -1.5377487841250612E+00
  2.5727012543075428E-01 -8.7904139496522937E-01  6.5357669439683408E-01  5.3461475871174291E-01  1.0457269151905448E-01  1.4897169735851652E+00
  3.8850796407164168E-01  1.6460098351231940E+00 -8.5288075877618919E-01 -6.0274713458015983E-01  6.8959308473692815E-01 -1.6389889786645686E+00
 -2.8618250451099486E-01  1.7218388639547333E-01  1.3187617351643626E+00  3.0645142739197823E-01  1.7193026751269642E+00  1.4961190809112904E-01
 -3.0350693728449174E-01  3.1290638663902065E-01  2.2645816232579604E-02 -1.4416984210259021E-01 -9.0831330753633394E-02 -8.2618904860982167E-02
  5.3124741106078310E-01 -4.7505969452432334E-01  6.5438533827526886E-03  1.9596540285694705E-01  5.6411764991247240E-02  2.5527187239328719E-01
 -5.1681754759666176E-01  4.3136142471793609E-01  6.6679571267539747E-02  1.3268960699697041E-01  3.4916636917781385E-01 -2.4282759347758493E-02
 -5.6510359755888906E-01 -6.5512538616391475E-02 -3.5809135243374901E-01 -2.2972476996686245E-01 -8.6609481464893445E-02 -8.4706913224334712E-03
  4.7925167645348636E-04 -6.9746110345036905E-01  1.9870836279079446E-02 -1.0071830814860696E+00  6.2413380993530576E-01  1.1909190021805237E-03
  1.5099926478574504E+00  3.7806271777546980E+00  4.6266375944310942E+00  9.0864045185664128E+00 -3.0273783488504327E+00  3.3036181641305584E-01
  8.9141083030829693E-01 -1.2817403513253277E+01  2.1105055242859283E+00 -3.6332744662671612E-01 -1.0923024357305871E+00  1.2811284345601877E+00
 -2.5790733143590709E+00 -1.1924113201680060E-01 -1.7228320908578365E-01  2.2288526039047568E-01 -4.2557041374851101E+00 -1.5663991327384179E+00
 -1.5119005341557448E+00  4.7280074319536430E-01 -3.8658372069259267E-01  5.8029596936972572E-02  5.9267902028411452E+00  2.5914139719731559E+00
  1.6968426686245774E+00 -5.4948050693458383E-01  8.2542276730106046E-01  1.1698335584629267E+00  5.9664636617659095E-01  6.6511752580335176E-02
 -4.0889918590864566E-01  8.0719982082847350E-02  1.8560207423318087E-01 -4.7495805436105026E-01  1.2245980653530368E-01 -9.3012036957335242E-01
  1.1892637201149050E+00 -1.0117310652614775E-01  6.8586133722587173E-01  4.4080277288581099E-01 -1.6335443081728567E+00 -7.5696515499373773E-01
 -5.6483551481967442E-01 -5.0966239828782722E-01  4.5612755861380255E-01 -4.6550912505195420E-02  9.9576124389089249E-02 -2.3624531908520803E+00
  2.2878532622553546E-01 -6.3334772766878544E-01 -6.1124173963793826E-01  7.6566647407680932E-02 -2.3310941744840349E-01 -1.6147367982737054E-01
 -5.2388189721010936E-01  1.5723466820087106E+00  9.1784636769424466E-01 -2.1842948685495842E-01 -1.3211679495918338E-01  2.0909974377259488E-01
  7.3158900153738771E-01 -3.2135620456445281E-02 -3.5533050011847994E-01 -1.3875242783887900E-02  2.9763857851430692E-01 -1.1678848153571725E-01
  1.5466800426894961E-01  2.0924206026484207E+00  2.4810927634418445E-01 -9.0714579119838856E-01  1.2228001297630625E-01 -1.3076574390192486E-01
  2.8411568174550639E-01 -1.0179221469277734E-01  6.4849008518192497E-01 -8.4582320602422101E-03  4.1461720273509875E-02  2.2074301089072992E-01
 -3.9916792481971719E-01  1.4915070056430094E-01 -2.0885286622659431E+00  1.9822546786649022E-03 -5.1136958272425322E-02  3.5761906086713292E-02
 -6.1629487169511388E-02 -6.8605258392346663E-03  2.1227555521281707E-02 -2.3398399874268463E-02 -3.4959329425053032E-03 -7.4396361935319177E-02
 -7.9651323815825140E-02 -2.4281235565684303E-02  9.7239251608737531E-03 -9.7119579575659469E-03  8.7877457124150099E-02 -1.1292081671192843E-01
  8.0760768533244032E-01  1.2304403720279118E-01 -2.0642566567399362E-01  1.6443825913623247E-01 -1.0698268907263315E+00 -1.4960513191224878E-01
  7.0803645486491196E-01  1.2913204951575225E-01  1.0018558795746543E-01  3.4003633082199815E-02 -8.6570413186145750E-02 -1.0402335810314491E-01
  1.9679448233563909E-01 -1.6146046242426833E-02  1.1154769874073506E-02  9.0928445268734570E-01  3.5444191126992131E-01  5.4940180378945637E-02
 -5.5130465347270818E-01 -1.1472508638081562E+00  2.8771509776957582E-01 -2.1947439409230785E-01  3.5056782526231833E-01  2.3596277421969755E-01
  2.2359401168970225E+00 -1.1616934671457156E-01 -8.8914532735565943E-01 -4.7409018260302560E-01  2.9702117119524349E-04  2.4566416719786818E-01
  9.0341781820627368E-02  7.2993838823587606E-02  1.7983954179932293E-01 -2.1289593949007690E+00  4.8893765767412800E-01 -4.0790947897148716E-01
  1.1474884817070634E+00 -2.2489736865082738E-02 -3.8142795199277768E-01  2.9493600581444941E+00 -6.6788717788081697E-01  6.8940128697405267E-01
 -2.1182330669456317E+00  1.6187195401626421E-02  8.9401445612181296E-01 -1.4843459196518052E+00 -2.8797782675687885E-02 -1.2739744262102515E-01
  1.5550352792197700E-01 -3.2426643401223063E-03 -1.9658838474867624E-01  5.3424019622482011E-01 -7.5150646545819488E-01  1.6702612094695843E-01
  1.0524261063036938E-01 -4.7404192202509116E-01 -2.5821655609302552E-01 -3.0077414445673040E-03  3.4088243943297564E-01 -2.2899394464925428E-02
  4.3433766761790676E-01 -1.0403640958661164E+00  7.5276801782331121E-02 -3.3414524585404028E+00 -7.3677396095944481E-01  1.4401771213617687E+00
  4.3775637343893219E-02 -1.5634439973680330E+00 -4.0470758243704591E-01 -2.9560809236291052E-01 -1.6642241154036630E-01 -5.7963504667430421E-01
 -1.4228419441155262E+00 -6.5712855826224298E-02 -4.0530032588049172E-02 -4.5945911870387164E-02 -1.2261549056162303E-01 -9.1227062938137315E-02
 -2.6529503632438733E-01  3.0532817212561769E-01 -1.2045174738038308E-01 -1.2896891954524822E-01 -2.7365542956151989E-01 -8.2273287767652720E-02
  2.6887249698634395E-02 -4.5529061996212283E-01  2.1434997860783592E-01  1.7484079784891815E-01  1.6814400358876080E+00  7.9402011340489895E-02
 -2.7043332704588873E-02  1.3581993185565248E-02  8.1332890080623374E-03 -2.5318195209042715E-02  1.8984500481208571E-02 -6.3077279734545261E-03
 -4.5966250175986188E-03 -8.2960534199648525E-04 -1.4158250939260670E-02  2.6000498740650049E-02 -3.8945347509036020E-02  2.6919195729640927E-02
  6.1511881475912788E-03 -1.6897040028400185E+00 -8.5981514568758861E-03  1.5881178619935807E-02  1.5221890931242624E-01  2.3240678658012182E-01
 -1.9967826986394682E-01  2.8279759042384851E-02 -6.1346402674180830E-02  3.4471795189032619E+00 -1.7449866487831378E-01  3.5367126737256832E-01
 -1.7722766397634984E-01  2.6659381853728605E-02 -2.2137049910543591E-02 -9.7328355893849210E+00  2.2157849721389505E-01 -5.2359138046836484E-01
  2.4061230646659479E-01 -2.9559575399869358E-02  1.0278278999001997E-01 -5.4050110751336602E-02 -1.6430049064000435E-01  8.1961904104705399E-02
 -3.3021179851759785E-02  1.9520339288407393E-02  3.7255174032979170E-02 -4.1076176503574102E-01 -8.3472399241136443E-03 -3.7993093255749896E-03
 -3.8226353382323212E-02  1.6483370939885496E+00  3.0566515226799228E-02 -3.8503722485749160E-02 -5.9355725039130149E-02  6.5297157857298185E-02
  1.1514450221294632E-01 -6.6308779581472382E-02  5.7790422143840843E-02  2.6985475099005046E-03  2.4652209037109594E-02 -1.5862512489018338E-01
 -5.9086646223110408E+00 -1.1131368652131400E-02 -7.8325414654912690E-03  3.4227596535024696E-01  1.6195716953583506E+01  3.8639654519556990E-02
 -1.0867776814491542E-03  1.4191765293928393E-01 -5.5268560016794588E-02  6.7273153006201939E-03 -1.9665894538287471E-01  1.1102715135775104E-01
 -3.1313068410611482E+00  1.8584610597008916E-02 -2.7544563362868722E-02  2.6276028503504280E-02  7.7918291320927275E-04 -8.1008761752452654E-02
 -8.9828758001345058E-02 -8.9388573475015654E-03  5.8858487162901044E-03
ORDER     2 BLOCK     5
  3.7255430825354480E-01 -1.8456677659192261E-02  6.3571972981648073E-01 -2.3037580169106291E+00 -1.8965036556163417E+00 -1.1746426626361364E+00
 -1.2168285658567037E+00  1.5188844968155446E-01 -7.6922309685709145E-01 -3.5280772600157151E-01  1.8961506645932344E+00 -5.0397025937926021E-01
 -7.7193569053047389E-02  6.5528582007929423E-02  1.2625600896868991E-01 -1.5669378381641073E+00  3.7956806077380247E+00  1.6216237216194069E+00
  1.0549074439347086E+00 -7.7623580411770876E-01  1.1813087147568546E+00  1.9359606045925388E+00 -2.4486332169360590E+00  2.3024805086551225E+00
  2.9381547264086780E+00  1.0262269896042264E+00  2.4899845612720570E+00 -1.2234162073717903E-03  3.3484214154537900E-01  9.1507091191537926E-01
 -6.3965022623825689E+00 -1.4187804838208984E+00 -4.3552177437092263E+00  1.8450401084925219E+00 -2.0249271578473103E+00  5.6318637239728264E-01
 -1.3393578679568452E-01 -4.5557946416678217E+00  2.6224218898184191E+00 -7.2122774188213323E-01 -3.7067012878891332E+00 -1.1155527061096280E+00
  9.0788040265011596E-02  9.2351048559196236E-01  5.2653394037803265E+00  1.2987257960173662E+00 -1.2989532410732524E-01 -1.5725737104190436E+00
 -1.2287160368723167E+00  6.8855707163703828E-01 -1.3173063750716700E+00  7.8423340066908542E-01  1.8246542956904857E+00  2.7884664353464317E-01
  9.3762927605514648E-02 -1.6454422166251677E+00  2.2836795630165967E+00 -1.1237737465173212E+00 -2.5332555406023700E+00 -1.9445567189027893E-01
 -1.5075714337129104E-01  6.8077605403076447E-01 -1.0644567207737017E+00  3.2705297464166810E-01  1.3232758818567454E+00 -6.4552681951323798E-02
 -2.5610598171977506E-01 -5.2990978983325077E-01 -4.5222505214164717E-02  3.9634093074225690E-02  1.2996048890973635E-01  2.5993973323113656E-01
  2.7255227846890967E-01  6.9244301376804251E-01  3.3976461057367929E-02 -5.2006576049763886E-02 -9.3514157743619500E-02 -3.9537937673965451E-01
  4.2819379917547790E-01 -2.0394551335284714E-01  3.9944496807663238E-02  4.7529755562347578E-02 -3.4811902525304561E-01  1.2759873068684435E-01
  3.9323347454493573E-01 -1.1049114751864104E-01 -1.9156294783909952E-01  1.1190415468878692E-02 -2.9934656988161577E-02 -5.0289164435059651E-03
 -3.8190938814392276E-04 -1.0829993278866350E+00 -7.3559899264342577E-03 -2.6850554019102986E+00  1.7487370495232650E+00 -1.9482223896784608E-02
  1.7412759705684453E+00 -1.5448769141405052E+00 -1.0316147663000210E+00 -2.9259030118266791E+00  2.1782531561717389E+00  2.3460218138215652E-01
  1.3024639512022654E-01  3.4461382002760339E+00 -2.6273664977929938E+00 -4.0080723290360276E-01 -2.9705941647065692E-01 -3.6273846723589975E-01
 -3.1025255978310207E-01  2.3713928726246913E-01 -9.6348666102714109E-01 -7.1887341481772182E+00  3.6033277762678089E+00 -2.6893125025866098E+00
  1.1359994720161928E+00  4.7733219061858001E-01  1.0992096326031571E+00  8.7483817112885038E+00 -3.7042344995563026E+00  3.8859331326837907E+00
 -9.1739050445420667E-01 -4.7403699931031523E-01 -8.9100315025509114E-01  8.3052685302825502E-01 -1.4757427682699746E+00  1.0280619336215533E+00
 -1.5119837957706428E-01  2.2857019309706547E-01 -8.5483339527028579E-02 -8.0189290716765538E-01 -7.1439420794810124E-03 -3.6982040196732552E-01
  4.6141719898286504E-01 -1.5657347525364813E+00 -5.9442704276615177E-01  6.0286126990263444E-01 -6.2710023283363880E-01  3.6457336954834640E+00
  4.5903119787067420E-01 -6.1330962817901391E-01 -4.3810210836840174E-01  5.6692599243220410E-01 -1.6634256769720895E-01  1.1244941000123199E+00
 -1.6212262721891364E-02  1.0141608360533378E+00 -1.7437425819691904E-01 -5.0395326037907873E-01  8.5465871741275234E-02 -3.4776206853457897E-01
 -4.4022360887726923E-02  6.7322320475525210E-01  3.9142104802105998E-01  7.3746810030559662E-01 -5.4719976029365136E-01  3.1986794497851467E-01
 -5.8695500098164122E-01  1.1134675586114430E-01 -2.2997276794492455E-01 -5.8283212345635417E-02  1.8332987457603273E-01 -7.5302440646974902E-02
 -3.0068421002345669E-01 -1.4743156649576030E+00 -2.8119828060293597E+00  3.1019737690643772E+00  6.3953424890696636E-02  2.2751407689047726E-01
 -6.1594189457946946E-01  7.7890902498912548E-02 -9.8671206038004930E-02 -3.6036430699023979E-02 -2.7250272468702753E-02 -2.8391046429472072E-01
  7.6533891034062063E-01 -4.9365514486914175E-02  6.3890192328107040E-02  3.4949156846525546E-02  2.5047829070041803E-02  1.0190169755157642E-01
 -7.9851203486977385E-02 -5.0682188864429933E-02  2.7576686369749095E-03  7.8063805094954397E-03 -1.1789461574772874E-02  2.4336359649535282E-02
 -2.8384566157483589E-02  3.4665173259324895E-02  5.5319066225287220E-02  8.1239590179161103E-02 -2.5454930838377643E-01  4.5089051118349176E-02
 -3.2788721174747640E-02 -1.0909396488890014E-02 -6.8740631255803730E-01 -3.0918359272533155E-02 -2.3656144584352504E-02  1.1586693620905203E-02
  2.3306760008563239E+00 -3.0012370950739973E-02  5.2094819528717529E-02  5.3726396063524407E-03 -1.0112097443115467E-02  1.4910900075992307E-02
 -5.8742426623964672E-02  2.6214971952463074E-02  1.3728001040782376E-02 -1.1738440210197294E+00 -3.8313962459537737E-01  3.3907419717260701E-01
  1.1323573345517128E+00  1.6237399940185637E+00 -1.0168015843213789E+00 -5.2658983104413171E-01 -2.2947540682766041E+00 -1.6919835734216852E-02
 -7.4801738750109725E-01  1.7883921070374994E-04 -4.7759351535265820E-01 -1.3338957023545894E-01  6.6182077904830605E-02 -2.7588688860620963E-01
  1.3397135982871022E-01  3.2695278210617705E-02 -3.5672090116555361E-01 -3.8136882514628645E-01 -3.9835667156564267E-02 -2.5735493832253531E-01
  5.1038766915817357E-01  9.2262711753425777E-02 -3.6777975444784194E-01  5.0696797969913032E-01  5.1523858178576881E-02  4.2027745358526358E-01
 -1.3140342755120904E+00 -1.1098626439946002E-01 -2.2744623241483425E-01 -3.2017180191420114E-01  4.6180835597270618E-02  2.3952755259234489E-04
 -1.6494350765164308E-02 -1.3252299126775363E-02  2.6082219088040975E-01 -2.0067617931481785E-01 -2.4976291090360137E-01 -6.0957665877502875E-03
  1.4280558611676933E-01 -1.1256771065784672E-01 -6.3133306573142672E-02  2.3983931040860822E-03 -1.6373225817347143E-02 -2.8537136489335839E-03
  1.8123655697826615E+00  1.0948205859665934E+00 -2.2812167257749469E-01 -8.3213059018105684E-01 -2.5938850129463251E+00 -1.3857716953371897E+00
  1.7954209283105629E-01 -8.8267862977799227E-01  1.1249254970797387E-01 -6.5100116681836595E-01  5.5046837179094407E-02 -1.5608500749951632E-01
  8.4669046917189750E-01  4.0641614092243317E-01  2.7682988142729198E-01 -3.0717195117020226E-02  5.1153237289395304E-01  3.9748305590796951E-02
  7.4109776542601508E-02  1.6603443183184091E-01 -2.6213594479294144E-01  1.2642199371993129E-01  1.8692761929608881E+00 -1.8816098454714200E-02
 -2.2512145722653362E-02 -2.2700545736576563E-01  3.2838515940037277E-01 -1.9038952385223795E-01 -7.7526420431540171E+00  1.4683888265931991E-02
  2.3501606429547871E-02 -2.3740657378475617E-02  5.0835003331528891E-02 -1.1674027054570263E-02  1.1030787986857311E-02 -1.4393375578233364E-02
 -2.3878229945776736E-03  5.4028941017650024E-02 -6.6752195669700726E-02 -1.1809014407040413E-02  4.5109811569661543E-03  4.8427998478339930E-02
 -1.4831407393952636E-01 -5.0602655562712129E-01 -5.2734154736038454E-03 -2.2813798282049790E-03 -3.9152605740316176E-04 -9.9034812756033080E-03
  5.4052549454928654E-03 -2.4308895723879689E-03 -3.6251227802019331E-01  9.1866081417042249E+00 -8.9551825074892150E-02  2.4007994056251758E-01
  5.5040035926722443E-02  1.4310372318802891E-01  4.9205837043692069E-01 -2.5152024165356444E+01  9.1328602453008681E-02 -3.3528449780425618E-01
 -7.0276892639593788E-02 -1.6879190911756628E-01 -1.7144971146250992E-01 -3.1526155755256541E-01  4.5235175364000563E-01  4.5581767447938980E-02
 -6.4773397920425121E-02 -1.4829582033350773E-02 -8.7790067013728424E-03 -6.4645361861421013E-01  1.7016975434592405E-01 -3.3647784745367046E-02
 -1.1347310352445025E-01  6.2327128737892057E+00  2.2630889790888419E-02  4.7889559587240152E-03  5.1619578425578048E-03  8.9415172215179563E-03
  2.5100308655702707E-03  6.3603123523249244E-03  5.4579309248432781E-02 -1.8029420343318701E-03 -6.4874321657885986E-03 -6.3671684314106192E-01
  2.5527906596763330E+00  1.7017351186890056E-01  2.5294586302929650E-01  9.0168373351580666E-01 -6.7228599541007945E+00 -2.0122461880519293E-01
 -4.4654751466380221E-01 -7.0086127018539252E-02  5.0521017343190333E-01 -2.7507198450511743E-02 -4.9520266960026438E-01 -1.8774420147454060E-01
  1.4490999654908130E+00 -8.3878820464578979E-02 -1.5290605731089391E-02  5.8813753828009059E-03  1.2993556697558997E-02  1.0098060998989699E-02
 -9.9586116939918118E-02  1.7623283930851007E-02  7.1945057373212912E-03
ORDER     2 BLOCK     6
 -7.1555717196789237E-01  6.6436226347259575E-01  1.2393491694058327E+00 -4.1094070554191536E-01  3.3218782905340399E-01  1.4185503456158294E-02
 -4.9308122304337620E-01 -1.4322147429546746E-03  1.3999680972864439E-02 -7.2766113040305010E-03 -2.0572842285150911E-02 -1.2101339391900456E-03
  4.6015699330281858E-03  2.1099211376546644E-03 -8.9144477650995260E+00 -5.4178385327971079E-01  1.1494572507037898E+01  1.2688986748997420E+00
  5.6881544097291603E-01 -7.2492980951739105E-01 -3.3579769292227629E-01  9.4255129248416534E+00  5.2841528306993180E+00 -4.3682766103276265E+00
  1.2361308869694285E+00  6.0351886598542626E-02 -2.8402745158604725E-01 -1.3141845402351825E+01 -7.8667860044812192E+00  7.5372644142901137E+00
 -2.8269991752739374E+00 -7.4793304083318835E-01  2.7143888217994494E-01 -6.9288968856656730E-01  3.5822575238800675E-01 -1.2283253482554382E+00
  3.3070873641234733E-01 -8.7851477998773431E-01  2.6619659555699032E-02  1.0058559688836175E+00  1.9537660188151798E+00 -1.2565352421505641E-02
 -1.4928116894996601E+00 -3.1254244535708797E-01 -1.3498874057750272E+00 -5.9901791652124059E-01 -6.4830125100290481E-01 -1.0364997703777332E-02
 -3.4377316876200594E+00  2.0161222141918373E+00  5.4934812755009854E-01  1.0891623599987970E-02  6.1815990456110556E-04 -4.1935098237987557E-02
 -4.1440335792386970E-02 -1.5769595243777312E-01 -1.8787808464036948E-01 -7.6085458074031123E-02  4.1891620315317951E-01  5.3120483538292912E-03
  2.5293162104650480E-01  3.9799219843854416E-01  1.9128527779063514E-01 -3.0588364878574448E-01 -2.3670021176409324E-02 -2.4439414157021843E-05
 -1.5096715029077662E-01  8.3659836285733466E-03 -1.2789024381088490E-01 -3.8489965902263001E-01  3.0391066057227625E-04 -8.5516332042366305E-02
  3.9885256648386280E-01  7.8171638168225865E-01 -1.2988319353361605E-01
ORDER     2 BLOCK     7
 -3.0346469888366223E+00  5.9340506755787423E+00  3.3775067884306842E-03  1.3031195873824140E+00  4.1677465384199861E+00 -8.3802328545228004E+00
 -2.8980503961176862E-01 -1.8415209225014115E+00  3.3703975896097083E-01 -3.8706282856832147E-01 -4.9377510751196790E-01  3.7374305666608688E-03
  9.5133851086873899E-03 -1.2044066745483147E-02  1.2209819011057024E-02  9.8710471360133265E-03 -1.2033771422615448E-02  2.4471089478317925E-02
 -2.2387755957591071E-02 -2.5601074587969300E-02  2.6853038600437175E-02  5.3062440588237765E-03 -5.9288745552587052E-01  2.1078080390756480E+00
  8.2022393792154058E-01 -2.5450400534453848E+00  3.8704842151316421E-01 -3.0074906999037245E+00 -1.7284421794002001E+00  3.7008242010310184E+00
 -5.5259422180841133E-01  2.7363456786834304E+00 -2.8085970244224578E-01 -1.2854980914408767E+00 -4.1520603786395203E+00  5.7845740643821300E+00
 -1.2531692320127887E+00  7.9120445101501763E-02  7.8127026489442042E-01  1.8905220116148564E+00  5.9293840173847343E+00 -7.1811473116420999E+00
  2.4305224783577919E+00  1.3727394210486132E-01 -1.9901309292829465E+00  8.8501192696598729E-01 -2.0603991494702192E+00 -1.1229840944379876E+00
 -6.0561967081260180E-02  4.6289289856276494E-01 -2.2577342078623969E-01 -2.1868932961169243E+00  2.5999513167503034E-02 -1.5252909256097824E-01
  5.2809828319886698E-01  1.0430081709371357E+00  1.1662228249336158E-02  4.7783429413799589E-01  9.1602792421067458E-01 -5.3616913291698320E-01
  1.3001533954208147E+00  1.1749726285340408E-02  7.2999474615903193E-01  1.3275924616654577E+00 -7.3141634817138623E-01  7.7870760627541157E-03
 -4.1285995725956248E-01 -1.0331109762153579E-01  6.4466601405590929E-01 -5.1957335743625543E-02  9.8843429130958973E-05 -2.4020032024604395E-02
  8.8292067494193341E-02  8.8895489323919857E-02  6.2200108161893357E-02  1.2961686728737807E-03 -6.8975483381371314E-02  1.2995549385618785E-01
  3.4896307362377164E-02  8.9736098034137526E-03 -1.6089408878157424E-01  1.5135325970772265E-01  2.5616809030443882E-01 -3.0970266785634764E-03
  1.1010192625488857E-01  3.1465430076746237E-01  2.2124561654005052E-02  3.8760731589485387E-01  8.1805686973812283E-03  8.0000624685776445E-01
 -3.5367708754597815E-01  1.9963376448099725E-02  4.4784745031918859E-04  4.2165231770025201E-02 -1.6894702967652098E-03 -6.0501431960264000E-03
 -1.7144421626973730E-01  1.3739591410630615E-03 -1.0038463704482146E-01  3.6786478300908462E-02 -2.1305977952509270E-02  1.9778095125721584E-01
 -2.5526806938920709E-03  1.4611659639935434E-01 -6.2701730589869498E-02
ORDER     2 BLOCK     8
 -2.8796545984108097E+00 -2.8504051597128682E-01 -5.8822441725464287E+00 -1.6568108557638004E+00  5.8547546229670344E-01  3.7572027684203957E+00
  3.6988526176968088E+00  1.7385012590848758E+00 -1.2406982837765242E-01  2.7562822078133644E+00 -8.5340611096075769E-01 -6.2260652767897898E-02
  1.6189643310657278E-01  1.1541715808783446E+00  2.9136915821823689E-01  7.6095252249301044E+00 -1.6116080119146556E+00 -5.4154927612600163E+00
 -7.0687229873118653E+00  6.5713066159397631E+00  2.7758300641549422E-01 -4.8796874302574356E+00  1.1087923144334038E+00 -8.2214594088387596E+00
  1.0229466538611036E+00 -2.8509508412138667E+00 -8.7370112763075483E+00  2.8691158301182829E-01  2.3247247558887821E-01  4.9722149878009514E-01
  5.8993511480503258E-01  4.1030938985383605E+00  1.1100170995259246E+01 -4.3690217094554606E+00  1.1146675375410016E+00 -6.1536422433087004E-02
  4.6511376818543892E-02  1.0621932257389222E+01 -1.4728072625815729E+00 -3.2916679333851445E-01  6.3985202289090699E+00 -1.1014969665663978E+00
  6.0238837356159858E-01 -4.7839329228879091E-01 -8.8915688298442515E+00  1.9785688337270424E+00 -4.8117210001372857E-01  1.0576370797609602E+00
  6.9408770712533896E-01  1.2827381320979878E+00 -2.8925110854643972E+00 -1.1643190533177066E+00 -1.4369532936212783E+00 -7.0256239921354913E-01
  1.6591340673023747E-01 -9.9363491693874606E-01  3.6159319462358477E+00  1.4382737713997162E+00  4.0085355912960194E+00  7.5969606004412493E-01
 -1.6646209943664797E-01 -1.4652556866311872E-01  3.0926069500806641E-01 -4.1891026362850481E-01 -2.3748146456042454E+00 -2.1887977631405469E+00
  2.1238113199715731E+00  7.8871275182056255E-01 -1.6024089907079636E-01  9.0130392680730614E-02 -5.1879801439087637E-02  2.7093279680638180E+00
 -2.7201810197162062E+00 -1.0933713249770205E+00 -7.5671074729499979E-02 -7.5681300605677598E-02  1.8978282925702982E-02 -2.3978697867720545E-02
  3.0585127095860293E-01  1.0616664984375747E-01 -2.3133969745366534E-01  9.2394119137974198E-02 -1.1955404344581901E+00 -2.6529238023106416E-01
  1.9195218040960607E+00  1.9642331290965823E-01 -5.0671753829853582E-02  1.2310595294026995E-01  5.9083950713744081E-02 -3.1679209871029013E-02
 -5.7092938469844908E-05 -3.4381055488202206E-01 -1.6462172179069225E-02 -1.4369995094838199E+00 -4.5866935809808247E+00  7.3370841090840142E-03
 -4.7051492423239938E-01 -1.3710900321351426E+01 -6.4897809274000302E+00 -2.2512005000858040E-01 -4.6560619431353949E+00  2.6400764399767163E-01
 -8.4593134597447972E-01  9.2227731700719739E-01  6.8093529513549331E+00 -1.6566606532422395E-01  8.6229567658810369E-01 -9.9354024140268249E-01
  1.7819652091562044E+00 -2.4333182292817682E-01  2.3840190112559487E-01  1.5243557438076277E+01 -7.6321986709129641E+00 -3.5423125171150569E+00
  6.0251358814095790E-01 -7.5477575407541253E-01  8.4899522970602007E-02 -2.0188364504832101E+01  9.3981427463338978E+00  5.1543814768100207E+00
 -1.0799844789729038E+00  3.6385651742413044E-01  9.8393655579981573E-02 -4.4968086210015018E-01  2.5823194948837347E-01 -1.2728240130623216E+00
 -1.4013469265940365E-01 -7.5662134726806773E-02 -3.1940594753516703E-02 -6.3216087489661399E-02 -2.0105109701842444E-01  8.2176939274125216E-01
 -2.1048360297984563E+00 -2.6895578609158655E+00  1.1257835704504624E+00 -3.0231184628767932E-01  2.5939882284092701E+00  6.0754437866579796E+00
 -2.4923836969739983E+00  3.4655318952524600E-01 -1.3287201100241619E-01 -5.7274550928103718E-01  1.0736908315258080E-01 -6.8671106063303711E-01
 -6.7906907081349221E-01 -2.9129855462281671E+00  5.9038980792567008E-01 -5.3522409613237587E-01 -1.1295944366951007E+00  6.7820637952299923E-01
 -1.7461542335682889E+00  7.1993211353624815E+00 -9.7224693487602687E-01  4.1886014676378752E-01  2.7737626171888028E+00 -6.0975423277167007E-01
  2.1770518035611341E+00  5.2174941301833044E-01  7.1032390092582287E-01 -7.1338136377712980E-01 -8.1496300657925391E-01  6.1488363973434990E-01
  7.1623532717621952E-02  1.7172173635234909E+00  4.3931733863713731E+00 -3.2025268873425223E+00 -3.9627971103622756E-01 -1.0582247261665092E+00
  8.9220851569373572E-01 -9.0392893125069385E-01 -9.6592584542735366E-02  5.1852425166838551E-02 -3.2556883124521492E-02  1.5487117934034191E+00
 -1.1605839116258125E+00  1.2679440269607640E+00  5.7232778543729623E-01 -1.0187133692478020E-01  3.0847151462864455E-02  1.8994870648276287E-02
  1.0065353048016154E-01 -5.4658839030152680E-02 -2.9704343038720417E-02  5.9890043720969885E-02  2.3219458000909594E-02 -7.9299033109993724E-03
  3.8900502194852138E-02 -1.2372707659193428E-01 -1.5998522465639500E-01 -2.0083359753322980E-01  2.5591638394706140E-01  9.0708348361280861E-02
  1.0089815679203418E-02 -1.3914953604340250E-02  1.7812269971744032E+00 -3.8486126667881199E-01 -1.2062074414707531E-02 -4.0423269092234294E-02
 -4.6725513125988218E+00  1.7145058147984726E-02 -1.4116322987398650E-01  4.0562161295133729E-02  1.1555903662324986E-02 -3.8988016414734032E-02
  3.5826398232063295E-02 -1.3019142535327693E-01 -2.7558014929997505E-02  1.2992838837850071E+00  7.7369729361956285E-01 -1.3289043370038886E-01
 -9.5637040100386442E-02 -1.7553851148725050E+00 -3.6286066980404535E-01  1.1786535766588158E-01  2.7779787128052222E-02  6.4870214298622025E-02
 -8.6191749839265641E-01 -2.9442969065183126E-02  7.5669858350843033E-01 -4.4973864577218320E-01 -4.8552992433053199E-01  2.8467379587977915E-01
  7.2517119528863486E-02  3.0762721983852503E-02 -2.9397129287538282E-01  1.6169652366749427E+00 -1.1582567565448392E+00  2.4065720193043505E-01
 -7.9298169813277952E-01 -1.2855895474986848E-01 -8.1830232544826176E-01 -2.2686229659078037E+00  1.5751346626163616E+00 -1.7943451890606746E-01
  1.6251869482742516E+00  1.3698142397036092E-01  7.3096482407412322E-01 -9.5102557748761141E-02  7.4297628314383385E-02 -1.2748768704985211E-01
  1.1963704159090766E-01 -1.3152809120261134E-02 -6.7257644887578488E-02  1.0295034872129467E+00 -6.6926987684628136E-01 -3.2335484066342929E-01
 -3.1178687236335600E-01  4.5032991035380809E-01  2.0835663754279257E-01 -9.5496844140843695E-02  2.2491514541153929E-01  7.8374771166536926E-03
 -2.1940193981604836E+00 -7.4932410291437310E-02  4.0373266901114570E-02 -4.4039385613307180E-01  2.6813174020824055E+00  1.1937016950690008E-01
 -4.7599666734883452E-02  2.0863210511986856E+00  4.5966129266367922E-01  9.3789546764992144E-03  2.4473144708692268E-01 -1.3399258914325449E-01
 -8.9783594786520471E-01 -3.2215202783444513E-01 -7.0706267538706746E-01  1.0943702841722260E-01 -4.0203520428297684E-01  2.0054900315527774E-01
 -4.3130765765955148E-01 -2.6518954352105839E-01  4.7861520566868654E-01  1.0910332044047458E-01 -1.8600373339724978E+00  1.4257638189525648E-01
 -2.0594583026532342E-02  3.1054457707227995E-01 -6.0254559447364298E-01 -1.8160737236658125E-01  6.9198072139311932E+00 -1.2143326614205353E-01
  2.1518337309423267E-02  7.7047472224437757E-03  1.0075411982186785E-01  2.9733474531966370E-02 -4.3369510975502831E-02  8.6353485404771398E-03
 -9.3806878935426604E-03 -3.5158637816053040E-01  2.6283018388364165E-01  1.8071092924895762E-01 -7.8360697448463159E-03 -1.1175383403348813E-01
  1.5853114661894549E-01  8.3331095726234494E-01 -4.7412569399785031E-03 -1.3359395572957036E-02 -7.3118585374300091E-02 -5.4966723569590530E-02
  4.7213148714250766E-02 -2.0893660705335722E-02  3.3106689370782083E-01  1.1677243333030567E+00 -8.8965440976005047E-02  5.9212222651615531E-01
  2.2991009199690796E-01 -1.5825612265470740E-01 -3.9855546406484993E-01 -3.4250453531950056E+00  1.2378721375167978E-01 -1.0010823501458705E+00
 -2.7067062491716826E-01  1.7295137807831110E-01  1.0639039812403590E+00 -6.5477045717520999E-02 -7.9942257088520818E-02  5.0754916243934606E-02
  2.7060689677139926E-02 -1.9501506899130838E-02 -3.1415117583377117E-01  1.8327890171949413E-02  5.0662974842976091E-02 -6.1894422314530323E-02
  1.3316068182973720E-01  4.5837776630895242E+00  4.8959969636249108E-02 -4.6535962048232439E-02  7.3670032268713104E-02 -4.0214619829289269E-02
  7.1461780480054828E-03 -1.1558319651414913E-02 -3.0506360128445920E-01 -6.9842480247438400E-03 -1.6422543970797895E-02  2.9225668898549828E-01
  3.8323380400384446E+00 -3.7592092470891869E-01  9.4207699605160816E-02 -5.7783276968938269E-01 -1.0347199155978139E+01  5.4509319106683518E-01
 -7.2004596533066567E-02 -3.1201214791597931E-01  2.1297137129461310E-02 -7.3838360522263488E-02  7.1015160838484262E-02 -2.7049022262931072E-01
  2.9233216710765011E+00  5.7684888016696724E-02 -1.1393372374070913E-01 -1.0065011575371841E-02 -9.8619853050548739E-02  1.3458377844212918E-01
  7.5763275200214253E-02 -5.9025254654310423E-03 -3.9219850978560983E-02
ORDER     2 BLOCK     9
 -7.0824613415829485E-01  6.7672355120839338E+00  4.0651748605258192E-01  2.2231394706029484E+00  2.4803909602678909E+00  4.8789389359127244E-01
  2.1947153576572509E+00 -2.4974272282414165E+00  8.5629648340082853E-01 -2.1256398180005940E+00 -8.2763166628250637E+00 -2.0109254924192799E+00
  3.1682198404037547E+00 -4.3622109906360151E+00 -5.5805574611379445E+00 -5.5229436231444842E+00  6.9640340885316592E+00  4.5233869869503779E-01
 -1.3045076131417987E+00 -1.5091549864507592E-01  7.8106603922083032E-02 -6.8563359296751489E-02  3.2076753460639433E+00 -2.7808868067788362E-01
  1.9223555876991656E+00 -5.1839381254346895E-01 -5.2252875304539650E+00  5.2187338827286291E+00  1.0339716510571654E+01 -4.9590303468969701E+00
 -1.7842712567691941E+00  3.2757339652877776E-01  2.2610481087594994E+00 -5.2043092372377131E-01  3.2196951051121849E+00  1.6747133719501599E+00
 -3.3851506604230126E+00  1.9930466752090364E-01  2.2354973834363412E-01 -8.1848947510892278E-01 -4.4056856099087662E+00 -2.3191905701995013E+00
  4.9347070404031363E+00  3.6863058984628594E-01 -4.8407041375562998E-01  5.1925130975641109E-01  1.3002248193687549E-01 -2.3818900912019808E-01
  7.7825586990664386E-01  2.5128525679292063E-01 -2.1561495597268681E+00  1.6876624226599748E-01 -1.6566882114880410E-01 -3.6973807221797456E-01
 -8.2576504693740460E-01 -1.9688522509305006E-01  3.6445500610394355E+00 -2.0685835094069990E-01  1.8984469199740017E-01  8.9531016664290808E-01
 -3.8409934192834068E-02 -2.8961492381468612E-01 -1.0178329039783078E-01  3.3503128808074954E-02  5.9030069687995901E-01 -3.6430734403514897E+00
  1.9560175504501873E-01  1.0057630168706981E-01 -9.1527692936831384E-01  4.9147765500895026E+00 -2.2266254860966025E-01 -1.9663649523805068E-01
 -3.1873446493947455E-01 -2.2900294712674085E-01  1.0177644233856271E-01  7.0382309601885429E-01  5.9971617155995336E-03 -4.4667570296564996E-01
  8.4286624602715920E-01  3.1867341786550041E+00  7.6353453513201619E-01 -3.9967304785617732E+00 -1.1486527657838295E+00  1.0506184872979880E-01
  6.6480714289540888E-02 -3.6693720617901043E-01 -1.9574267247031230E+00 -2.5231598594086333E+00  1.2280378746630178E+00 -7.3621211584024224E-02
 -1.1275907012637061E+00 -5.8674068503553922E-01  2.5703301762373409E+00  3.4740035144771930E+00 -1.1773680363778416E+00 -4.5375934138903173E-01
  9.9200840625919862E-01 -5.6449807998612744E-01 -3.7770353966693282E-01  1.6708197158703436E-01 -1.3510087147304739E+00  3.5312007153998859E-01
  2.8955669970265674E-01  5.8215715966478607E-03  3.1473734863464536E-01 -1.1303302125473371E+00  4.7014522080071988E+00 -1.4437908029399349E+00
 -6.3542162637205433E+00  1.3422704716724925E+00 -1.0524372690969312E+00 -1.3118570815404465E-01 -1.3409352338552585E+00 -1.1763043785069459E-01
 -1.8063726826278477E+00 -2.2020908101998868E+00  2.4821617706892813E+00 -1.2666947701907347E+00 -4.0908407518243295E-01  4.1292701768652779E-01
  2.4968020206579991E+00  3.1425274358769495E+00 -2.7593628237933223E+00  1.3025960686641798E+00  1.7904377644458092E-01 -1.1616953021102128E+00
 -5.2869978906720616E-01  5.1474288100027576E-01 -4.1038384957362906E-01  4.8895491221929649E-01 -1.0060119914217928E-01 -4.7570926018846500E-02
  1.5407725674578565E+00 -7.1227134587584384E-01  9.0862183735074070E-02  9.6767301833571340E-01  8.5564189257541179E-01  7.6300598925767227E-01
 -2.9942685782031414E-01  4.1708671605170139E-01  4.0640691582130788E-02 -2.1203867072246407E-01 -1.1258858749861933E+00 -1.0089862729702395E+00
  3.2585096074752479E-01 -1.6040669007441390E+00 -3.3277843756570488E-02  2.8602165486992798E-01  7.2162517149312530E-02 -3.0984612508381186E-02
 -1.7267190290850290E-02 -1.9171657132739228E-02 -2.5483043118686093E-02 -4.1886547425527582E-02  1.6275767666144678E-02 -2.1705736064679727E-02
  1.0450715110802684E-01 -1.3743359228849139E-01  2.1969879643512355E-01  2.6822137501942739E-01 -2.5849564017901416E-01 -4.6804218826935119E-02
  1.7050423432170014E-01  2.9096826383547977E-02 -7.3307433481813553E-02 -3.5102394106877891E-02 -4.0526027598848165E-02  1.5200434733624513E-01
 -2.2643112092487416E-01  4.3450449321735954E-03 -3.0505034666772796E-01  1.6028556966253907E-01  4.0287256068919602E-01 -2.8033662478764676E-01
  1.2700590280750814E+00 -1.0756435051489696E-01 -2.5008701801308077E-02  1.9451357473815808E-01 -1.3753593704623338E-01  1.2898713506993733E-02
  2.0590068083842805E+00 -9.7736565623805793E-01  1.2994823505852762E+00 -8.7828571129760183E-02  6.7408750183251964E-01  3.1332910918957837E+00
  9.9249678398646957E-02  1.3811157944097876E+00 -1.7969885039430225E+00  1.7683840803524278E-01 -1.5949537704327550E+00 -5.1026009409716053E+00
  2.7229122203043027E-01 -1.1147093747718371E+00  6.5326131197618265E-02  1.5022375440490746E-01 -4.7147930404517778E-02  7.2298919655490290E-02
  6.2882387248748606E-01 -1.2984628080437048E+00 -1.4481086584526887E-01  2.6671816663584286E-01 -2.1825115506443837E-01 -2.2541105176343190E-01
 -2.3357274092730798E-01 -8.2815030063327685E-03  4.8297244099672926E-01  5.8178288071398928E-03 -3.0172231678013051E-01 -2.1435657362923402E-01
 -7.6753153803105989E-02  3.0860787769825299E-01  1.2662580332841622E-01 -5.7444490195376181E-02 -1.2355089196707016E-01  2.5587173457783696E-01
 -4.5184102095672785E-01  1.6763732577335596E-02  2.7827820064247322E-01  7.9076408207716542E-01 -1.2140538203187587E-01  2.7708028868327284E-01
  5.8490751717026626E-02  2.2074073359852484E-02 -6.7931024827446909E-02 -1.1250325812448205E+00  1.3526357145074236E-01 -2.7816558661206109E-01
 -1.7923281845776395E+00 -2.3146591789244095E-02  6.0250193285753130E-02 -1.4743726414414161E-02  8.0413583979072417E-02 -4.8309900522273415E-02
 -8.8334748267134781E-03  6.4769577590749723E-03  2.0116776970097523E-02  8.6572266614047858E-04  5.9534044259427890E-02  1.4914906388473731E-01
  1.4200954169087682E-01  1.5359139160565249E-01 -8.6999293014139306E-02 -1.4273335424952123E+00  1.7635135082328227E-02 -3.0934251357284778E-02
  3.2390332285816996E-02  2.1656959226770753E-01 -2.1604399079548035E-02 -3.1858574762642783E-02 -1.2358786034538705E-01  2.0211807866152114E+00
  1.0276449127734262E+00 -2.0309408145233396E-01  8.4965832952854814E-02  9.9455237815153599E-02  1.2590960149885830E-01 -6.1800560555659700E+00
 -1.5084212365241305E+00  2.9236445890040846E-01 -8.8874569070375706E-02 -2.6074371772112415E-01  3.4660885376697798E-01  5.2685244576439180E-02
 -8.1862194552949707E-01  2.1904088348170463E-02  7.0044690109990912E-02 -1.1962290665243461E-02  2.7707446220615140E-01 -1.1751398214159030E-01
 -1.0907995311619399E-01  9.5737683560037104E-02 -9.9267787711307537E-02  2.5832446472084918E+00  2.8309380650580699E-03 -3.6508120531728742E-02
 -1.5199576777382111E-02  1.7322854781228976E-02  1.7503036204109427E-02  1.2056913218730331E-01  1.4689273357335726E-02 -8.4507802435617729E-03
 -7.2813253184781018E-02  8.2321803783906278E-01  2.2113851583771671E-01 -1.0556931839925348E+00 -2.5578622711777516E-01 -6.6785007576619801E-02
  1.6541898584007911E-02 -3.3376344594899889E-03  2.7495829810823669E-01  2.7221763279095029E-01 -7.8219384510165493E-03 -2.4822620106420084E-03
 -1.2919859461209536E-02  6.8420751734408454E-03
ORDER     2 BLOCK    10
  5.2279445918043455E-01 -1.4915633576673362E+00  2.8012628183665672E-01  2.1924733141296210E-01  3.4575818469144113E+00  1.2469660918831986E+00
 -2.5404986810047729E+00 -1.3532692782317159E+00 -5.2695412048217338E-01  1.4870481569470830E+00  1.8328673194198228E+00  1.3150857881374685E+00
  7.7718134906344971E-01 -4.0663837151172777E-02  1.4602819005501770E+00  2.6587641370081192E+00 -7.3306126030989107E+00 -1.5745117699778495E+00
 -1.8279518940464610E+00  1.0209466444373425E+00 -1.5512553453943778E-01  2.2149843845241985E+00 -2.5642652474039669E+00 -6.5547393344535854E+00
 -5.6227079865166205E+00 -2.4370976883671807E+00  3.3580381283207603E+00 -3.1401370130939499E-01  3.0013956710747686E-01 -1.6967240175019422E+00
  1.1446459893463679E+01  3.2085917449487544E+00 -1.1843899822977126E+00 -3.2785825315342247E+00 -2.5143702951064539E+00 -1.6744178475908376E+00
  1.6115647442658917E-01  4.7586371152900115E+00  3.5153750313583880E+00  2.2104817964944559E+00 -1.8105719688292603E+00  1.9224151716932963E-01
 -5.5325810588905333E-01 -1.4323302502455699E+00  2.6603756375237482E+00 -8.0847643570457683E-01  8.5542874597428009E-01  2.9167513514072771E+00
  2.7085462034455521E-01 -1.7439490962998720E+00 -5.8057989986885938E-01  1.4760320156900557E+00 -5.7128971154946495E-01  2.7892563495700734E-01
  1.3538840357276277E-01  2.5423025174714922E+00  1.2880501081058091E+00 -1.8517373380135682E+00 -1.0461052386783025E+00 -6.0979278642362855E-01
  2.0725897183494702E-02 -7.1964452661262036E-03  5.9418757784306353E-01  7.9471983441907912E-01  8.9606697876628427E-01  1.0685434432253178E+00
 -8.3239061041253204E-01 -9.6872616963109684E-02 -1.5220076381259973E-01 -1.8288973329575564E-01 -6.5753426729149203E-02 -1.2705797389113138E+00
  9.3047884458736352E-01 -1.4049826626592449E-01  3.4391429944577490E-01  1.7238435944365479E-01  8.6679875489956440E-02  1.2017480783728149E-01
 -2.7991923555814265E-02  1.4137476869786664E-01  1.2487395371464399E-01  2.3470005329694826E-02  7.2244113044014369E-01 -2.4098072657796885E-02
 -1.1298169367195807E+00  8.4044119071549628E-02  6.4373262522161107E-02 -2.0810294796877599E-01  1.6178096994426745E-02  2.3890079915955195E-02
  3.8142355813371317E-04  1.1231924689198856E+00  1.6076271314816162E-02  8.2789472025494848E-01  1.8917877061158674E+00  4.1501228291877671E-03
  1.2121447665801803E+00  6.2960049510079186E+00  3.9554986852730494E+00 -7.5262189566181670E-01  1.4118473478608020E+00 -1.0364558192173636E+00
 -1.0070454618216720E-01  5.2530616658259088E-01 -2.7444495346976709E+00  1.4740006334081810E+00  7.7885124364839631E-01  7.2318957330404388E-01
 -1.0700485712145487E+00  2.5464588272172484E-01  7.5876661678297375E-01 -6.0809879423162441E+00  3.9752260352935531E-01  3.6654866291353319E+00
  4.5742706559529506E-01 -4.2094627708780608E-01  1.3506859206249752E-01  8.6771687030609712E+00  2.4975222707889005E-01 -4.6153320698996358E+00
 -4.0292029890162157E-01  7.3931602962939302E-01  2.1742498004319263E-02  1.2809931009923148E-01 -9.2180497410629836E-01  6.8946705983936513E-02
  1.6988228260752855E-01  1.6940102997285431E-01  2.2041659260331020E-01  6.6772421370978063E-01  1.0875408722618252E+00 -1.0198196444799501E+00
  1.9974792950362339E+00 -9.6441121786882766E-01 -1.6865176725482594E+00  4.6960427892495060E-01 -2.6891688059372965E+00  2.9382269271313119E+00
  2.6753089361168811E+00 -6.2980380615442100E-01 -2.6790359524188867E-01  5.6633615349294486E-01 -2.2595971464341891E-01 -9.9036824955431657E-01
  1.9438872445554234E+00  3.4931643444868637E-01 -1.0192889862466190E+00  4.8526077919661831E-01 -1.8086717016817688E-01  5.1469409899769425E-01
  1.7771725936786753E-01  3.5649111929279809E-01  1.3490724994923649E+00 -6.1132334348060102E-01 -6.6815362543544343E-01 -7.8092785090201644E-01
 -1.9564734052186844E-01 -5.4531227058579802E-02 -2.3044803355617072E-01 -4.1410580570998684E-01  3.3417346239043144E-01 -1.6959257526219046E-01
 -9.6505533559039874E-02 -7.5726541419260840E-01 -7.4267274425855989E-01  4.3842722692416675E-01  2.5056069215899462E-01 -9.0617465377693870E-02
 -1.6156602172069545E-01  2.8325333800066249E-01 -2.6745878560398784E-01 -1.0225927845283794E-03  7.1532523539629120E-02  8.3505934463302817E-02
  1.9881539172784557E-01 -4.8056593839036432E-01  5.2253484245033488E-01  3.4278231889819544E-02 -6.0355794258024870E-02 -3.6210671562872832E-02
 -1.5067806049851501E-02  4.3485189223903403E-02  5.0882106181503184E-02 -1.9276306483368033E-02  1.9518650210187498E-02  3.5058978988168787E-02
 -1.1703742902633606E-01 -1.7456807262279142E-01 -2.1401255501215495E-03 -3.3188673366305731E-02 -7.3044282825813281E-02  6.3974660320295737E-02
  1.6173534580024379E-01  5.6245365140965592E-02 -1.2793662662135978E+00 -1.0058657908501127E-02 -2.2144802154311685E-01 -2.9766635461819308E-02
  3.7918969834044525E+00  3.6383051512437731E-02  5.3960721439651430E-02 -3.5341564104711287E-02  4.2758335518569543E-02  1.1536881092504435E-01
  3.7175077849284074E-02  8.4510971356130199E-02  7.8144718162560401E-03  3.3986075220124407E-01 -4.6285186119726074E-01 -3.3268009350484261E-02
 -1.2399862252341813E-01 -5.5264097105689414E-01 -4.6163317922961322E-01  1.8331845522441695E-01  1.6807559711315068E-01 -1.4794488905829906E-01
  1.4039941516547205E+00  1.0728222348856700E-01  4.7619356144600994E-01 -5.4759783722665123E-01  1.3454526553566348E-01  6.6141832001567161E-02
 -1.0782079816979179E-01  3.4026550420814422E-03 -2.3358051940376290E-01 -1.4125734829618928E+00  1.3210483843399514E+00 -1.0878633534532192E-01
  4.0283025662954747E-02  1.1458440006315289E-01  6.0497034211119072E-01  1.9656128753088755E+00 -1.7904987443396687E+00 -3.2025475334360107E-02
  3.3916335915850326E-01 -1.3218914601502282E-01 -1.6175141000056033E+00 -6.3735097243042182E-01 -1.6381736871263206E-01  1.3070479401182028E-01
 -1.0029813752604838E-01  2.2942812217047460E-02 -8.5649487323396267E-01 -1.8167249043561726E-01  1.9839368639263411E+00  3.9507831765322693E-01
  1.2704667123186658E-01 -4.4461518232173103E-01 -1.6097692671255720E-01  7.8233392192390019E-02 -2.3006989740178083E-01  6.5097164345370075E-03
 -1.5610605483947360E-01 -1.8856595741938806E-01  2.2371263266813206E-02  5.0939791020762037E-01  6.0316955632845490E-02  3.8872446172073055E-01
 -1.0508521240910271E-01 -3.8748540827794414E-01 -3.2031666280556492E-01 -3.3767469284630425E-01 -7.7970966535170980E-02  3.2876347273620576E-01
  9.6298700023179307E-01  1.2172707758874875E-01 -4.4305285805496274E-02 -3.3515934508669964E-03  9.4687978963386388E-01 -1.5041542891975493E-01
  3.7377564183723044E-01  5.2061517600618989E-01 -2.6850018984672602E-01  1.5065431026817047E-01  5.4340910744437454E-01 -8.6592314704136400E-04
  2.2963138489271156E-02 -7.2191305742028544E-01  2.0083450831228464E-01 -2.8678578269504645E-01 -2.2379733274907481E+00 -1.4754510989824832E-02
 -2.3768558476645784E-02 -8.9107823174272627E-02 -1.9026411059285826E-02 -4.5699638851516351E-02  1.1217658679872391E-02  4.7266449592748877E-04
  3.1659250319000915E-03  7.8658908680834402E-02 -8.9130369706167542E-02 -1.4322399303583991E-01 -4.5712492285226815E-02  1.0137842356379588E-01
 -2.0165386774708816E-01 -6.6844738861272968E-01  9.4253353343070698E-03  1.0974808857290162E-02  1.0514037745256994E-02 -6.8804960425795994E-03
  2.0649890333677815E-02 -1.7461864457679371E-02 -1.3085894169852252E-01 -4.8600090814304275E+00  8.6252551523528298E-01 -2.6143357591093527E-02
 -9.7187976769955609E-02 -2.0487029299311808E-02  1.0408191066848463E-01  1.3227588389290613E+01 -1.2166998500603974E+00  6.7472402883178337E-02
  1.4930836854861249E-01  4.1619762200515234E-02 -2.8543383629573271E-01 -1.2561852898653572E-01 -1.5549659515261166E-01 -3.5840050270732692E-02
  6.7517093517352966E-02 -1.0132862072189766E-01 -4.8250213878274062E-01  7.3238515446555230E-01 -2.3626452270725856E-01  2.5920049161850506E-01
 -1.0349724973413056E-01  1.3116162970567129E+00 -2.4139635856238389E-04 -3.5079213750519311E-02 -6.6144826565240331E-02  1.2553343417004084E-02
  2.6075258580648821E-02  4.0485966259512840E-02  5.5368190419334516E-02  5.4978402422126288E-03  1.0304774939791260E-02 -8.0211774898218360E-02
 -2.4945511840733801E+00 -4.5896186634649346E-02  1.3728015992166545E-01  2.7864637797610359E-01  6.5435880515748108E+00 -5.1493283685238860E-02
 -2.6571507741997563E-01  1.6768821710526313E-01 -1.1947878936481567E-01  6.9068348416274961E-02  7.2684099623549991E-01 -1.6572724160778726E-01
  1.1233612023045232E+00  3.1130345674579243E-02  2.8662573841359208E-02  6.6273761555891454E-04  7.6433848931391921E-02 -8.4387734965703662E-02
  6.7164462854577417E-02 -8.8435880580354804E-03  1.9876599164972406E-02
