SURFGEN.GLOBAL Hd COEFFICIENTS FILE V:2.8.8
high order tester                                                                                                                                                                                                                                              
ORDER
    2
COEFFICIENTS
ORDER     0 BLOCK     1
  1.7176001751367784E-01
ORDER     0 BLOCK     4
  1.5014716721146051E-01
ORDER     0 BLOCK     5
  5.8133204817812492E-02
ORDER     0 BLOCK     8
 -3.8966849279611110E-01
ORDER     0 BLOCK    10
  1.0587780036180086E-01
ORDER     1 BLOCK     1
 -5.7086873709270125E-01 -1.0517954330680874E+00  5.6698538689656253E-01 -2.6215102723964994E+00  1.5383180097593150E+00  1.7398285180245101E+00
 -2.8642829652534778E+00  6.2260026881615591E+00  4.6779137496511330E-01  6.6944989832214474E-01 -7.9711399146025610E-02 -6.5808676227841101E-01
  1.1043607782575018E-01 -2.2011018409187710E-01  1.1791690051380352E-01 -1.2468010310208032E-01  3.7298460646683157E-02  1.1232968204892524E-01
  2.2548944603026613E-02 -5.0164724979553177E-01 -4.6048115602538414E-01  8.9385278815239722E-01 -3.1859262104752779E+00
ORDER     1 BLOCK     2
  1.2107709012214296E-01  5.6418930491130958E-03  2.2627140934482454E-01  7.0941092332334266E-01
ORDER     1 BLOCK     3
 -2.7368378651607497E+00  9.9531697854828693E-01  5.2078977845117072E+00 -2.3180204834943021E+00 -4.4822900811354960E-01 -6.2342070763913071E-02
 -8.9579629778811884E-02 -2.5233947589323669E+00  3.7495045538781258E-01 -1.7334521289109264E-01 -3.3559101757241278E-01  1.1189683518701747E+00
  6.9729515264669306E-02
ORDER     1 BLOCK     4
 -1.2830912298388883E-01 -3.6513335214093756E-01  8.9324027778614334E-01 -3.2560127771550986E+00  8.2685392852932904E-01 -2.0139719819953772E-02
 -2.2880700379895873E+00  2.8173006629281652E+00  5.0234229436500133E-01  1.6553980148241726E-01 -1.4317237298975563E-01 -9.6144283838864808E-01
 -3.7403156523195380E-01 -2.1122974666162972E-01  1.5702344290442619E-01 -1.0449762959842218E-01  1.1214933840753409E-01 -2.7777723850270630E-01
  2.7265310792382874E-01 -4.0249610062072655E-01  9.5346098579494043E-01 -7.0655858354967982E-01  1.5235764119744679E+00
ORDER     1 BLOCK     5
  2.9565690754628604E-01 -1.0766084016290267E+00  5.3087543030797579E-01 -1.3182926885929096E+00 -8.5049443943800851E-01  2.9773796622755517E+00
 -8.8050036864823400E-01  1.5575669614060745E+00  1.4226166052795615E+00 -5.5291956106207818E-01  6.1169835625734505E-02  4.9325049913126606E-01
  5.4398226777960035E-01  6.9512274377661887E-02 -2.3452201275099294E-01  1.1791754944535854E-01  1.9455467248558184E-01  1.7616205322261613E-01
  1.7306072124532577E-02 -9.0213835627783712E-01  2.8118278778710687E-01 -3.0749354940007705E+00 -5.4050252356838546E-01
ORDER     1 BLOCK     6
 -1.2894215580463535E+00
ORDER     1 BLOCK     7
 -6.0806200863836153E-02 -8.8489041680330591E-03 -4.2741179932444778E-01  1.7560398836999980E-01
ORDER     1 BLOCK     8
 -2.1272359015127464E+00 -1.1323061083703143E+00 -1.6324735510573136E-02  2.1346927094156651E+00  7.3531439891718691E+00  5.9487705403623909E+00
 -2.8233320459627151E+00 -3.5410038920498739E+00 -1.7720194580174780E+00 -3.0532240643611941E-01  9.6589737831750747E-03  3.1278044593235066E-01
 -4.9884684221788689E-01  6.4492107175260904E-01  4.6792015766415862E-01  3.5745179224988305E-01 -4.3677277593663882E-04 -1.5120795751983188E-01
  1.1913747039318272E-01  1.0312881182190403E+00 -4.8443923086936286E-01 -2.3561428717186388E+00 -1.2353402895467156E+00
ORDER     1 BLOCK     9
 -1.1492320904733027E+00  8.8367550951174412E-01  2.7141506699603171E+00 -2.2090816192061271E+00 -3.1589416460047109E-01 -1.2167126357620939E-01
  7.6139323265307624E-01  6.1967366033504001E-01  1.2573111570870762E-01 -3.6300930812368354E-01 -3.2111314112467210E-01  6.5646969812313416E-01
 -1.3341108559914141E+00
ORDER     1 BLOCK    10
 -9.8482899709265814E-01 -2.0067789993622371E+00 -7.9032066565791215E-01 -7.6725275602302934E-01  1.2524018092581595E+00  3.2267722928879823E+00
  4.0556783771113212E+00  8.0113283544364533E-01 -6.4646748485437810E-01  8.4043577403086966E-01  5.9155647384629050E-02 -1.4697784771491289E-02
  5.6373562838269231E-01 -2.8963257319555846E-01 -2.4160301394621589E-01 -2.9416245892888850E-02  1.2760830904553344E-01 -7.6270675034669361E-02
 -7.7271219764231805E-02 -2.9712745604333657E-01  3.4114689057805658E-01 -5.9516781107398464E-01 -6.3583778547882219E-01
ORDER     2 BLOCK     1
 -1.5771618752999428E+00  1.2701319268047551E+00 -3.1119977501772256E-01  9.6916292074145871E-01  4.5610141059253700E-01 -1.4712030162826875E+00
 -2.1935209875649114E-01  1.4477170335914344E+00 -1.8782960380089891E-02 -1.4037817176298746E+00  2.0849590229620416E-01  3.6288471414222556E-01
 -1.9105547290628162E+00  9.9519673297222688E-01 -1.4573589385749084E+00 -1.2071091958242770E+00  1.3866172426465613E+00  2.0794508718247449E+00
  2.7582675273144250E+00  8.3889047538887862E-01 -5.0328683995777190E-01  8.0329560586138660E-01 -5.6485312344130845E-01  1.4542646841630360E+00
 -6.0365187774407880E-01  1.6523858456561580E+00  1.8658746663958075E+00  5.9388769491303173E-01  2.1501181278273698E-01 -1.3288035481757912E+00
 -2.5635078693855107E+00 -2.3044844576862729E+00 -3.9717239687854886E+00  2.4491652908561430E+00 -1.1621978217116606E-01 -2.8511030954234867E-01
 -7.9171818485957024E-01 -4.4057402896458093E+00  4.1201570835815293E-01  1.3216972940506417E+00 -1.4861001624537615E+00 -4.5144266555767032E-02
 -4.4558189041245186E-02  3.1344332064387509E-01  1.8703943433200807E+00  4.3277647163027211E-01 -1.4215353593519392E-01 -8.1843971596894527E-01
  3.4917941735776259E-01  4.8719116969770854E-01  2.8571055017010499E-01  2.9113227723467733E-01  3.0607309722203574E-01  4.3744889505353829E-01
 -2.3637164719729292E-01 -8.1108666013445796E-01 -2.0182470980260866E-01 -1.5371308620125415E-01  1.5383894535177067E-01 -3.0790626700466228E-01
  2.2063667639754325E-01 -2.9107377464031464E-01  6.9330884857551356E-01 -2.9280274220319913E-01 -3.2834516846619297E-02  6.8723280061787884E-01
 -7.8921694739923964E-01  3.0655340283764765E-01  3.6375044539650285E-02 -4.2660378910703629E-02  1.4569155049505558E-01 -1.0679682184655310E+00
  1.1378164979826000E+00 -2.1976027759060779E-01 -3.2819351965695534E-02  5.8833676555320048E-02 -2.0182908068058444E-01  3.7006624854426622E-02
 -3.2125281709557291E-01 -1.4506563351474444E-01  9.2506311369287414E-02 -5.7938065743310500E-02  1.3675965891014537E+00 -3.9713405873551065E-02
 -2.0734781915776783E+00  1.0460036332948515E-02 -3.1822741099454939E-02  5.8751532221079455E-02 -3.8528147301193125E-02  3.6437725296026308E-03
 -3.5697682743274087E-05 -1.3112967998085625E+00  3.5108203497082519E-02  2.1601382665579414E+00  1.2328250394147919E+00 -2.2638883249974154E-02
 -1.7035297686738295E+00  1.2876420209751545E+00  1.5443637085270853E-01  4.3151438658178431E+00 -1.2468081819370620E+00 -1.4376979436644380E-01
  4.4400552533183552E-01 -5.5504284585627532E+00  1.1053297786466358E+00  2.4424258800874565E-01 -9.4000362141637928E-01  4.5687424943748461E-01
 -8.6742829145602984E-01 -1.2099338669402980E-01  6.7543653420996452E-01 -4.5507221594224573E-01  7.7300088881991622E-02  1.7839426661837470E+00
 -7.2962283645260628E-01  9.1667879712735145E-01 -1.2689922486410203E+00  1.2534527818695487E+00 -1.3213684149371032E+00 -3.5629394691720959E+00
  1.2766475289169397E+00 -7.6224031375462431E-01  1.2102938225030337E+00 -2.0739867108222734E-01  5.3328906671460030E-01 -2.3478481922597291E-01
 -1.5772445028862941E-01  1.3571061733052181E-01  1.3874292904234833E-02  1.4245467589161967E-01  2.4416504086544205E-01  1.4942309889649702E-01
 -3.6675882806683624E-01  1.1442987184461573E-01  5.6897598433706298E-01 -1.6327104178630622E-01  6.6948113822629152E-01  2.2671365996209802E+00
 -7.2263346227505543E-01  8.3596213313960083E-02  4.0456058665088629E-01  3.9807690871447657E-02  2.3801624575161517E-01 -5.5932773060743024E-01
 -9.6755055873655293E-01 -8.7821546532341999E-01  3.9667746671071491E-01 -2.3514759092349233E-01  1.0014249195358245E+00 -1.8166372929042243E-01
  3.9183730769576558E-01  8.7042092108723479E-01 -6.3222629378932615E-01  4.4372631027817366E-01 -1.6703890072410090E+00  1.9485945369572594E-01
 -4.8444108194278362E-01 -2.8164400076196078E-01  8.0479045181369419E-02  2.8843564653835935E-01  9.0475021196250366E-02 -3.1019897765589727E-01
  2.8302202021808254E-01  1.0074840253150288E+00  5.3988287852206129E-01 -7.2667586272539630E-01  7.2141529251119954E-02  5.6784538717291044E-01
 -2.6229719661156270E-01  2.1934466793315238E-01 -1.4538262654932128E+00  5.8673863023021203E-02 -1.2565557384770531E-02 -7.9022885505303209E-01
  3.8382269954262832E-01 -3.0062745090614568E-01  3.6860050247685869E+00 -5.8143743190846781E-02 -1.4205016061630783E-02 -6.8700223375908170E-02
  9.7306859042491194E-03  4.1354740194843746E-02 -1.6343638775645500E-02 -6.8082217418879279E-02 -4.1645238318483192E-02 -8.4643564320562664E-02
  1.7619366162772116E-02  1.8606008186311429E-01  4.8748650622047883E-02  1.0994900820477929E-01 -1.5072819645599251E-02 -6.1785892019605763E-02
 -1.2351733046185247E-01 -6.4641043325397829E-02 -5.3186266197141938E-02  1.0827501802213652E-01  2.0052290701416969E-01  6.5156962441115560E-02
  6.9285828341617739E-01  1.7503960163380343E-02  3.0672419656523304E-02  8.8417685047362804E-03  3.5906677589075311E-03 -1.7492346278732390E-02
 -1.5802032064066669E-02  3.5584199109605749E-03  4.2158793714354211E-03 -5.3547927979325394E-01 -1.2797250945432628E-01 -2.2485168713834547E-01
 -3.1004115776670577E-01  7.6494021429571779E-01 -2.9432241412391369E-01  3.3119720342191972E-01  9.8077916645475571E-01 -1.2299866635267302E-02
  7.7875898644348496E-01 -5.2324088807910389E-02 -2.4324048469114351E-01  2.9941397695380256E-01  2.0880837802543428E-01 -1.3753138764773512E-01
 -1.9478033940735254E-01 -5.9652015038303028E-03  2.1016166654231738E-01  2.9933908606192627E-01 -5.8845609963646806E-01  1.7225626000715136E-01
  4.9912961974406544E-01 -1.9790898430070683E-01  3.7404166396851668E-01 -4.3147134851641950E-01  8.1502201577886146E-01 -2.4726737850175876E-01
 -8.6263865940795958E-01  2.8946326177748544E-01 -4.7955241440827562E-01  1.6891671616440640E+00 -1.2558123845365504E-01  5.9794836695313595E-02
 -5.4125671720852371E-02  5.6874537444034076E-02 -9.8992962819655431E-02 -3.5381798369279660E-01 -5.7141709726401935E-01 -1.0390964056706474E-01
  1.2714644301098588E-02  7.6720504113220192E-02  5.9872000379957588E-02  2.8512669526455047E-02 -1.9017079998355568E-01 -1.3861171795148841E-02
  1.0942198563110994E+00 -3.2224377098593793E-01  2.2988795398293092E-02 -2.1064623995450985E-01 -1.2844844622535474E+00  1.5368310329266572E-02
 -2.8875266039895903E-02 -3.2596881714118142E+00  6.9346248994280489E-03  2.6177470726865809E-01 -6.3513215448989357E-02 -2.9936726275607639E-01
  4.1504929399912349E-01 -3.6421258850193006E-01  3.2574387346812439E-01 -5.1085692674069379E-02  4.2078338907470952E-01 -1.2626782149357541E-01
  5.0205258722592072E-02 -5.9590611479533151E-02  1.3577146687549732E-01 -1.3907475401672226E-01  9.9515854626428124E-01  9.4480138663236291E-03
  5.3749850781754087E-02  4.8836787711299304E-02 -1.1333774944015544E-01  2.2901875393033219E-01 -3.3179361238644529E+00 -1.3643161722756390E-02
 -5.4347344436283980E-02  4.3848403999014206E-02 -4.3630074004079623E-02 -1.8301593276159971E-02  2.0312564539638811E-02 -1.0134665421220709E-02
  5.2392523310687677E-03  1.0152963870423876E-01 -1.8261980132298278E-01 -1.8455945537177959E-01 -2.9577436179002985E-02 -4.6278855909854505E-02
  6.8229372933917426E-02  7.4537051395900089E-01 -1.1940616808705368E-03 -6.0929293567660355E-03 -1.0967710694955894E-01 -9.8611582575158521E-02
  1.2162394908020857E-01  2.7079124091322293E-02  2.1421770803599641E-01 -3.3080068054806109E+00 -6.6070804848747711E-01 -3.0961484637751703E-02
 -1.0643872920869357E-01 -1.1149984479722611E-01 -2.1875291406862266E-01  8.7443721240008845E+00  9.4822663752422942E-01  1.0382808687465205E-01
  1.3020771528594191E-01  1.4598732066962000E-01 -4.8431895868424329E-01  5.5815674964662158E-02 -1.3218669443195330E-01 -7.8643490816518238E-02
  3.4875946870523575E-02 -6.1337601902597697E-02  1.3936969525949522E-01 -1.4797137580723477E-01 -8.3790872831398550E-02 -1.0954631191127960E-01
  1.4794282759180064E-01 -1.6472815482453922E+00 -2.4122663887938246E-02  3.1462330264296762E-02 -1.1663250339554294E-02 -1.7510805258971857E-04
 -1.9909628122704071E-02 -6.1610704196155075E-03 -8.7490797379745876E-03  8.9593184621378497E-03  3.1534854483746435E-03  4.7234201134771137E-01
  3.9864441752600728E+00  1.4340511954183308E-01 -2.3451205149209967E-01 -6.8730449329161036E-01 -1.0937624608464423E+01 -1.5753017695790986E-01
  3.2460892467080732E-01  1.1959060819921203E-02 -3.4944709273191064E-02  2.4926338852716320E-02 -1.0404290018343354E-01  1.9959042387311629E-01
  6.0449205243821735E+00  4.6457792199217279E-02  3.5266022971618613E-02  1.8208299656324145E-03  2.2046965281290899E-02 -4.2248810413021747E-02
 -3.0195441852317845E-02  1.4255665271793675E-02  1.5567313541252183E-03
ORDER     2 BLOCK     2
  1.9796841005907408E+00 -2.0602048642494624E+00 -1.7914138117957243E+00  1.5769084122322904E-02 -3.6181670180706731E+00  3.7781839505309742E+00
  1.6597670738222228E+00 -1.9924798286617715E-01  1.1362917728627370E-01  2.4314571221030354E-01  7.4207502220556254E-01 -5.3650434824940120E-02
  3.6053133261773875E-02 -2.1007041943819382E-03 -2.0258774823726566E-02  6.8066526361255736E-02 -4.4315052353282695E-02  7.3923844661613679E-04
  2.7972414330150051E-02  1.7993123606073694E-02 -1.4206534580028527E-03 -5.4346087190209518E-03 -4.2789073112173115E-01 -5.8402146930959908E-01
 -9.9181413484175418E-01 -2.5206452625108238E+00  3.9852572908256678E-01  3.9919348198020799E-01  1.3060732627783620E+00  2.9140061435817337E+00
 -1.2329332415546068E+00 -1.1524337656441213E+00 -2.0068547470007286E-02 -1.9394060140737093E+00 -2.0543205405634315E+00 -9.4262292859103569E-01
 -1.5322734632137519E-01 -3.5019414814949262E-01  7.0206003420519258E-01  1.7297439972106154E+00  2.3739500371363240E+00  2.7664145453633684E+00
  2.1162766454223608E-01 -9.2740662547259767E-02 -6.4065500521160490E-01  1.0275175583564284E+00  1.6588385739685587E+00 -1.9991468728737022E-01
  2.8744554177503323E-01 -2.0686561021315208E-01  1.0275359967056211E-01  2.0093341156638069E+00 -1.7277612964581374E-02  8.7260706009163080E-01
  4.5121959064369233E-01 -2.2272238975079697E+00  5.8615871322052676E-02  2.2827041806753243E+00 -3.7882994147225479E-01 -1.3558810568187252E+00
 -3.8509826902130223E-01  1.1129857496513382E-02 -5.3791987662511820E-01  9.9101618243833189E-01 -2.2509206246258615E-01 -2.9283578187811058E-03
  1.4288426849363514E-01 -6.6557590698833791E-01  1.2030372684698856E+00 -4.4845105914236162E-02  1.9827169191517858E-03 -2.3792087624895701E-02
  1.3552734688385856E-02 -6.6872470435863834E-02 -1.9977011032106171E-02  1.1429023177329930E-03 -3.5834878562588247E-02  3.0848147380914355E-02
 -1.1476089755410507E-01 -1.8620320786855278E-02 -7.1885707498662399E-01  4.9553149598487306E-02 -1.3176341455353535E-01  2.0466923960723481E-02
  4.1590780776828845E-01 -1.0657359112732767E+00 -5.5811507151293105E-01 -4.1109531047434206E-01 -3.5541280305148386E-03 -6.6297901861870456E-01
  5.8982614260780453E-01  1.5952838793163997E-02  1.4862995143538827E-04  4.1357749663136163E-02 -1.4276013328284143E-01 -7.8522190886156390E-02
 -5.8657627020794807E-02 -6.2733595027640240E-03  1.0892167762980423E-01 -3.4464563243850938E-01  3.0058972932137729E-01 -1.5787894372797351E-01
  4.3858322875527109E-03 -6.2339672771193133E-01  2.5287620884152240E-01
ORDER     2 BLOCK     3
 -1.7653290920512474E+00 -4.2180450979763391E+00  4.0209085082785284E-01  1.9900353215858753E+00 -1.0915725345254854E-01 -7.2824622421093421E-01
 -4.6359905623465050E+00 -5.8843253203547912E+00  3.4734261730857127E-02  9.3222804842846108E-01  4.8065902167439747E+00 -2.3298679267139161E-01
  2.6685668522565567E+00  5.1500024039438816E+00  3.4738645829330919E+00  2.1229305506406000E+00 -2.3455995238860026E+00  7.3842963016656871E-01
 -2.0828317905576075E+00  4.6572986009770778E+00 -1.6257893369027770E-01  1.0193554781038811E-01  4.5832051045132749E+00 -2.2310763020507105E+00
  2.7882796680931783E+00 -1.2445772858575650E+01  5.6830530833612665E+00  6.5404543616201058E+00 -5.1613783193256708E+00 -5.3278120612431348E+00
 -8.0475382525490258E-01  2.6543764791312002E-01  1.4268973958606839E+00 -5.1670906134568470E-02 -2.2963424010545919E+00  1.7922334860201852E+00
  1.8972047546550384E+00  3.4395161302880017E-01 -8.6055000735044884E-01  8.5043509724037902E-02  3.5778138923071112E+00 -3.1734794252005001E+00
 -2.3130506997736902E+00 -8.4506345813362482E-01  1.0053852978024069E+00 -3.7164298509435467E-01  6.8921792659823211E-01  1.0051226427354720E+00
  5.1417881891123585E-01  1.6444962749126328E+00 -1.1965938347346341E+00 -6.7320637673407263E-02 -1.4484672588394981E-01 -8.8651796331595278E-01
 -7.4136825841414455E-01 -2.5669283939304726E+00  1.5486358404995475E+00  4.7370067608333295E-02  1.6751535414022539E-01  1.4470662191607075E+00
  3.2501546284235144E-01 -1.8171495787340616E-01 -2.8242878301695662E-01  1.1263258109994863E-01 -3.6915330900691400E-02  1.0461885372035424E+00
 -3.1128230931478729E-04  1.4506996582773157E-01 -1.9053549409353648E-01 -1.4019989166699636E+00  1.4949149463233732E-01 -2.5732302359621451E-01
  1.0189076939484438E+00  1.2244822791407313E-01  2.4331248349434642E-01  1.1174834022448381E+00 -1.5368776999475146E-02 -1.9997944581550271E+00
  1.3681658041894651E+00 -6.6656091557389618E-01  1.4209734081279759E-02  9.6290959781653573E-01  1.3670161109818074E-01 -3.9612496794165797E-01
 -5.3034873474068239E-02 -1.2362906116895530E-02  3.7158541631136172E-01  1.1289211489550124E+00  4.7155841994722323E+00  2.8224771749680326E+00
  2.1058154057142173E-01  3.7891199534940678E-01 -1.4710139262765945E-01 -1.2686462246680372E+00 -4.6949883233460996E+00 -2.7560001715371394E+00
 -5.8902681549244895E-01 -1.6307502941294310E+00 -1.4192915253497826E+00  1.2366295126413833E+00 -1.5283187107535006E+00 -1.5330555517252691E-02
 -1.1058652333103566E-02  1.0806087818003053E-02  5.9754659892333839E-01 -6.0197271553768172E-01 -1.0813253169522519E+00  1.0088423440055656E-02
  1.8104016711515152E+00 -2.3903304554931690E-01  1.3901778379954036E-01 -5.7651618253416226E-01 -1.6420908519866748E-02  2.8263795831915139E+00
 -2.9879815294387901E+00 -5.4644016312215504E-01  1.1849611619307314E+00 -6.0061742771411952E-01 -1.3682796388218346E-01 -1.4902010022828196E+00
  5.8038736338169414E+00  8.4900127100924461E-01 -2.0543686184428842E+00  6.2427700910156436E-01  1.2208322537315752E-01  2.3984450921773286E+00
  5.7550041634300164E-02 -4.1587265614648206E-01 -1.5924703157100392E-01  1.1225136203551610E-01 -1.9647249121844051E-01 -1.8032863613360453E-01
 -1.0252437793869978E-02  8.2199557793715283E-01 -6.1155363145859210E-01  2.2579636541198400E-01  7.0490036243964174E-02  9.3854059869832973E-01
 -4.8503060373709933E-01  3.5415617889276683E+00  2.3703901976219556E-02  1.7481215938197391E-03 -1.8568558904500702E-02 -1.2985145239969060E+00
  6.9667601986406302E-01 -9.5406121699332758E+00 -1.9465962048858768E-02  6.4132989893456754E-02 -1.6899239151709148E-03  1.0593938905170554E-01
 -1.0596235073523583E-01 -7.9098053849718575E-02  5.4815813318300648E-02 -1.5001087366398706E-02 -1.3919821501721089E-01  2.2704047077947691E-02
  3.1304540606990020E-02 -6.9574355075338504E-02 -7.7708153362334460E-03  1.6651362569057357E-01 -8.4452941098610790E-01 -9.7215773450747209E-02
  1.2344536176584284E+00  1.3413264810291253E-01  4.6842346673997122E-02  6.7986179553397849E-02  3.9584624975241657E-02 -8.6000458753315648E-02
 -1.4874074636411286E-01  1.0786966433622959E-02 -6.0896227764785738E-01 -1.3491664637033904E+00  1.0157422663386755E+00  2.2302462171328665E+00
 -1.7687716656726823E-01  2.4254144428810084E-01  3.4524307374337405E-02  5.6831855730537018E-01  2.4054975474238213E-01  3.0306294615609592E-02
 -2.1790042442634276E+00  2.8076115948284369E-01 -9.6519334375576127E-01  1.6879704727726224E+00 -3.1982028222800697E-02  4.0698930703815979E+00
 -2.2467934939414058E+00 -3.3340611381739571E-01  1.3153893180440230E+00 -2.7068130168864024E+00  5.5326655078382719E-02 -6.8147195692012925E+00
  3.4628637185256622E-01  3.1516902714568373E-01 -2.1133839331065404E-01 -1.1247582779205235E-01 -5.0432225202931814E-02 -5.5946967841486159E-02
 -2.7028934395783111E-01 -2.5018332026942893E+00  3.0066804172029277E-01 -3.6378458274607584E-01 -3.5618417609789127E-01  3.2856456830969116E-01
  3.6244562571557110E-01 -2.4842030112734136E-02  6.6957814939008686E-01  4.5951925793774164E-03 -2.3673915917926172E-01 -4.2513338410875018E-01
  3.2885412575421258E-01  1.7013226106516660E-01  9.1309682472867013E-02 -6.6526786412477853E-03  2.4896301534243329E-01 -1.5698725363837145E+00
 -5.8127055126642492E-02  5.3826780842961431E-04  3.7979778018163612E-01 -1.9962660480441158E-01  9.4709399083671278E-02 -4.1650733628720793E-01
  4.1646868594124969E-01 -1.7855607553102153E-02  6.2037220015844011E-02  2.8155919361949416E-01 -9.1729600466448333E-02  6.0672227368041420E-01
 -1.3265854179157708E+00  5.9765288854307565E-03 -8.1414309598085072E-02 -5.6813643353624425E-02 -4.3167371767106395E-02 -6.1304138961739300E-02
  4.5758633718960377E-03 -8.4186756776935337E-03  1.3376483930556972E-02  6.3861506570604548E-02  6.2681000492040345E-03  1.0623471565445930E-02
 -4.0921297625007555E-02  2.4867976053676213E-03  7.2622659578865933E-02 -2.2271905949524733E+00 -8.2539621056653117E-03 -5.1012175965081761E-03
  1.9341475930495990E-02 -5.3708648049282819E-02 -4.3835189083145910E-02 -4.1743516293107005E-03 -3.6712186126231705E-01  9.7426284824666498E-01
  5.1983539225746012E-01  6.1248182163206051E-02 -3.3238295882208624E-01 -4.4378768729435936E-01  5.3456710305103661E-01 -2.3584473165286695E+00
 -7.5080055236545717E-01 -6.7285438645754467E-02  3.5846119290400902E-01  5.7981872135609080E-01 -2.3829731517776317E-01  1.5066354611799831E-01
  1.0376409123629443E-02  1.3317705431820853E-01 -1.8598365024192501E-01  1.3315558799266450E-01 -2.5482576000619418E-02 -1.8307596365416731E-01
  7.1539396388964915E-01  4.5284548567960367E-02 -9.2148393210563145E-02  2.0172580524395300E-02  4.4843759950423515E-02 -4.8656417010839219E-02
  8.4455449580220235E-02  3.4480967715788173E-02  2.0047675350094069E-01 -1.6828550727330904E-01 -4.3348693248241171E-02  1.4156962241684551E-02
  6.6627885776859045E-03  3.0442133604094807E-01 -1.2277321955538389E-01 -4.3434999950881897E-01  6.3492249307309831E-02  2.0976330276020702E-03
 -5.5118696742958447E-02 -5.0380065454051541E-02 -1.0454076936431922E-01  1.3369086909460218E-01 -3.8743514535762448E-02  1.8659328919556649E-02
  1.0382153497140561E-02  3.3011451852211923E-02
ORDER     2 BLOCK     4
 -1.1129682798516367E+00 -4.7188850047544417E-01 -1.0504878549574390E-02  1.1431309945238293E+00  2.2360793929421544E-02 -8.6214297378486404E-01
  1.6257575886378146E+00  1.2325995590941607E-01  1.3035925600145508E+00 -2.0064897196833371E+00  1.3745010734556060E+00 -7.2174927270896683E-01
 -5.0535296722682344E-01  6.9733955121311697E-01  4.2234012534115312E-01  1.7911887809470652E+00 -1.3664606917661757E+00  1.2943524850843406E+00
  2.9735785143799629E+00 -3.8105743739515812E-03 -6.6965890495884961E-01 -2.1599339819217014E+00 -1.9561635617176683E+00 -2.0692507709536998E+00
 -9.5975100508986022E-01  1.1127698692889065E+00 -1.9033920821309755E+00  1.5477068182641238E-03 -6.7785605031627882E-01 -2.6166922359583916E-01
  2.0792784735600369E+00 -1.6574960127356242E+00  2.8838964924659023E+00  1.3269689497422066E+00 -1.7999916375731519E+00  3.7209992260191654E-01
 -4.8607408163197213E-01 -1.2056803443893076E+00  2.5651815526046740E+00  4.1699483780933894E-01 -4.5312481785961978E-01  1.6181586578504712E+00
 -7.8602781633442897E-01  1.0725227465251619E+00  3.2933515008358188E-01 -2.6865810312842302E+00  7.0093608466946056E-01 -1.5574294762247518E+00
  2.5364277247141309E-01 -8.9376812720576448E-01  6.6914989034416872E-01  5.5224545879681586E-01  1.2100118173631803E-01  1.5057878800524631E+00
  3.8645489441635605E-01  1.6761888697421714E+00 -8.8103870225489367E-01 -6.3137635599056596E-01  6.7412269714643713E-01 -1.6570392885979537E+00
 -2.8443648596876925E-01  1.7578491683871539E-01  1.3286756406307976E+00  3.0979016945953730E-01  1.7209784776197818E+00  1.5093530610980463E-01
 -3.1027409472970197E-01  3.1404785188389311E-01  2.8095193156384212E-02 -1.4792284834060301E-01 -9.0000571852859951E-02 -8.4865404586684734E-02
  5.3718778161897018E-01 -4.7656858926106149E-01  7.0408514780896929E-04  1.9958067343407040E-01  5.4310462184356589E-02  2.5401042224286463E-01
 -5.1899542347210803E-01  4.2962692756301524E-01  6.8479504056087090E-02  1.3285399006143994E-01  3.5348427223105777E-01 -2.4710286022606959E-02
 -5.6501075753016239E-01 -6.5992419789240128E-02 -3.5851153360019405E-01 -2.2982738433857808E-01 -8.5380765556240246E-02 -8.5486524646796441E-03
  4.7536735702151801E-04 -7.1503932497976708E-01  1.9944603329449789E-02 -1.0598620401836452E+00  6.2416856934537435E-01  9.9298083832013474E-04
  1.5384798940068436E+00  3.7905142090545185E+00  4.6590919345995037E+00  9.0659295969792524E+00 -3.0504536641050874E+00  3.4149504008360154E-01
  8.7249343508783006E-01 -1.2797609812062619E+01  2.1186703782349681E+00 -3.7666776535607199E-01 -1.0710598280062642E+00  1.2931968014211705E+00
 -2.5790607366551939E+00 -1.2442955469696859E-01 -1.6826258894151874E-01  2.7201965672823158E-01 -4.2784243857739828E+00 -1.5920818405969279E+00
 -1.5334207811676408E+00  4.9298172732722512E-01 -3.8502895886169880E-01 -6.3125275241068552E-03  5.9687885483900764E+00  2.6480187768698640E+00
  1.7110125154462272E+00 -5.7008564546996954E-01  8.3436130379067930E-01  1.1732765240295759E+00  6.1267700626015387E-01  2.6859661034630156E-02
 -4.1271064298894422E-01  8.1007050296521499E-02  1.8583925765264173E-01 -4.7644560825356524E-01  1.1458604980109989E-01 -9.6226477386569409E-01
  1.1957487934768452E+00 -1.6205197056794796E-02  6.8141042994190959E-01  4.2957261989906725E-01 -1.6397073597600405E+00 -9.3289940173245389E-01
 -5.5390849416240073E-01 -4.9871629442294763E-01  4.6402899843310130E-01 -4.7521232167669875E-02  1.0109624470933599E-01 -2.3887298491007609E+00
  2.4140205227705341E-01 -6.4721863371743804E-01 -6.0106232098837453E-01  7.5664978753903711E-02 -2.3696255621642925E-01 -1.6992515159798838E-01
 -5.1745693902024525E-01  1.6247008228503912E+00  9.0046979629870538E-01 -2.1588841720806662E-01 -1.2425443737237385E-01  2.2203527398673026E-01
  7.2320337877264584E-01 -3.0039856341120805E-02 -3.5505419569739666E-01 -1.6109731385524975E-02  2.9933432188220904E-01 -1.1986422186755727E-01
  1.6244000293438565E-01  2.0888167727344631E+00  2.6035207421215545E-01 -9.0916862111905239E-01  1.2308077852334412E-01 -1.3907740330547155E-01
  2.8816753515860849E-01 -1.1156012628776915E-01  6.5758409163859022E-01 -8.9588297600543005E-03  4.2855780123079244E-02  2.3365393917965188E-01
 -4.0449786976378960E-01  1.6302303078046246E-01 -2.1226433593079062E+00  2.3500491450185452E-03 -5.2539562824402676E-02  3.6867212872983009E-02
 -6.2324977415694378E-02 -8.1913398671455331E-03  2.1813556355575664E-02 -2.3406575748482140E-02 -3.1095471046961218E-03 -7.4276438015262305E-02
 -7.8601767406704826E-02 -2.3826681656855885E-02  8.8388372721002004E-03 -1.0829108150341014E-02  8.8961704057527624E-02 -1.0511988798524827E-01
  8.0021365794306243E-01  1.2093931433797256E-01 -1.9919489640462412E-01  1.5355761620124686E-01 -1.0589123842976915E+00 -1.4719907397281148E-01
  7.0589341573108511E-01  1.2740893041261075E-01  9.9804023863832678E-02  3.3746650124733574E-02 -8.5648796630547794E-02 -1.0151886713180280E-01
  1.9516459888809773E-01 -1.4449973443601882E-02  1.1333581672662036E-02  9.2994726840942388E-01  3.4604692609399568E-01  3.9224758308646870E-02
 -5.5363137902940607E-01 -1.1771549854888126E+00  3.1697499228355341E-01 -1.9591499410391827E-01  3.6175726312872702E-01  2.3704671871643226E-01
  2.2271757121352991E+00 -1.1738921588643149E-01 -9.3773391453264499E-01 -4.7529740794254632E-01  4.1951935493450016E-03  2.4683941881613963E-01
  8.0711669578261341E-02  7.4778685080411786E-02  2.0148510066044423E-01 -2.1621367516159373E+00  5.0063994325950412E-01 -3.9735931263184326E-01
  1.1400029409781494E+00 -2.3378748777217715E-02 -4.0151010808700632E-01  2.9966350275531042E+00 -6.8395998296908178E-01  6.7336351045400189E-01
 -2.1087840141936454E+00  1.7277071687768184E-02  9.6770103991631173E-01 -1.5239761886343293E+00 -2.7023127481026803E-02 -1.3275558890394179E-01
  1.5966752541322063E-01 -6.8240847795539928E-03 -2.0756179162126931E-01  5.7355079641991646E-01 -7.7654844041517390E-01  1.6949251706603971E-01
  1.1080074247398301E-01 -4.7915895254881530E-01 -2.5709650511504017E-01 -4.6916408276546327E-03  3.5219020774589754E-01 -2.2460726931820049E-02
  4.2649350900115224E-01 -1.0415664583272477E+00  8.7288930636041956E-02 -3.4629199645518294E+00 -7.2424812410053441E-01  1.4376658108558900E+00
  3.1287105640236873E-02 -1.6162335789792763E+00 -4.0011038029779694E-01 -2.9882918365299532E-01 -1.6787580889935580E-01 -5.8917647651257454E-01
 -1.4375752116658445E+00 -6.9944786821112048E-02 -3.8588199857000662E-02 -4.6641775934102174E-02 -1.0530600411985509E-01 -9.3929259355063743E-02
 -2.7157002127524277E-01  3.0547947929982144E-01 -1.2587705099505120E-01 -1.3237207373013823E-01 -2.4949661621899649E-01 -8.2322847901881435E-02
  2.6848191999830719E-02 -4.5589271534419712E-01  2.2236300451843347E-01  1.7957656967378186E-01  1.5754963224186538E+00  7.9494060849863990E-02
 -2.6979253772047525E-02  1.3756823606644481E-02  7.3345021655685039E-03 -2.5144875033665592E-02  1.9662671862385968E-02 -6.9047020559217616E-03
 -4.3906453335953782E-03  3.5402327844947894E-03 -1.4748985806077629E-02  2.5273870443308491E-02 -3.9367233572642428E-02  2.6625006409649855E-02
  5.5516317856339091E-03 -1.7249967675988755E+00 -8.6067019228633097E-03  1.5509641558819006E-02  1.5773307683105475E-01  2.3856361698462539E-01
 -2.0641793076953871E-01  2.8935761672514555E-02 -6.0305677229163628E-02  3.4495473525449114E+00 -1.6769655970441363E-01  3.5344679695974601E-01
 -1.8139811497241670E-01  2.5620229518541086E-02 -2.4616530524476165E-02 -9.7489044964439486E+00  2.1238437966095466E-01 -5.2301163061331279E-01
  2.4772581943142721E-01 -2.8294721923978340E-02  1.0406439939770105E-01 -5.3614073861598492E-02 -1.6591302791690404E-01  8.3451810769665513E-02
 -3.5493531387353200E-02  2.1492430945539535E-02  3.7819276437268796E-02 -4.2041725389567697E-01  1.1487606151428056E-03 -2.1988788800910049E-03
 -3.8955415579382917E-02  1.7211857182805128E+00  3.0991998948828842E-02 -3.8914048060474632E-02 -5.8239151612419195E-02  6.8144673894163885E-02
  1.1638956811537308E-01 -6.8404336629288673E-02  5.6665769817537556E-02  2.2412125381521247E-03  2.4875532798318178E-02 -1.4896152357930473E-01
 -5.7625335788323389E+00 -9.2871382829822005E-03 -1.9543228959952204E-04  3.2919046342822023E-01  1.5790727838039142E+01  3.5182587963658370E-02
 -1.1182750485325797E-02  1.4417366421603345E-01 -5.3209957337862435E-02  6.3518704038970104E-03 -1.9817502126604741E-01  1.0904424960701370E-01
 -3.1622632940395432E+00  1.9693577747612250E-02 -2.9234129803358513E-02  2.7242760983144931E-02  7.2448995643681824E-04 -8.3284700086433322E-02
 -8.8461418773867206E-02 -8.8256777095065252E-03  6.6404826966912018E-03
ORDER     2 BLOCK     5
  3.9730640506525611E-01 -2.0159763726835332E-02  6.2861550066155381E-01 -2.3526341644053828E+00 -1.9169842311880838E+00 -1.1574778139293556E+00
 -1.2155440918322951E+00  1.6079607075016425E-01 -7.8245910822451747E-01 -3.2464905613715306E-01  1.9348672236516677E+00 -5.3582552575480424E-01
 -6.6322527214609212E-02  7.3009631197313116E-02  1.2883133197185653E-01 -1.5640538196671629E+00  3.8196828742683548E+00  1.5971067677870296E+00
  1.0002363735382023E+00 -7.5485752099378756E-01  1.2104178142941884E+00  1.9412787668925851E+00 -2.4990661455973822E+00  2.2798574575972057E+00
  2.9551571881365355E+00  1.0157886593454155E+00  2.5060034305089345E+00  2.0041753382540588E-03  3.3764266454948183E-01  9.6410852348995835E-01
 -6.4118357789356084E+00 -1.4035175428053401E+00 -4.3901734008479298E+00  1.8277974098966498E+00 -2.0705753052875782E+00  5.9576426360476409E-01
 -1.2937453692048823E-01 -4.5200085240001853E+00  2.6819881036276634E+00 -7.6608141703788579E-01 -3.7760863753863605E+00 -1.1201954353556520E+00
  9.6274843996918838E-02  9.3498620691531442E-01  5.3603615795534916E+00  1.2975699669819472E+00 -1.3825300512689079E-01 -1.5977186032487998E+00
 -1.2566516180418981E+00  6.9031581019153432E-01 -1.3111757449913111E+00  7.7960071222489113E-01  1.8410068582708592E+00  2.7634823800533675E-01
  1.0036115515866395E-01 -1.6578003689852288E+00  2.2737925623088295E+00 -1.1129278216099403E+00 -2.5596168624930593E+00 -1.8790587543911139E-01
 -1.5762365057153332E-01  6.9073090140767335E-01 -1.0806664401487247E+00  3.3781678963809197E-01  1.3398709563825189E+00 -6.9733613296737024E-02
 -2.6942578657211425E-01 -5.3595091826514041E-01 -4.6129798498993416E-02  4.0778817647328859E-02  1.3075003738269086E-01  2.6990192019593928E-01
  2.8956999118275978E-01  6.9936522735594409E-01  3.5360959074162153E-02 -5.3653751670310230E-02 -9.3773561440431669E-02 -4.0167961593191071E-01
  4.3239858900887163E-01 -2.0413843058239728E-01  4.0503377900923496E-02  4.7472815865693144E-02 -3.6000332695349541E-01  1.2756122626885241E-01
  4.1152590455303029E-01 -1.0972471480094689E-01 -1.9187035506039596E-01  1.0703479795673229E-02 -3.0821988194501024E-02 -5.3041013504544184E-03
 -3.7539988256029649E-04 -1.0863404121303049E+00 -7.6163680757891624E-03 -2.7150784095567602E+00  1.7349522771001069E+00 -1.9318243731672499E-02
  1.7580817304122063E+00 -1.5359214307861786E+00 -9.9487966874863176E-01 -2.9179590778989857E+00  2.1943157115461815E+00  2.3899192055816404E-01
  1.3653816338902264E-01  3.4194887904837179E+00 -2.6520540244939488E+00 -4.1245228931028344E-01 -3.0986768707416629E-01 -3.5773663568323588E-01
 -3.1209485432010625E-01  2.3690516248040425E-01 -9.8493890837006493E-01 -7.3006124221420921E+00  3.6720739167447767E+00 -2.7246408398870750E+00
  1.1761505043439837E+00  4.9337142407191625E-01  1.1325126106477199E+00  8.8744244358861177E+00 -3.7626059450357343E+00  3.9426005327062272E+00
 -9.5517660573116303E-01 -4.8875849417606443E-01 -9.1524985849488583E-01  8.3837030106350041E-01 -1.4684365713023633E+00  1.0256819698458273E+00
 -1.5950094581855945E-01  2.3611726584170578E-01 -8.5515003384882743E-02 -8.2000764287192385E-01 -6.5620410450688239E-03 -3.8479593455330247E-01
  4.7694753652239530E-01 -1.5789519397795975E+00 -5.9238026924522902E-01  6.1471836217606157E-01 -6.5202794341710968E-01  3.6417555230743019E+00
  4.5481460114638056E-01 -6.2640476491538410E-01 -4.3979565839020385E-01  5.7269842940578464E-01 -1.6818845582187852E-01  1.1325397703465523E+00
 -7.1872008838057130E-03  1.0856211824688764E+00 -1.7849161799008093E-01 -5.1162066037402920E-01  8.0559910474197291E-02 -3.4726331617954709E-01
 -3.9404177952150801E-02  5.3046856734240921E-01  3.9817468175661214E-01  7.4777771016896499E-01 -5.4231477791155358E-01  3.2136588983672743E-01
 -5.9710232724842482E-01  1.0765274540006517E-01 -2.3276846057590142E-01 -6.0141682278769412E-02  1.8514570516608328E-01 -7.9872005479519503E-02
 -3.0278332236095540E-01 -1.4894834215081409E+00 -2.8625296553324397E+00  3.1581742760170308E+00  6.4244158503621973E-02  2.2671005371854014E-01
 -6.1307023191693111E-01  7.8146050801611008E-02 -8.6608886231993559E-02 -3.5583733772906891E-02 -2.7606348106328244E-02 -2.8294159557558518E-01
  7.6052439838118002E-01 -4.7599551069693963E-02  2.6438934563040976E-02  3.4525775963874891E-02  2.5217318915139945E-02  1.0317936379873174E-01
 -8.1543794360063218E-02 -5.1040860891103011E-02  2.8271963812889350E-03  7.5905112907988809E-03 -1.1615644695743280E-02  2.3376061174738248E-02
 -2.9262502136457948E-02  3.3647945847660309E-02  5.7741143538363619E-02  8.1452768293885619E-02 -2.5466479233188449E-01  4.6541731658603827E-02
 -2.8334594225332656E-02 -1.1822620316638069E-02 -6.8636934445476494E-01 -3.2228818737408536E-02 -3.0871456663414391E-02  1.2394562596992764E-02
  2.3208071522705507E+00 -3.0987999088214802E-02  5.2682747531649581E-02  5.7871385761066214E-03 -1.0332743283387910E-02  1.3799617745581159E-02
 -5.8463401402513389E-02  2.8008972347170716E-02  1.3592050040630218E-02 -1.2043764141478173E+00 -3.9024941983393741E-01  3.4767918849804152E-01
  1.1624609733075555E+00  1.6666250353128207E+00 -1.0344728231863374E+00 -5.4048494251086154E-01 -2.3531190948072163E+00 -1.5436363645358898E-02
 -7.8801191305795859E-01  2.3688396555803794E-04 -4.9209543769632680E-01 -1.3843639240215549E-01  6.7395460433670923E-02 -2.8178654798612368E-01
  1.3725823264540196E-01  3.4187594811988797E-02 -3.6558983659095512E-01 -3.8932358831966529E-01 -2.5941605533456955E-02 -2.6396158744408815E-01
  5.1549175754623378E-01  9.4302331396626402E-02 -3.5539132764336273E-01  5.1666596585397639E-01  3.2374878912040744E-02  4.3138729639291890E-01
 -1.3174017370946960E+00 -1.1352063108416406E-01 -2.1112806215448945E-01 -3.2979950348145642E-01  4.5902912437660308E-02  1.2749240583771862E-04
 -1.7050243545155452E-02 -1.3466239396335246E-02  2.6582093188082456E-01 -2.0695361063753526E-01 -2.5494334811886127E-01 -2.4631015930732312E-03
  1.4675885449985179E-01 -1.1617165594930003E-01 -6.6303836995183052E-02  3.3759951080464200E-03 -1.7890816105299009E-02 -2.8575301458431913E-03
  1.8673634850032652E+00  1.1051709652401636E+00 -2.3177035384652600E-01 -8.4060115729259732E-01 -2.6757239794554115E+00 -1.3987946246017677E+00
  1.8317416438114481E-01 -8.6173683348149144E-01  1.0542158938679409E-01 -6.5435889609771447E-01  5.4646153857692031E-02 -1.5644204787841631E-01
  8.5799969554902034E-01  4.1222655461050040E-01  2.8560451572287598E-01 -3.2006458475457897E-02  5.0383629576238997E-01  4.0163905048977197E-02
  7.6185865707583886E-02  1.6843974068160111E-01 -2.6793685426477892E-01  1.2580376942138927E-01  1.8919241545317402E+00 -1.9094089286840074E-02
 -2.2986665761772124E-02 -2.3066071575412514E-01  3.3612444706851236E-01 -1.8982288317301310E-01 -7.8447523391301424E+00  1.4946843734862643E-02
  2.3993881941139446E-02 -2.2909530934604454E-02  4.9352494323858929E-02 -9.5610380953392773E-03  1.1401140531145453E-02 -1.4680470170051764E-02
 -2.5244418901274124E-03  5.3844882576243557E-02 -6.8827981051039641E-02 -1.1965903546241583E-02  4.2317099521916660E-03  4.8869520808109343E-02
 -1.5112486792614313E-01 -5.2979026521641948E-01 -5.1988624937918020E-03 -2.3515492354114270E-03 -7.0037737321641575E-04 -1.0097801905577415E-02
  5.7166225092191445E-03 -2.5505256208737297E-03 -3.6709400073333570E-01  9.3020804710334595E+00 -8.4783805509277388E-02  2.4640916253644737E-01
  5.7069177689021901E-02  1.4551263672402168E-01  4.9628592155060053E-01 -2.5484142188073257E+01  8.3986674684804016E-02 -3.4461459156916840E-01
 -7.3194656327964333E-02 -1.7183541578684342E-01 -1.6868621447423759E-01 -3.1696792485402076E-01  4.5357119045553979E-01  4.6515128836355932E-02
 -6.6150378433510876E-02 -1.4028011345300174E-02 -8.4633398313995259E-03 -6.6197237414788834E-01  1.7122497847073975E-01 -3.2395685625209628E-02
 -1.1584830056273508E-01  6.2232773336426037E+00  2.3084259748531750E-02  4.3422495992056385E-03  4.2287432274141510E-03  9.5411766447213494E-03
  2.2898132692794658E-03  6.3314757326859159E-03  5.5560924212406278E-02 -1.3944930746356470E-03 -6.6917870712231500E-03 -6.4695135503317136E-01
  2.5460749878053024E+00  1.7117126082273737E-01  2.6269160802602781E-01  9.1600715581640668E-01 -6.6989867279727413E+00 -2.0235398691979103E-01
 -4.6332606968356005E-01 -7.0334522445938907E-02  5.0956060076020782E-01 -2.7310094060595091E-02 -5.0496510265110006E-01 -1.9213558563572392E-01
  1.3770244055831800E+00 -8.6015487806767807E-02 -1.6359540239038496E-02  6.6641007224338810E-03  1.2962556197201358E-02  9.8469823076246989E-03
 -1.0134159615260968E-01  1.7311471463448778E-02  7.2390446268700802E-03
ORDER     2 BLOCK     6
 -6.2851926129473412E-01  6.5804684585072737E-01  1.1151952996470014E+00 -4.0132149323419314E-01  3.2116049555082016E-01  1.4495567216385202E-02
 -4.9675774040309284E-01 -5.8302225731769394E-04  1.4047626860349265E-02 -8.5221485174139834E-03 -2.0125132894512735E-02 -1.2417699659537651E-03
  4.5900779561046968E-03  2.0570590424833376E-03 -8.7662839265651620E+00 -5.2157653267299775E-01  1.1288790244498626E+01  1.2525782512300707E+00
  5.6602923733666921E-01 -7.1988015101362202E-01 -3.3240344501015195E-01  9.5565734586549382E+00  5.3340603681727599E+00 -4.4205390374380054E+00
  1.2206017262030313E+00  4.9624304210847181E-02 -3.1481437629677700E-01 -1.3342829641676524E+01 -7.9433432884687036E+00  7.6130926751182422E+00
 -2.8058668489346532E+00 -7.3467937127240068E-01  3.1007162847062686E-01 -7.0496814678950803E-01  3.5961875125429138E-01 -1.1941780226056560E+00
  3.2771466339142064E-01 -8.7909440280922402E-01  1.9901294679943227E-02  1.0084923109441892E+00  1.9352729348527600E+00 -1.3212573767053957E-02
 -1.4875379391604002E+00 -3.3640401234259582E-01 -1.3398496238553144E+00 -5.9726016848225438E-01 -6.3229004246855158E-01 -1.0324778313524517E-02
 -3.4130432555503436E+00  2.0352131213411697E+00  5.5100806436311345E-01  1.1228868927838084E-02  6.3062282713281098E-04 -4.6990648767105972E-02
 -3.9889984316394442E-02 -1.6225505595534093E-01 -1.8895862911358957E-01 -7.6041283386863529E-02  4.3264737204973475E-01  5.5957838438223419E-03
  2.6460545123352114E-01  4.1167216757819342E-01  1.9770324419507368E-01 -3.3808644225762907E-01 -2.3195952034909498E-02 -2.1630112323158500E-05
 -1.5311107633355420E-01  6.4880027795410633E-03 -1.3218770972707161E-01 -3.9859156611648161E-01  2.9578876853299024E-04 -1.0394500905779036E-01
  4.0077039275604642E-01  7.8495968265245608E-01 -1.2684707371385956E-01
ORDER     2 BLOCK     7
 -3.0236260117515199E+00  5.9174037053269659E+00 -2.5270146312342257E-03  1.3045881905763035E+00  4.1524631851394567E+00 -8.3494540315758066E+00
 -2.8416217473375610E-01 -1.8346706575533571E+00  3.4037094899480203E-01 -3.8756169162220683E-01 -4.9784761339064076E-01  3.3169272615885823E-03
  9.3870561586856562E-03 -1.2025170079129488E-02  1.2371535763207361E-02  1.0255538615680741E-02 -1.1977836931308505E-02  2.4467654837042555E-02
 -2.2384325390204775E-02 -2.5864156228526648E-02  2.6876208397828078E-02  5.3114552003459305E-03 -6.1764011494920812E-01  2.0184440353344120E+00
  8.2489894321494406E-01 -2.5846094579908856E+00  4.2491431921428191E-01 -2.8797962285329786E+00 -1.7364071288613190E+00  3.7429516548027117E+00
 -5.5567077106108576E-01  2.7253599847364507E+00 -2.8404501772933466E-01 -1.3005740330549962E+00 -4.1566554621093568E+00  5.8283966822047493E+00
 -1.2629000686429910E+00  5.8837731168064900E-02  7.9398016823954598E-01  1.9049400079220602E+00  5.9359189430899795E+00 -7.2272828377160465E+00
  2.4386652058370815E+00  1.5700433654343054E-01 -2.0066741132728776E+00  8.8482308322485237E-01 -2.0717880873139505E+00 -1.1232797984609941E+00
 -6.4334856159374426E-02  4.6511770757536047E-01 -2.4116959199641971E-01 -2.1885132505363232E+00  2.6267175280429874E-02 -1.7248449400934721E-01
  5.5858002667337803E-01  1.0320705850081127E+00  1.2136429906831095E-02  5.2203125739528466E-01  9.2818653882480917E-01 -5.4529330383718233E-01
  1.3020136529042869E+00  1.1720862305157769E-02  7.1758527442446041E-01  1.3396373469063865E+00 -7.3357546252535155E-01  7.6754043290934194E-03
 -4.1958741493766771E-01 -1.0696194749322935E-01  6.5285089978133082E-01 -5.3150252589311678E-02  1.1873457252327936E-04 -2.4117513256348238E-02
  8.8594750509256165E-02  8.9007770743682421E-02  6.2601558023312159E-02  1.3154070116479504E-03 -6.7867216057969665E-02  1.2941553176319867E-01
  3.1378767220659784E-02  9.0641702634242077E-03 -1.7132504968859477E-01  1.5460849065770332E-01  2.6338049424478249E-01 -3.4324425140399798E-03
  1.0818357290250184E-01  3.1508065387374407E-01  1.5421987017349981E-02  3.8215169797730625E-01  8.1928970012108554E-03  8.0087541023874209E-01
 -3.5653627136550237E-01  1.7809571727846491E-02  4.6183544011887056E-04  4.1775782981225897E-02 -4.4965202237357768E-03 -8.2357747598933682E-03
 -1.6670962134955092E-01  1.3535279661346386E-03 -1.0153489786208407E-01  4.1256049643705675E-02 -2.3198562262100625E-02  1.9160040420563618E-01
 -2.5204613941669455E-03  1.3615699047013130E-01 -6.2780719400661711E-02
ORDER     2 BLOCK     8
 -2.8742245626191489E+00 -2.7648269573622974E-01 -5.9804224744202026E+00 -1.7020124780003938E+00  6.5875430683254255E-01  3.7240615302487488E+00
  3.6673257180026990E+00  1.7903215711247917E+00 -1.3703711646124739E-01  2.7572665386243123E+00 -8.8547376218035057E-01 -8.3828783307090829E-02
  1.6703328082445962E-01  1.1447547064125270E+00  2.8323193357229998E-01  7.7251387853119162E+00 -1.6649452754724618E+00 -5.3731387324505722E+00
 -7.0646292156244987E+00  6.6898682257599278E+00  2.9926984156480130E-01 -4.8358372725111467E+00  1.1517199515585288E+00 -8.3595653508252301E+00
  9.2136162068492511E-01 -2.7691596868315531E+00 -8.6669982745824257E+00  2.9483218776193831E-01  2.4217051806203574E-01  5.2578421186208346E-01
  6.6270700431381713E-01  3.9929323169596809E+00  1.0994862846433163E+01 -4.3576185999480197E+00  1.1557342391203258E+00 -3.5773059745654034E-02
  4.8943908368972139E-02  1.0574308807511143E+01 -1.5278776331374808E+00 -3.6445576129746166E-01  6.4794506344663487E+00 -1.1017987474573927E+00
  6.0635988258669060E-01 -4.8769714132511321E-01 -9.0010926907778064E+00  1.9878991237250290E+00 -4.8507464693240110E-01  1.0801185703902654E+00
  7.0337411195894128E-01  1.3042489408188587E+00 -2.9408557967187989E+00 -1.1638429770422276E+00 -1.4942868630960622E+00 -7.0130871009906293E-01
  1.6522086693424259E-01 -1.0194836729190473E+00  3.6854472870804722E+00  1.4366892143799397E+00  4.0998515697075470E+00  7.6144475661346134E-01
 -1.6720484614496497E-01 -1.4717844559591944E-01  2.9779050029198428E-01 -4.2245231335869765E-01 -2.3949690210593237E+00 -2.2025130868185099E+00
  2.1624238243609537E+00  8.0841386080102196E-01 -1.6181815210112796E-01  8.7050268347075507E-02 -5.1246561977045593E-02  2.7269655462079019E+00
 -2.7737153599917970E+00 -1.1211781211042264E+00 -7.4455361331343534E-02 -7.1547755743655336E-02  1.8476418297877550E-02 -2.9027259332585906E-02
  3.1988667966641010E-01  9.5769825289702862E-02 -2.3847499629242008E-01  9.4060733123120063E-02 -1.1757615640589705E+00 -2.6649262640505800E-01
  1.8899153202994368E+00  2.0242171758722002E-01 -5.3768859768805334E-02  1.2593387797906885E-01  5.9942004728526177E-02 -3.1598415688356682E-02
 -6.2965818314817890E-05 -3.4231070955654075E-01 -1.6434586733137010E-02 -1.4376361241707771E+00 -4.5935882559182604E+00  7.0447986727593054E-03
 -4.7512278771917349E-01 -1.3891053233728719E+01 -6.6195714394737744E+00 -2.7202019384975173E-01 -4.6702374843535539E+00  2.6038661661215229E-01
 -8.2557496057560664E-01  1.0084021656728186E+00  6.8499758138521090E+00 -1.5306114402230669E-01  8.3641941675026543E-01 -1.0210357735118833E+00
  1.8334755305620987E+00 -2.5139724390332874E-01  2.4042049287773015E-01  1.5397827561043410E+01 -7.7329151914985887E+00 -3.5262053862418621E+00
  6.1024937239250976E-01 -7.4685328988203936E-01  8.7837372480286127E-02 -2.0380964321553328E+01  9.4927885360461577E+00  5.1266476737329860E+00
 -1.0821474940337172E+00  3.5680548000637030E-01  9.9619924131343768E-02 -4.3284357064485601E-01  2.2024387518891522E-01 -1.2977187737309559E+00
 -1.2459812715934042E-01 -8.0908731342701976E-02 -3.7740985967482647E-02 -6.1172865911934965E-02 -2.0211475540631885E-01  8.4705257235542375E-01
 -2.1529134735781659E+00 -2.6968216568299122E+00  1.1245850556786858E+00 -3.1208729545795916E-01  2.6617295026015633E+00  5.9955398480973754E+00
 -2.4921562487760038E+00  3.5858177178765810E-01 -1.3142918267202014E-01 -5.7707336383938179E-01  1.1154579476138468E-01 -6.7265851427526535E-01
 -6.8842859447362303E-01 -2.9207869100078008E+00  5.9339098081070085E-01 -5.2968477754066301E-01 -1.1053540131557877E+00  6.6896294028507564E-01
 -1.7431509531016871E+00  7.1948472553555280E+00 -9.7702606843404305E-01  4.1038840555673961E-01  2.7410195094354681E+00 -5.9223099886925845E-01
  2.1715848777573359E+00  5.3191430387115302E-01  7.1937775161259554E-01 -7.1908499243203927E-01 -8.1774174608051375E-01  6.2443077990869722E-01
  7.8637366418011209E-02  1.7267535157581244E+00  4.4375899573271385E+00 -3.2669867782841253E+00 -3.9921843845879340E-01 -1.0562967151159079E+00
  8.9036464944350768E-01 -9.0685280208969488E-01 -1.1395117366439589E-01  5.0777803106714439E-02 -3.0798769167211467E-02  1.5467434938911362E+00
 -1.1583732021092239E+00  1.2722782910093366E+00  6.0504317781019390E-01 -1.0049425711005422E-01  2.9335418348382439E-02  1.8007873458320032E-02
  1.0022709863063979E-01 -5.4172969718756382E-02 -2.7690630666316194E-02  5.8171455152054428E-02  2.3348082249332713E-02 -5.5691913550587804E-03
  4.3351557610873670E-02 -1.2031722106169002E-01 -1.6059645507590281E-01 -2.0035176793131881E-01  2.5538170155942452E-01  9.2221218403880076E-02
  1.0045066015395508E-02 -1.7738055628405826E-02  1.7617809327367793E+00 -3.8881672472408663E-01 -1.2241302117010444E-02 -3.5676752370916998E-02
 -4.6325629069255667E+00  1.6776564917136701E-02 -1.4132045153169881E-01  3.9910665491327636E-02  1.2780451208339047E-02 -3.5998879394127908E-02
  3.5114846280211436E-02 -1.3114722910367604E-01 -2.7910279748698332E-02  1.2998598901760701E+00  7.5952155494895712E-01 -1.5088317580252902E-01
 -1.1928620514691438E-01 -1.7522407401424953E+00 -3.4683304990043279E-01  1.4172501541355953E-01  7.6838646384611145E-02  6.9004994790255764E-02
 -9.8845823038849046E-01 -2.8375095765042685E-02  8.1130913580777375E-01 -4.2695119293497047E-01 -4.9640944751589816E-01  2.8576659738807469E-01
  8.4429474561180828E-02  3.1864839027897919E-02 -2.9253252554954323E-01  1.6370857312893770E+00 -1.1951389623984612E+00  2.5183930360198981E-01
 -8.1825659241920845E-01 -1.3073392828364025E-01 -8.1422205040579354E-01 -2.2967971971584000E+00  1.6255480970445457E+00 -1.9422502984315318E-01
  1.6734793221472268E+00  1.3930092789753540E-01  8.6314319212824142E-01 -9.8612804416778874E-02  7.6655074392833047E-02 -1.2783373903039441E-01
  1.1993318655197689E-01 -1.6263583572013844E-02 -6.5760446877721729E-02  1.0235612216802874E+00 -6.5407682395464128E-01 -3.3433934999186321E-01
 -3.1348442201239785E-01  4.5670213058166725E-01  2.1669089629878097E-01 -9.8220628353426917E-02  2.3179898235632512E-01  9.7755107994585960E-03
 -2.2515098913413594E+00 -8.8633920100902971E-02  3.6509341241562569E-02 -4.1494759126830039E-01  2.7606326861180990E+00  1.4064217402968127E-01
 -4.5143893180606791E-02  2.0782080776874485E+00  4.7284530045050399E-01  1.8771763366186409E-03  2.5123674980496469E-01 -1.3505578409088639E-01
 -9.1507555790676509E-01 -3.2623919974515958E-01 -7.2147240078895292E-01  1.1358704515189587E-01 -4.0763065340757437E-01  2.1028732228937363E-01
 -4.3890753764900520E-01 -2.6479660195599036E-01  4.7952104290420111E-01  1.1198329389637372E-01 -1.8732790702851454E+00  1.4376665648836334E-01
 -2.0487773961721242E-02  3.1069738910830302E-01 -6.0484117431642537E-01 -1.8595523094814354E-01  6.9574803859203787E+00 -1.2257366369395500E-01
  2.1342436901491627E-02  5.9208841755306928E-03  1.0354482980966831E-01  2.6184646586874104E-02 -4.4010400807870692E-02  8.5719520012171712E-03
 -9.3479140432777223E-03 -3.5173717956050810E-01  2.6585452441238572E-01  1.8159815793977091E-01 -7.3968906396477208E-03 -1.1113868249640634E-01
  1.5949226176474129E-01  8.2021561328557979E-01 -5.3695272298444003E-03 -1.3435605990843480E-02 -7.5258615028697878E-02 -5.7110214418078065E-02
  4.9153350255842256E-02 -2.1467378770886177E-02  3.3183521522526882E-01  1.0179473782395725E+00 -1.1461183036197968E-01  6.0233652184106024E-01
  2.2670706357605144E-01 -1.5988683046097307E-01 -3.9723197916953856E-01 -2.9972976606155566E+00  1.5912927260154180E-01 -1.0150059418479409E+00
 -2.6804130628806422E-01  1.7487794348296840E-01  1.0660275899675771E+00 -6.4014818825801956E-02 -8.1095446628790771E-02  4.9415200023151709E-02
  2.7866500579107407E-02 -1.8386961887055641E-02 -3.1946286931750895E-01  2.7514295670258551E-02  4.2426102033995397E-02 -6.8967067794028739E-02
  1.3439408472872286E-01  4.5335184856827553E+00  4.9274163255267317E-02 -4.6814407333088608E-02  7.3767110785814036E-02 -3.6897667941907304E-02
  7.4311124906386288E-03 -1.2316970595960215E-02 -3.0710089475737101E-01 -8.0289740486095308E-03 -1.5824163850270596E-02  3.0936959699905864E-01
  3.6080553992288422E+00 -3.8057546981714158E-01  9.2858679070819336E-02 -6.0062821193044014E-01 -9.7444942278176470E+00  5.5460593884445775E-01
 -7.0013189266746004E-02 -3.1055310009986681E-01  1.7617233569926640E-02 -7.3311360285162538E-02  8.7487804955021231E-02 -2.7940008315575088E-01
  2.7005966740738767E+00  6.0632040113839665E-02 -1.1365556240291225E-01 -8.9573102401225534E-03 -1.0112360882051957E-01  1.4226939165001717E-01
  7.6818496408484593E-02 -5.1971056214545758E-03 -3.9112931046707759E-02
ORDER     2 BLOCK     9
 -7.4556598925294837E-01  6.8645320085300083E+00  3.6406351053002428E-01  2.2457694892749513E+00  2.5099612351840301E+00  4.8842184268086530E-01
  2.2145302424081663E+00 -2.5382955366893567E+00  8.7417818401310321E-01 -2.1389611456098461E+00 -8.4296934229987777E+00 -1.9264431920978884E+00
  3.2020408786206946E+00 -4.4233006586484809E+00 -5.6900185925891051E+00 -5.5987135873884277E+00  7.1576790071937699E+00  5.2591616435834976E-01
 -1.3098454676774589E+00 -1.6997680176006008E-01  7.6473093924753169E-02 -7.7732780117814163E-02  3.2695335675668931E+00 -4.3813967336009207E-01
  1.9329483064604811E+00 -4.6984069384689403E-01 -5.2602508572587201E+00  5.3022313103378327E+00  1.0466983172771027E+01 -5.0465160500767574E+00
 -1.7839303714715629E+00  3.2122399163026338E-01  2.2531293792825591E+00 -5.1057930453801115E-01  3.2518828692882789E+00  1.6754727502372238E+00
 -3.4100106983864267E+00  2.2935627069012737E-01  2.1532314615490425E-01 -8.3442316351837564E-01 -4.4494709967237069E+00 -2.3152884592823599E+00
  4.9740587576350057E+00  3.3507660633809555E-01 -4.7334187179497983E-01  5.4633035980692746E-01  1.3305177408809121E-01 -2.4499237688931186E-01
  7.7134618170216995E-01  2.3579617981524773E-01 -2.1599026638469256E+00  1.6814441382691453E-01 -1.6741931827961534E-01 -3.8077510805438225E-01
 -8.1368797555756278E-01 -1.6616971491402216E-01  3.6499773132258198E+00 -2.0743845515840345E-01  1.9153778409725669E-01  9.1091538403448336E-01
 -4.0081563014438340E-02 -2.8959447555181800E-01 -1.0886970482764101E-01  3.3706640467235628E-02  5.9300671250035331E-01 -3.6592215492558680E+00
  1.9754920997459399E-01  9.6940851556720317E-02 -9.1290425448745360E-01  4.9343626410194839E+00 -2.2610372914652041E-01 -1.9243507325034495E-01
 -3.2473079558833107E-01 -2.2986439904470321E-01  1.0159110347013851E-01  7.0737339885487305E-01  6.1603960979768543E-03 -4.0486880730977115E-01
  8.1546457117248194E-01  3.1827071142397880E+00  7.6719470537903489E-01 -3.9885558136979702E+00 -1.1615237719647979E+00  1.2392699858541491E-01
  6.7995424869166016E-02 -3.6923150781308384E-01 -1.9011115182199192E+00 -2.5451762988644515E+00  1.1983851225176378E+00 -6.5559230858094744E-02
 -1.1475649057487047E+00 -6.0247822808307383E-01  2.4721231120727545E+00  3.5075485873848891E+00 -1.1458517306788951E+00 -4.7684261008255935E-01
  1.0064244380606420E+00 -5.6192563748742952E-01 -3.7167782875562294E-01  1.6684206217615988E-01 -1.3211145596731488E+00  3.5509360377192717E-01
  2.7692194793868208E-01  1.3860220441683946E-02  2.9856786999089202E-01 -1.1568076784863177E+00  4.7373282438288884E+00 -1.4527245988584452E+00
 -6.4058264608435636E+00  1.3539693591602087E+00 -1.0595416300958003E+00 -1.3243098196510486E-01 -1.3478330509185950E+00 -1.4718512064213385E-01
 -1.8509381988837479E+00 -2.2119183084291683E+00  2.4957372497044834E+00 -1.2527979573978612E+00 -4.1371120746276613E-01  4.1607036857265195E-01
  2.5754607477580436E+00  3.1549584288105046E+00 -2.7744230903078764E+00  1.2789814810017721E+00  1.8013094249762504E-01 -1.1645439353951070E+00
 -5.3172049712298586E-01  5.1928726087632415E-01 -4.1229833090908746E-01  4.9038094117996206E-01 -1.0321309630555943E-01 -4.3315484000792701E-02
  1.5479796741117307E+00 -7.2194516233440420E-01  9.1339833498301673E-02  9.7423309243886247E-01  8.6723165353286658E-01  7.6669690173252836E-01
 -3.0684747500692067E-01  4.3444162911380174E-01  3.9572776746312634E-02 -2.0553939327231602E-01 -1.1413041934733203E+00 -1.0138292037759031E+00
  3.3547352820254017E-01 -1.6539191279095011E+00 -3.2212798114900548E-02  2.7682837397446003E-01  7.1390015425609368E-02 -3.1698060318180420E-02
 -1.7870866667612291E-02 -1.9321432599055045E-02 -2.5638697338444549E-02 -4.0708388473223403E-02  1.6143058830964591E-02 -2.1767001327815141E-02
  1.0197977270913540E-01 -1.3899038837066274E-01  2.2270563366858498E-01  2.7047346681868739E-01 -2.5273712290192180E-01 -4.5934781067649942E-02
  1.6162938121592713E-01  2.8252661320776428E-02 -7.4849184680050515E-02 -3.4968058873444903E-02 -4.0931489687460333E-02  1.5136120027271863E-01
 -2.2544629601908805E-01  4.6048593955823136E-03 -2.9684175953012004E-01  1.6525825464698887E-01  3.9191498109969086E-01 -2.8648671920530955E-01
  1.2435653738820789E+00 -1.0937221542826606E-01 -2.4518616968236207E-02  1.6827352536247248E-01 -1.3632022591298690E-01  1.2760540928426002E-02
  2.0722061180501337E+00 -1.0113983365442059E+00  1.3394369324531363E+00 -9.2032976315518086E-02  6.9049985127429481E-01  3.2086320745178449E+00
  8.4372043100577887E-02  1.4296809815669194E+00 -1.8537283191553238E+00  1.8216052598905275E-01 -1.6311272504416441E+00 -5.2254188057242708E+00
  2.8161297167137855E-01 -1.2021099912892119E+00  6.5573876964422614E-02  1.5496178420638970E-01 -4.8904040846498055E-02  7.3958436198149027E-02
  6.4244225594107462E-01 -1.3127514876720696E+00 -1.5604365765714509E-01  2.7454091545717507E-01 -2.2387824945186138E-01 -2.3216402018480986E-01
 -2.4093705894152631E-01 -8.0781475339792123E-03  4.9448315546508931E-01  6.0145031097663792E-03 -2.9653404386636467E-01 -2.1562082255644163E-01
 -9.0614129110617281E-02  3.0993000512330188E-01  1.1970887822685625E-01 -5.7783303178718215E-02 -1.2546374865548576E-01  2.6376933890832804E-01
 -4.5390440765428397E-01  1.7064345176941019E-02  2.8610075013225617E-01  7.9121823059894192E-01 -1.2752113610482041E-01  2.7631721651319641E-01
  8.2779843497318747E-02  2.0858878823301265E-02 -6.8210538557945691E-02 -1.1256348923944133E+00  1.4517927652518445E-01 -2.7679653191684506E-01
 -1.8885127476078696E+00 -2.1644000824306744E-02  6.0140675307526661E-02 -1.4637323366802898E-02  7.7070356632838455E-02 -4.8465637742568402E-02
 -8.9073810578863266E-03  7.4062729505718411E-03  1.8943630601683432E-02 -3.0808000332015356E-03  5.5392875736742765E-02  1.5337690961296765E-01
  1.4227483137939734E-01  1.5422151594688030E-01 -8.6635628172755927E-02 -1.4574431022390057E+00  1.7485292349061113E-02 -3.0598723051416712E-02
  3.4247498568457602E-02  2.2392078082252539E-01 -2.3279150296365941E-02 -3.2130413199482052E-02 -1.3069073169718393E-01  2.0065905282035215E+00
  1.0353726335649998E+00 -2.0180289086187031E-01  8.3113843596965997E-02  1.0278461234139923E-01  1.3402861544449413E-01 -6.1577963956879440E+00
 -1.5182577149154663E+00  2.9021764254705390E-01 -8.6500077631272945E-02 -2.6581929903624796E-01  3.5033948899314771E-01  4.9121435486989412E-02
 -8.2624886690955490E-01  2.2178891226669935E-02  7.0059919002695689E-02 -1.2784881859209953E-02  2.8085475953553590E-01 -1.2417566218928458E-01
 -1.1086243909944228E-01  9.8446874749591171E-02 -1.0231324397466260E-01  2.5966564488864985E+00  2.4976968391286205E-03 -3.8579017288767337E-02
 -1.5003939856640072E-02  1.7044214773286926E-02  1.5506445535328511E-02  1.2187888999974500E-01  1.4499174501242499E-02 -8.3548503014273575E-03
 -7.3394321713834559E-02  8.3353583782639207E-01  2.2341351628151815E-01 -1.0689712753304836E+00 -2.5868770771099486E-01 -6.5100092471369414E-02
  1.6806072952206295E-02 -2.7931755546089796E-03  2.9056060088934133E-01  2.7498866449710169E-01 -8.9415001500869427E-03 -2.3582714447250262E-03
 -1.3163422426325216E-02  7.0080853462675917E-03
ORDER     2 BLOCK    10
  4.9870988279070783E-01 -1.5084915210915573E+00  2.6208180376721590E-01  1.8144819890776298E-01  3.4474233469409605E+00  1.3476894517125717E+00
 -2.5448138013064625E+00 -1.3687746320148282E+00 -5.2019656371826484E-01  1.4844397453722176E+00  1.8435985401056700E+00  1.3327123433971735E+00
  8.2146442219751958E-01 -2.3362301290375035E-02  1.4742804985554432E+00  2.7335837614098151E+00 -7.3652931648531004E+00 -1.7092694046229402E+00
 -1.8309026244053530E+00  1.0632273136605677E+00 -1.4214081214172758E-01  2.2411050434318533E+00 -2.5785521240157356E+00 -6.6835073726186520E+00
 -5.5854940824260408E+00 -2.5989167654226062E+00  3.3261542473352539E+00 -3.1253324585301123E-01  2.9910358583173435E-01 -1.7255791196347465E+00
  1.1463270693230914E+01  3.4274708946345629E+00 -1.1549468334664512E+00 -3.3145896748825980E+00 -2.4929312946107136E+00 -1.7000810196810769E+00
  1.7806116968852986E-01  4.8469324102689564E+00  3.4829000939449912E+00  2.2477645599078699E+00 -1.8175440078085179E+00  1.8246349301433440E-01
 -5.5882912718885480E-01 -1.4794924241596270E+00  2.6652073169621784E+00 -8.0389664218351231E-01  8.6130787863873504E-01  2.9843658154795460E+00
  2.6258936543535222E-01 -1.7496844707446937E+00 -5.7129395893322044E-01  1.4983513808253850E+00 -5.4332751011414471E-01  2.8029337888232631E-01
  1.2560721853805609E-01  2.5636573745157412E+00  1.2827061542612201E+00 -1.8819109176730038E+00 -1.0994333050838796E+00 -6.1455419304278081E-01
  3.2967125115887647E-02 -5.1131736006385835E-03  6.1483964135286195E-01  8.0140336474519414E-01  9.2371999395113391E-01  1.0560921770595069E+00
 -8.4066475098440996E-01 -1.0580457794329733E-01 -1.5648108942710451E-01 -1.8067065565006557E-01 -6.7462842602994538E-02 -1.2529096057925662E+00
  9.3946986682432654E-01 -1.2853849385130922E-01  3.4778713897438635E-01  1.6897043364669706E-01  8.9314725625871408E-02  1.2125476928082446E-01
 -3.5052210314469583E-02  1.5250352771662709E-01  1.2751818962627809E-01  2.3814884646072093E-02  7.0401704310663860E-01 -2.5500471505943104E-02
 -1.0988555237895279E+00  8.2691815895096360E-02  6.7888370209850113E-02 -2.1328878636074700E-01  1.5277965596662656E-02  2.3939205583371596E-02
  3.8100988386977069E-04  1.1422552969581101E+00  1.6186004244621511E-02  8.1455497230208251E-01  1.9175493235448142E+00  4.0069379959021129E-03
  1.2612127999331559E+00  6.3654627364353811E+00  4.0294792452810029E+00 -7.3689670659154693E-01  1.5035786880050759E+00 -1.0362166997005602E+00
 -9.8336442547217823E-02  4.7281127386934546E-01 -2.9210142683799289E+00  1.4677368824129380E+00  7.8343974410819217E-01  7.4537438567313241E-01
 -1.1253671068890256E+00  2.5760258178115025E-01  7.6238497647698789E-01 -6.1896234989055197E+00  4.5316059033901485E-01  3.6170236002516871E+00
  4.6764164932823432E-01 -4.3306022993184018E-01  1.2464534202651807E-01  8.8259180846637442E+00  1.8954493963494165E-01 -4.5600404516188053E+00
 -4.1024610917767906E-01  7.4817805558471395E-01  3.8524103383375238E-02  1.3585762015108149E-01 -9.1974283942665858E-01  8.8141010862492208E-02
  1.6252668776689863E-01  1.7928655376774982E-01  2.2247972651600814E-01  6.7515897178973350E-01  1.0757236597880102E+00 -1.0528742138184450E+00
  2.0309961357049415E+00 -1.0145879669491287E+00 -1.6719974372330477E+00  4.8051265513619140E-01 -2.7324682275972787E+00  3.0350192240975873E+00
  2.6517313866622101E+00 -6.3889751868660627E-01 -2.6664272384720356E-01  5.6951011459186218E-01 -2.2807925520531047E-01 -1.0143028428101220E+00
  1.9208956115362117E+00  3.7594855857774828E-01 -1.0220001556202032E+00  4.7594059557026652E-01 -1.9278943295936005E-01  5.4254151480119550E-01
  1.5923346906253402E-01  2.3882978033109070E-01  1.3544446579001443E+00 -5.9562751220575305E-01 -6.4669327016429645E-01 -8.2033019384812134E-01
 -1.6716154908612382E-01 -5.2111894175293605E-02 -2.2719667771650068E-01 -4.1338924365799645E-01  3.2903394588027340E-01 -1.7019713621550539E-01
 -9.9850625717527189E-02 -7.8394453998048397E-01 -7.6181131878163499E-01  4.6180103381549048E-01  2.5174812581236133E-01 -9.2223569191939705E-02
 -1.5846281913596533E-01  2.8377146911706591E-01 -2.8265937907186955E-01 -7.4607386848418028E-04  7.3415659525269988E-02  8.4896455609824673E-02
  1.9548365202702045E-01 -4.8290175664359608E-01  5.6196935097046763E-01  3.3927668078859295E-02 -6.2212796431941039E-02 -3.6451300188473194E-02
 -1.4558720236489738E-02  4.3067597709511192E-02  4.9764017022615903E-02 -1.7676882650916961E-02  1.9349977379661373E-02  3.4846244674078160E-02
 -1.1960834652329141E-01 -1.7731805421009997E-01 -2.8520541687128051E-03 -3.4042179093894030E-02 -7.0662898720952202E-02  6.8051229879502642E-02
  1.5852570094051305E-01  5.7463709399899310E-02 -1.2982438839673309E+00 -1.6487988564574542E-02 -2.1670176415246079E-01 -3.1198763857116681E-02
  3.8320606416624785E+00  3.5752435208761563E-02  5.5056028365609994E-02 -3.5183324481258334E-02  4.3307384208821340E-02  1.1450195862971836E-01
  3.6698207872064320E-02  8.5278155428566774E-02  8.1654173777532570E-03  3.7060034668051278E-01 -4.5493585028124844E-01 -2.7956636189586024E-02
 -1.6915217164372784E-01 -5.9932199502782690E-01 -4.8306815074189990E-01  1.7908875045665068E-01  2.6289912105097968E-01 -1.5032269046179703E-01
  1.4978220764966741E+00  1.0583614889984548E-01  4.9439121331017799E-01 -5.6952682216317130E-01  1.3250005818665112E-01  7.0105556093856852E-02
 -1.1526299169044864E-01  3.1313962617784785E-03 -2.3559991940781841E-01 -1.4086618255113732E+00  1.3331336058926873E+00 -1.1056088419079718E-01
  6.6174781686359166E-02  1.1492357324910586E-01  6.3865504985488819E-01  1.9603442501919870E+00 -1.8066101073337748E+00 -3.2577985170453724E-02
  2.8391640824220654E-01 -1.3205300790298871E-01 -1.7813320328723279E+00 -6.2714071043866759E-01 -1.6521573671561088E-01  1.3151806231757870E-01
 -1.0263706410001808E-01  2.1756034010944416E-02 -8.9029932265121092E-01 -1.7646961965487515E-01  2.0063797368520349E+00  4.0045321619628005E-01
  1.1917558674857293E-01 -4.4486136810834093E-01 -1.6395434285487642E-01  7.9434116029654403E-02 -2.3995907334373764E-01  5.3700906559592497E-03
 -1.5901077481750134E-01 -1.7427531641275221E-01  2.2931924568543486E-02  5.8187331662099528E-01  6.3260276177604463E-02  3.6343224978332961E-01
 -1.0445917426920182E-01 -3.3631892608263247E-01 -3.2881035776313222E-01 -3.4187467746940192E-01 -8.1264380001889264E-02  3.2254219727815331E-01
  9.7253602416414198E-01  1.2264243641399479E-01 -4.3706710613154273E-02 -5.4253460844097788E-03  9.4032250855064781E-01 -1.5972810787205588E-01
  3.8152914685027273E-01  5.1311060138046349E-01 -2.6387970035307001E-01  1.4557063304883625E-01  5.5200719838571122E-01 -1.9374726396726720E-03
  2.3216175080997919E-02 -7.1291055710950024E-01  1.9543318439465041E-01 -2.8061350185792328E-01 -2.2409681486593533E+00 -1.3343991235839332E-02
 -2.3908193155494452E-02 -8.8785305792747890E-02 -2.0975370651746660E-02 -4.4041828262391149E-02  1.0850910068850054E-02  1.0060009485257277E-03
  3.1010547381333420E-03  7.2551270484453548E-02 -9.2731498706332391E-02 -1.4388998296307812E-01 -4.7403067048825034E-02  9.8372363883990815E-02
 -1.9971573823899264E-01 -6.8099503929471417E-01  9.8598287422316071E-03  1.0812544164350497E-02  1.2177054012799716E-02 -6.2038573970809403E-03
  1.9103583121455471E-02 -1.6805561579827176E-02 -1.4167159609218130E-01 -4.9607836068937319E+00  8.6651103554286535E-01 -2.2377812350356734E-02
 -9.8450746786129223E-02 -2.2531244084233078E-02  1.1723376687435759E-01  1.3512303182454772E+01 -1.2206365490283664E+00  5.7313608200929074E-02
  1.5294559113403663E-01  4.4425591270721043E-02 -2.7939054973867494E-01 -1.2899845848066110E-01 -1.5519798256940523E-01 -3.6950675177081983E-02
  6.7093418842518029E-02 -1.0269601554620901E-01 -4.9492159704814154E-01  7.5078904351016573E-01 -2.4892290168730910E-01  2.6416108922238046E-01
 -1.0702411106478335E-01  1.1315290139762189E+00 -1.5980426518403291E-03 -3.4730054524346465E-02 -6.6381343350543326E-02  9.7739325559019607E-03
  2.3889987667131504E-02  4.2119874014384683E-02  5.4624190702926921E-02  5.6369329606593367E-03  9.7043637186633083E-03 -8.3864701392355981E-02
 -2.5448687275601092E+00 -4.3206993787822640E-02  1.3623373216818802E-01  2.8328505508287055E-01  6.6965724368960498E+00 -5.7898702447336053E-02
 -2.5553691407563606E-01  1.6742583750763565E-01 -1.1954750074457389E-01  7.0663845840634981E-02  7.3348286750625580E-01 -1.6946956186972467E-01
  1.1098197778082513E+00  2.9939816215236729E-02  2.8838445055004588E-02  1.4780712759139905E-04  7.9004238791768711E-02 -9.0377008494919947E-02
  6.8438653312444822E-02 -9.1555746372361021E-03  1.9440142658616894E-02
