SURFGEN.GLOBAL Hd COEFFICIENTS FILE V:2.8.8
high order tester                                                                                                                                                                                                                                              
ORDER
    2
COEFFICIENTS
ORDER     0 BLOCK     1
  1.6677695039084045E-01
ORDER     0 BLOCK     4
  1.6063062686533855E-01
ORDER     0 BLOCK     5
  6.1103626114449069E-02
ORDER     0 BLOCK     8
 -3.9969034712376883E-01
ORDER     0 BLOCK    10
  9.4155823036554620E-02
ORDER     1 BLOCK     1
 -5.9626219455021889E-01 -1.0228309295899241E+00  6.0022090682397533E-01 -2.6835577837223905E+00  1.6326215360843763E+00  1.6929716500832326E+00
 -2.9380208679457254E+00  6.3607670005404069E+00  4.9454654040240265E-01  6.7229656880115951E-01 -7.9338450016501097E-02 -6.8239346350714281E-01
  8.3313097263104097E-02 -2.1794541371968887E-01  1.2420778629442476E-01 -1.2633925310693833E-01  3.7870867400880380E-02  1.1756814113298850E-01
  2.3193344398482179E-02 -5.1374924585796855E-01 -4.6345293087828976E-01  8.9970588828046794E-01 -3.1956587033216119E+00
ORDER     1 BLOCK     2
  1.2560147740251104E-01  5.7376074427407135E-03  2.3429043348487777E-01  7.3735515223729586E-01
ORDER     1 BLOCK     3
 -2.7522958039308039E+00  1.0047316572147302E+00  5.1854033729603870E+00 -2.3457418409165420E+00 -4.2423664799500233E-01 -6.3026026722686368E-02
 -9.0071664899266018E-02 -2.5592523086618169E+00  3.6805206930255652E-01 -1.7101357979893966E-01 -3.4035073886293754E-01  1.1491235182472734E+00
  8.2892643158348323E-02
ORDER     1 BLOCK     4
 -1.4926630672720240E-01 -2.9173126338120564E-01  9.1348720800869965E-01 -3.3569967413834756E+00  8.6950081957335934E-01 -2.1780617305729244E-01
 -2.3532299509199488E+00  2.9039340690669371E+00  5.4152501490143878E-01  1.3875342378537267E-01 -1.4252951771094369E-01 -9.6148993166092567E-01
 -3.8414028183582910E-01 -2.1714845654102294E-01  1.5344085753988176E-01 -1.0715446042237252E-01  1.2331770764956174E-01 -2.8065270283451627E-01
  2.7299289956386047E-01 -4.2385239533704361E-01  9.7530030944327750E-01 -7.4501573273576083E-01  1.5287079313291085E+00
ORDER     1 BLOCK     5
  3.4822858165038739E-01 -1.0658783621224430E+00  5.4675797035923002E-01 -1.3061798851508915E+00 -1.0035080526809936E+00  2.9562070114295769E+00
 -9.2843429524248700E-01  1.5117990122587344E+00  1.4572851275032832E+00 -5.7645918602305601E-01  6.4656274120293358E-02  5.0126231487649708E-01
  5.3736756686985021E-01  7.2555922525873409E-02 -2.4225911670895933E-01  1.1766319250174577E-01  1.9133982553562889E-01  1.8026338879280032E-01
  1.4763500479155802E-02 -9.0982914793472891E-01  2.9382590592547292E-01 -3.0703263585671561E+00 -5.0249728382194725E-01
ORDER     1 BLOCK     6
 -1.2976439335401750E+00
ORDER     1 BLOCK     7
 -4.8670449007926192E-02 -8.9185666968800547E-03 -4.1034830938368994E-01  1.8618949850425437E-01
ORDER     1 BLOCK     8
 -2.1321686709729595E+00 -1.1053080096973953E+00  4.9854001563977004E-03  2.1387434510917873E+00  7.3660953747058748E+00  5.9043345756047465E+00
 -2.9298128276936928E+00 -3.5270455986093245E+00 -1.7021472958685273E+00 -3.6875161551644081E-01  3.7265177871278928E-03  3.2204131047024903E-01
 -4.8918091919581058E-01  6.6501213070504628E-01  4.6827182994379957E-01  3.6849520644687950E-01  5.0199385919379395E-03 -1.4777492378966722E-01
  1.2359655905554395E-01  1.0501295650299256E+00 -4.8098408703725487E-01 -2.3257339547346758E+00 -1.1224302014175258E+00
ORDER     1 BLOCK     9
 -1.1727437524805793E+00  8.7345341033514179E-01  2.7903434951093899E+00 -2.2035974600465433E+00 -3.7251433588472305E-01 -1.1790732741760740E-01
  7.6428228138604226E-01  6.2754719480500676E-01  1.3089873665816157E-01 -3.6973499990802888E-01 -3.2693795843820328E-01  6.7569839660867437E-01
 -1.3405508916289026E+00
ORDER     1 BLOCK    10
 -9.3200815349909960E-01 -2.0420636779343280E+00 -8.1564204658273554E-01 -6.9668784894380476E-01  1.1614924796453709E+00  3.3247546137184578E+00
  4.1121277838257573E+00  7.0779485290451905E-01 -7.5785758934661285E-01  8.8893728454072196E-01  6.3900086092357505E-02 -6.8054995773562457E-03
  5.8906058966744823E-01 -2.9307635865008524E-01 -2.3362833124804577E-01 -3.2918824743048289E-02  1.2031913038889187E-01 -7.8122589245257737E-02
 -7.6818914716880946E-02 -2.8509080298832934E-01  3.5169443591031740E-01 -5.0684296792878336E-01 -6.3205940470225963E-01
ORDER     2 BLOCK     1
 -1.6370607433599029E+00  1.2826948025759990E+00 -4.0779819357244484E-01  1.0114799063823361E+00  4.4008995064690015E-01 -1.5350870078701273E+00
 -1.7548431076033380E-01  1.4675557885710464E+00 -1.6463305711738995E-02 -1.4120517075588166E+00  2.2317934744779766E-01  3.7677726726272620E-01
 -1.9717395157694397E+00  1.0196886704343309E+00 -1.4706115994867619E+00 -1.0830342036409155E+00  1.4169355820283027E+00  2.1677256260717623E+00
  2.7753215688660999E+00  9.7062770957775280E-01 -5.2939442640089052E-01  7.1430362336791686E-01 -5.8972497836547466E-01  1.2857857334759717E+00
 -5.7007758841461775E-01  1.7390572127475927E+00  1.7995912782197789E+00  6.0079137162333840E-01  2.1696087465808947E-01 -1.3582045547966373E+00
 -2.6318359049915121E+00 -2.4238994374647809E+00 -3.8413966694043227E+00  2.4629570144613915E+00 -1.6818424331973134E-01 -3.0286236392892463E-01
 -8.1554601748316446E-01 -4.4375295922604341E+00  4.9118327205995410E-01  1.3551929589901921E+00 -1.5255132857112892E+00 -6.3531476470708156E-02
 -4.7899741427913131E-02  3.0847873082334437E-01  1.9285884551340231E+00  4.6021972348198886E-01 -1.3668826729143674E-01 -8.0578629551467917E-01
  3.5215800965368915E-01  4.9119904876156856E-01  2.7831440844639227E-01  2.7820105083825669E-01  2.8220474099072618E-01  4.3069783616843743E-01
 -2.3748294363225361E-01 -8.1912076485620300E-01 -1.9080203243099714E-01 -1.3388428357776685E-01  1.8363753928553184E-01 -3.0424923676726107E-01
  2.2073505829021040E-01 -2.9678680685840358E-01  6.9294803101299152E-01 -3.0054018254053727E-01 -3.1520602409635591E-02  6.9657593767164394E-01
 -8.0093040581185426E-01  3.0887488269227475E-01  4.0695563768517545E-02 -4.4296915335431786E-02  1.4736686968273902E-01 -1.0830657150994254E+00
  1.1567308357150701E+00 -2.2144746550060895E-01 -3.7404088866130045E-02  6.0728964455191888E-02 -2.0490028057706897E-01  3.9555923623206299E-02
 -3.2443820995369121E-01 -1.4192294000029237E-01  9.5974695109145289E-02 -6.1150677100733151E-02  1.3810856061704881E+00 -3.5742618747004747E-02
 -2.0936458524725423E+00  3.8674231042750383E-03 -2.9965963881374260E-02  6.2584411876830420E-02 -3.7442219619988629E-02  3.7924970267274047E-03
 -3.9972940971033727E-05 -1.3110465801999533E+00  3.5595945270372471E-02  2.1979078595910013E+00  1.2489784601038081E+00 -2.2855309707371214E-02
 -1.7179122693633486E+00  1.2994434099745351E+00  1.4956965844650311E-01  4.3649174807226006E+00 -1.2960254867405188E+00 -1.3521826422364591E-01
  4.4642881266947931E-01 -5.6125078232747638E+00  1.1916533662273345E+00  2.4137130407758614E-01 -9.3635536941800801E-01  4.6225814740722193E-01
 -8.5971001832570204E-01 -1.2481210842681716E-01  6.6856771374072232E-01 -4.6088302954790605E-01  1.6152852791300928E-01  1.7739993667447080E+00
 -7.3765107195854551E-01  9.3158726851037410E-01 -1.2805890976177403E+00  1.2774372870072241E+00 -1.4432417001823545E+00 -3.5524065356702721E+00
  1.2874171451318348E+00 -7.7234470029122904E-01  1.2157420853690757E+00 -2.1189500460511043E-01  5.5598661963694496E-01 -2.3109550282201485E-01
 -1.6470842678082420E-01  1.3256719174881121E-01  1.7395656911769919E-02  1.3821077740009521E-01  2.5554541629171301E-01  1.4389921358616098E-01
 -3.9336595023703075E-01  1.5756045606565988E-01  5.5782996523987483E-01 -1.6763987563388441E-01  7.0818774221352121E-01  2.1977629968899159E+00
 -7.0818264683853349E-01  8.4269054305165028E-02  4.0254635415996981E-01  4.0446733897041620E-02  2.3967257987336896E-01 -5.5983713341038244E-01
 -9.7289450327679738E-01 -9.2954078235062154E-01  4.0944974412935536E-01 -2.4685291774604720E-01  9.9836259836216557E-01 -1.9018925474303958E-01
  3.9013726796837561E-01  9.5854651885631548E-01 -6.5333031076496051E-01  4.5798265420463141E-01 -1.6710130643254333E+00  2.0710853443655280E-01
 -4.8443963907542520E-01 -2.8680387991017597E-01  8.0625596452941886E-02  2.8619621315642324E-01  9.1039598196692564E-02 -3.1201608151131671E-01
  2.8455233643951722E-01  1.0216173291804422E+00  5.5088287417919068E-01 -7.0963738017051015E-01  6.9027910460497541E-02  5.6876243555866124E-01
 -2.6562933152057816E-01  2.2036548106505147E-01 -1.4595796508824745E+00  5.9903366827596678E-02 -1.3550287862167143E-02 -7.9118161782749297E-01
  3.8854557713317078E-01 -3.0271034642003547E-01  3.6971413829656377E+00 -5.9458968051718915E-02 -1.3300001549774587E-02 -6.9900636788152185E-02
  9.3138264889598994E-03  4.1561929914660629E-02 -1.6557010237408673E-02 -6.9042239108653522E-02 -4.2234506941823548E-02 -8.5565340139762511E-02
  1.6674850013212755E-02  1.8965413886277155E-01  4.8448544172409520E-02  1.1011498439461592E-01 -1.5969472142897071E-02 -6.4600897148619343E-02
 -1.2550384802529291E-01 -6.3416036816371285E-02 -1.6709331335157791E-02  1.1276022943160899E-01  2.0350651396697250E-01  6.3853916530242263E-02
  6.1758229825350397E-01  1.7994324013418557E-02  3.0709834621373108E-02  8.7853454992512913E-03  2.3221678628604211E-03 -1.8003716646101377E-02
 -1.6100679612628534E-02  2.8883439331604580E-03  4.3327467527117759E-03 -5.5510364755937769E-01 -1.2728560393078769E-01 -2.2559578414430220E-01
 -2.9304216474793882E-01  7.9312039237324794E-01 -2.7143019734387047E-01  3.3228801416389731E-01  9.4468238614686950E-01 -1.3502321766102495E-02
  7.8103922457148411E-01 -4.9650715055340286E-02 -2.7396634333915826E-01  2.9650930974132178E-01  2.0910632987834460E-01 -1.4004325375904406E-01
 -1.9730048099653871E-01 -6.4523049660142415E-03  2.1381606702504535E-01  3.0487177622737638E-01 -5.7693715017014857E-01  1.6968768051320504E-01
  4.8572714850035137E-01 -2.0161556309837980E-01  3.5960526369219675E-01 -4.3932700155996768E-01  7.9840539741913497E-01 -2.4389668381030602E-01
 -8.3189752325773703E-01  2.9432899317054728E-01 -4.6573054697955157E-01  1.6885326820147937E+00 -1.2529185787615005E-01  5.8656621580645850E-02
 -5.4282567246745871E-02  5.8560111910445627E-02 -9.2952992371505908E-02 -3.4304260021010957E-01 -5.8388990217352343E-01 -1.0304770316878924E-01
  8.1114712337693844E-03  7.6537874236287148E-02  5.7784858178151363E-02  2.8960288760990383E-02 -1.9129824761318168E-01 -1.4035483519643599E-02
  1.1007719028748650E+00 -3.4694204801737749E-01  2.8627736710687426E-02 -2.4353837004169737E-01 -1.2889162635769820E+00  4.9042070955851752E-02
 -3.3357980228312642E-02 -3.3316893098522287E+00  4.6644974227135969E-03  2.6199600769668258E-01 -6.5946268316479997E-02 -2.9060045326592493E-01
  4.2194470246916194E-01 -3.7028949829820984E-01  3.2963306488271588E-01 -5.0555670343161788E-02  4.3346702579354335E-01 -1.2859210077083988E-01
  4.9773364663398593E-02 -5.8728090924959134E-02  1.3343342064623651E-01 -1.4130593523256335E-01  9.9216156542903755E-01  9.2615471267688005E-03
  5.4832701019115845E-02  4.7579129684653040E-02 -1.0932082471011600E-01  2.3271560398347063E-01 -3.3027209078063806E+00 -1.3625456208312502E-02
 -5.5492732713839060E-02  4.3182478175384308E-02 -4.4375241278833751E-02 -1.8549832425808269E-02  2.0776710706217335E-02 -1.0574149322854321E-02
  5.7151454811763987E-03  1.0393219870949252E-01 -1.8485247323342699E-01 -1.8575768113838340E-01 -2.9385304908105935E-02 -4.6002465756537422E-02
  6.8614448950608406E-02  7.4036553418372619E-01 -1.4547710952857351E-03 -5.9634135507738231E-03 -1.2083590932195162E-01 -1.0907782010372662E-01
  1.3207142115303439E-01  2.7390049483840016E-02  2.3101633151761775E-01 -3.3789344775435053E+00 -6.5735198411826390E-01 -4.5646630377141895E-02
 -1.0950318107456046E-01 -1.1507941717064972E-01 -2.3879873727871431E-01  8.9371371056590032E+00  9.4374470201408900E-01  1.2536869790342514E-01
  1.3401423892939965E-01  1.5084686318421969E-01 -4.9320708224541859E-01  6.0108837905060171E-02 -1.3043927982516448E-01 -7.8905788153946582E-02
  3.4881602925579201E-02 -6.1303326132731054E-02  1.4588011450043431E-01 -1.4687589233666817E-01 -7.7254619197832858E-02 -1.1104131294247818E-01
  1.5347659670026051E-01 -1.6654767442739038E+00 -2.3796343958009232E-02  3.1741179282512147E-02 -1.1636208991462558E-02 -7.9625649358980224E-04
 -1.9032392661468046E-02 -6.3237639638753888E-03 -8.9545603749790672E-03  8.5324113021627637E-03  3.6140607919245152E-03  4.7368927790451149E-01
  3.9318067211554455E+00  1.4452703459112831E-01 -2.3109197574184639E-01 -6.9120923307781346E-01 -1.0790928408731764E+01 -1.5948417881035223E-01
  3.1397377079566885E-01  1.0532599903783850E-02 -3.5767968127043685E-02  2.4378330965010988E-02 -1.1024891275318102E-01  2.0356651395542813E-01
  6.0641057697147591E+00  4.6074036809394210E-02  3.5823569940460792E-02  1.2353851818890946E-03  2.2462198105640013E-02 -4.3577018858179814E-02
 -3.0205730827087541E-02  1.4144593236510501E-02  2.3688277462951841E-03
ORDER     2 BLOCK     2
  1.9622014127581409E+00 -2.0969846827111978E+00 -1.8201436066870891E+00 -1.9502894836355547E-02 -3.5967115612729819E+00  3.8420284221536427E+00
  1.6600117246967045E+00 -1.7325088438179587E-01  1.3268174242241121E-01  2.4647866551715020E-01  7.4320350540489244E-01 -5.3710559954654249E-02
  3.6021932038114129E-02 -2.2193702743220039E-03 -2.0770889224462172E-02  6.7987679367033357E-02 -4.4334062994098894E-02  8.0967490723165506E-04
  2.8455186215608896E-02  1.8009354396388330E-02 -1.4411743235142611E-03 -5.5019470059129516E-03 -3.8478260769501338E-01 -6.8023301633682087E-01
 -1.0094379050118782E+00 -2.5489138999084626E+00  3.2620221395889820E-01  5.2938466155109976E-01  1.3180664996513174E+00  2.9536118611049504E+00
 -1.2024599822820241E+00 -1.1723422682057363E+00 -3.0327878888187838E-02 -2.0441775281654753E+00 -2.1097135341774296E+00 -9.6098394036465828E-01
 -1.6080243326411681E-01 -3.5982100480203677E-01  6.8717571645045106E-01  1.8741267660143959E+00  2.4321319426909787E+00  2.7935457701996782E+00
  2.1762908949385232E-01 -7.9526702213235947E-02 -6.2491354828234713E-01  1.0434114607472429E+00  1.6656216945072393E+00 -1.8073794336280125E-01
  2.8860188753604044E-01 -2.0102049638650332E-01  1.0449027856100820E-01  2.0548411003281308E+00 -1.7539862483832096E-02  8.7654921982611311E-01
  4.7282515983989176E-01 -2.2390123418999721E+00  5.9735577264282851E-02  2.3454213856762021E+00 -3.6323111478808950E-01 -1.3527040029562936E+00
 -3.8735682253104015E-01  1.1041310713127788E-02 -5.6945474075666380E-01  1.0030814680523996E+00 -2.3596277867244181E-01 -2.8570410641992673E-03
  1.5196783948360254E-01 -6.8257175732238806E-01  1.2238673797192137E+00 -4.5547704451180053E-02  2.0113201070633270E-03 -2.4161097470896967E-02
  1.3882505731416693E-02 -6.8253219116937616E-02 -1.9466692808847171E-02  1.1451478858325503E-03 -3.2837193548878700E-02  2.8990541031287953E-02
 -1.4056661660177500E-01 -1.8567813097143875E-02 -7.2530995655094288E-01  3.7996377340574150E-02 -1.2455353004239125E-01  2.0545429250494469E-02
  4.1966951856720019E-01 -1.0712275703738883E+00 -5.6907778212810300E-01 -4.1161239152980050E-01 -3.6271066479677317E-03 -6.6165788064244535E-01
  5.8965753198261817E-01  1.6529281865749344E-02  1.5765165143284714E-04  4.2478829547461953E-02 -1.4265609206311697E-01 -7.9042220329490501E-02
 -5.8375221468743688E-02 -6.3475075189955476E-03  1.1318326487569602E-01 -3.4488453768168437E-01  3.1324259625257894E-01 -1.6434333206824742E-01
  4.5434506939100996E-03 -6.2911024895669043E-01  2.5524014378783966E-01
ORDER     2 BLOCK     3
 -1.7470241857524109E+00 -4.1695190257534627E+00  4.1665666487680098E-01  2.0048613861531535E+00 -1.4777658027776985E-01 -7.4790631021637466E-01
 -4.6611081179523035E+00 -5.8795842956673603E+00  2.4785601084627896E-02  9.9102897039891424E-01  4.6777028318712359E+00 -2.1823395665463974E-01
  2.6872096596306450E+00  5.1473578819751484E+00  3.3536796534572315E+00  2.1828655633657763E+00 -2.0722967085554242E+00  7.2144559163023181E-01
 -2.1151175348328248E+00  4.7012195042879474E+00 -1.6675348246551422E-01  1.0649181893012707E-01  4.5662248326662569E+00 -2.2605046492283383E+00
  2.8306826627850561E+00 -1.2536752744517756E+01  5.7441864828840243E+00  6.5379180714452962E+00 -5.1960347276059906E+00 -5.3099183858225789E+00
 -8.2425961483099686E-01  2.6392325431943020E-01  1.4638922019501304E+00 -5.0184422899501938E-02 -2.3123059679972875E+00  1.8155372817372279E+00
  1.8970205833006859E+00  3.3076136337818890E-01 -8.6565212811590275E-01  6.6761498954070769E-02  3.5974422581372196E+00 -3.2149982241674691E+00
 -2.3143335204481392E+00 -8.1507845572723281E-01  1.0114125495926443E+00 -3.3461668552381529E-01  6.8909043269573811E-01  9.9711330003742049E-01
  4.9946428190557585E-01  1.6393870516886273E+00 -1.1704192384642167E+00 -6.0779650508692919E-02 -1.4061778535750738E-01 -8.9980829839000454E-01
 -7.2481051259659524E-01 -2.5619608893929131E+00  1.5099550269073003E+00  4.3003420544839625E-02  1.6341261117802769E-01  1.4611138400907380E+00
  3.2551158476774239E-01 -1.8625687096665400E-01 -2.8263659207466774E-01  1.1827670141971906E-01 -3.8058686918418308E-02  1.0650885313531220E+00
 -1.6991032329232807E-03  1.4156000164261590E-01 -1.9381352572360830E-01 -1.4287311435039600E+00  1.5171123548232687E-01 -2.5167462114027622E-01
  1.0175552929731608E+00  1.1804574941790093E-01  2.4502801310623623E-01  1.1111169591305448E+00 -1.5521174970905738E-02 -1.9999221170622192E+00
  1.3386475486754037E+00 -7.6726336790215233E-01 -2.6537096143337208E-03  1.0933044886341725E+00  1.5557186053970762E-01 -3.8773726462631564E-01
 -5.5998217912941670E-02 -1.7537970635633317E-02  4.4219760611525444E-01  1.0490112871872883E+00  4.8297126215618977E+00  2.8350467182279853E+00
  2.1419945409665092E-01  3.8009498376606926E-01 -2.3994606013390299E-01 -1.1599269294475303E+00 -4.8403069198808319E+00 -2.7618517033720433E+00
 -5.9393106744212532E-01 -1.6268866473543542E+00 -1.4509199830683048E+00  1.2831254743628326E+00 -1.5522813736639103E+00 -2.3573038515787847E-02
 -1.2659775976704313E-02  1.1653979821578557E-02  6.0482433333713603E-01 -6.1320914665878323E-01 -1.0995839733605657E+00 -3.5384720869613825E-03
  1.8362221856923315E+00 -2.2848951359939476E-01  1.4067197598404166E-01 -5.7257173072310930E-01 -1.3795483822870739E-02  2.8680782893277819E+00
 -2.9822567047366046E+00 -5.1079298264620532E-01  1.1717727843065435E+00 -5.9506447056723144E-01 -1.3570236313623130E-01 -1.5128364262048408E+00
  5.8081673440253292E+00  7.9496882052871765E-01 -2.0329665719159085E+00  6.1778675998991628E-01  1.2285599315145310E-01  2.4336555725167734E+00
  5.6366544968192732E-02 -4.1387930872353357E-01 -1.5878245706086289E-01  1.0581813947891626E-01 -1.9600017827749514E-01 -1.8194257068485786E-01
 -5.1505773374628111E-02  8.3789192494945364E-01 -5.8791566895104785E-01  2.2422235386929715E-01  8.2362840472596885E-02  9.3856981452546862E-01
 -5.0150713997117291E-01  3.6038931087450283E+00  2.4005710418457001E-02  7.3680406855145689E-03 -3.4524569167545455E-02 -1.2981616623773906E+00
  7.1905030426918504E-01 -9.7187489344831270E+00 -2.0017231218904308E-02  5.6415568898749408E-02 -2.4234990434609908E-03  1.0574874805802752E-01
 -1.0650066327052700E-01 -7.8813574029087660E-02  5.4734976647365444E-02 -1.4892076376113875E-02 -1.4025764351493888E-01  2.4799635245659209E-02
  3.0102159179563652E-02 -7.2301232410062491E-02 -5.8350455332200589E-03  1.6602735389406903E-01 -8.5933981766661105E-01 -9.3930663203758258E-02
  1.2554216142115835E+00  1.3024104088859764E-01  4.7089792576490798E-02  6.7283582617946050E-02  4.0878667566356192E-02 -8.2331074074529498E-02
 -1.5164274267872230E-01  1.0657620180926820E-02 -6.6810438105233561E-01 -1.3785279108043622E+00  1.0962515982777568E+00  2.2690040303996781E+00
 -1.6712679872016092E-01  2.4442817971624492E-01  3.5556711227539679E-02  5.9458391803061750E-01  2.2850211671759527E-01  2.9888210929608597E-02
 -2.2175573761472989E+00  2.4865416160372403E-01 -9.6735034758452842E-01  1.7207407033062352E+00 -3.4647237742648059E-02  4.1511737943617772E+00
 -2.2633784635946226E+00 -2.9107716511799347E-01  1.3127763951427771E+00 -2.7525359137878143E+00  7.0499146637909224E-02 -6.9550778023692201E+00
  3.5771022244196526E-01  3.4136080564137106E-01 -2.1873600498500162E-01 -1.1272356239328736E-01 -5.0537187392169093E-02 -5.4582283795294909E-02
 -2.7353698236829799E-01 -2.5494631026207442E+00  2.9658157644657507E-01 -3.6616410995964721E-01 -3.5511050492009399E-01  3.2053093572948832E-01
  3.7155143549127462E-01 -2.5946284512289940E-02  6.8127777735361117E-01  4.3848939727162244E-03 -2.1120452976423923E-01 -4.2280513827079302E-01
  2.9446527134321321E-01  1.6964076203371392E-01  9.8015344859404469E-02 -9.7770920903501382E-03  2.4970519049634723E-01 -1.5637060652899382E+00
 -5.1960521300732095E-02  2.3159229874877276E-03  3.8659882317932842E-01 -2.0293681618344744E-01  9.2856382773426713E-02 -4.2890038630820643E-01
  4.3891919033653648E-01 -1.8104704597376144E-02  6.4168047393723587E-02  2.8607077116829066E-01 -8.9137280249240017E-02  6.2346544155505257E-01
 -1.4360525543406506E+00  6.0868537753250617E-03 -8.3423141171910339E-02 -5.5546615495703867E-02 -4.3702184343751518E-02 -6.2138229278382341E-02
  5.5061525646878098E-03 -7.8011604465822552E-03  1.3233993748743185E-02  7.2413359213479564E-02  9.4548692327931262E-03  1.1002413269195432E-02
 -4.3455816747366476E-02  2.2326128943768358E-03  7.2385647872873188E-02 -2.2845552707104049E+00 -7.9613527195443890E-03 -4.8560437033777579E-03
  1.5773573375112052E-02 -5.6324621739986799E-02 -4.2714772012083575E-02 -3.5605487166452611E-03 -3.6588880256198242E-01  8.7860425941212283E-01
  5.2210684956780140E-01  6.4441024549008449E-02 -3.4191514191107181E-01 -4.5828821902264755E-01  5.3472514332661836E-01 -2.0949023306291981E+00
 -7.5131562974519261E-01 -7.1320447934584696E-02  3.7168204262419957E-01  5.9970553327819554E-01 -2.3762083258593647E-01  1.5203744305611100E-01
  8.3215896489734539E-03  1.3301230346828530E-01 -1.8772274721106810E-01  1.3399661209398578E-01 -2.3405992433020478E-02 -1.8550399890691929E-01
  7.2305662542999050E-01  4.6784609000066764E-02 -9.0539452508727011E-02 -3.3772874626261107E-03  4.5916715183437776E-02 -5.1233737846680533E-02
  8.5243856778124613E-02  3.4716917476249450E-02  2.0576859604742365E-01 -1.7126896369073177E-01 -4.6285534696695649E-02  1.4229629536912867E-02
  7.4860091533474433E-03  3.0790804868212646E-01 -1.3128729354198398E-01 -4.3895537158724068E-01  7.4114412414189534E-02  2.3433431364011589E-03
 -5.5451733816531491E-02 -5.2097044794790257E-02 -9.5929937948037669E-02  1.3482478575915890E-01 -4.1454409208595451E-02  2.0904935101590076E-02
  8.8958360120184043E-03  3.4116612243259750E-02
ORDER     2 BLOCK     4
 -1.1088913444011486E+00 -4.6028641589581826E-01  4.9339396924591244E-02  1.2102107558085466E+00  8.3684288100351143E-03 -9.0131074359280117E-01
  1.6099916556264193E+00  1.3315323252474726E-01  1.3286236294438245E+00 -2.0182214714635842E+00  1.3631789619038872E+00 -7.1900174510649451E-01
 -5.2160560733245742E-01  6.9674656206751884E-01  4.0800613518680101E-01  1.7128827791575816E+00 -1.3621974608427247E+00  1.3530045863600419E+00
  2.9937346507171805E+00 -1.0325792424161634E-01 -6.9312094830381321E-01 -2.1397495613351158E+00 -1.9485612243110710E+00 -1.9262333518797117E+00
 -9.4850605149943856E-01  1.1779051336861093E+00 -1.8952099879752957E+00  4.7930999085420405E-03 -6.9193771018036243E-01 -2.7557311507748034E-01
  2.0923065678153177E+00 -1.7533594251476754E+00  2.8793186768856938E+00  1.3365536192939649E+00 -1.7970432732712813E+00  3.5779759821361656E-01
 -5.0203620718744868E-01 -1.2169773282829779E+00  2.5701022683862362E+00  4.3862363635913554E-01 -4.2760070776488723E-01  1.6443218336729890E+00
 -7.9365240370631374E-01  1.0861801315255968E+00  2.9046450703471266E-01 -2.7224584788810726E+00  7.0971245170716524E-01 -1.5802511745180778E+00
  2.5070832926010961E-01 -9.0724313230243980E-01  6.8321485651313474E-01  5.6641626845095017E-01  1.3794392720772577E-01  1.5224560905033226E+00
  3.8432141612730297E-01  1.7048652114089100E+00 -9.0713039655026662E-01 -6.5503130913442564E-01  6.5802742569186257E-01 -1.6761090884783194E+00
 -2.8265570548712915E-01  1.7918227274718879E-01  1.3389781781526302E+00  3.1236068628913999E-01  1.7229292302155044E+00  1.5258595104951392E-01
 -3.1741062541681503E-01  3.1519982116631490E-01  3.3578040359199618E-02 -1.5180130631671560E-01 -8.9199276655366810E-02 -8.7862490803064200E-02
  5.4395053841376206E-01 -4.7803052208782237E-01 -5.0418295558650114E-03  2.0335964828287872E-01  5.2147078267404272E-02  2.5289258488094263E-01
 -5.2110538255565120E-01  4.2829715457443790E-01  7.0433900829135518E-02  1.3272705227550533E-01  3.5880206582424967E-01 -2.5628609661972040E-02
 -5.6649684499903596E-01 -6.5728627410324467E-02 -3.5881872452286429E-01 -2.2954848027082672E-01 -8.4166083663975419E-02 -8.6039432921842397E-03
  4.7150593103514199E-04 -7.3078225084495696E-01  2.0008093480311337E-02 -1.1109119049241469E+00  6.2481989549492922E-01  8.0689157504115186E-04
  1.5660212290265128E+00  3.8018929231032432E+00  4.6911868270709016E+00  9.0464063925854461E+00 -3.0696217598539879E+00  3.5194452851608510E-01
  8.5075211258753358E-01 -1.2779512256156227E+01  2.1204772998124217E+00 -3.8850581857825983E-01 -1.0465675776206780E+00  1.3051089152294688E+00
 -2.5782533492291844E+00 -1.2981882369234851E-01 -1.6296895777033074E-01  3.1882500024139898E-01 -4.3016777808088822E+00 -1.6202263499038665E+00
 -1.5580367250103073E+00  5.1354330005497173E-01 -3.8402935717170789E-01 -6.7052116583890209E-02  6.0113857384654201E+00  2.7073079088932599E+00
  1.7274628661567744E+00 -5.9090680311012000E-01  8.4393216185859199E-01  1.1771677437454857E+00  6.2823332873340676E-01 -1.1566372855111052E-02
 -4.1656782380575513E-01  8.1010728261180109E-02  1.8594296879352154E-01 -4.7842360357382691E-01  1.0679567598690141E-01 -9.9570422211042597E-01
  1.2001334276486286E+00  7.1406846814988156E-02  6.7708626415005069E-01  4.1777575697529168E-01 -1.6429129673209830E+00 -1.1108716957878646E+00
 -5.4306591930193604E-01 -4.8707261824544512E-01  4.7181805830023404E-01 -4.9212163803215740E-02  1.0266493766802026E-01 -2.4157514165531695E+00
  2.5284613160354291E-01 -6.5991141477136084E-01 -5.9049639185958536E-01  7.3611733274338759E-02 -2.4088496366820727E-01 -1.7778715538754877E-01
 -5.1112416070501621E-01  1.6769199404951967E+00  8.8243555813683194E-01 -2.1159584085463920E-01 -1.1657595506806880E-01  2.3429033324037718E-01
  7.1519204605436892E-01 -2.8033587824175806E-02 -3.5448172286425977E-01 -1.8552988600512799E-02  3.0087039896171558E-01 -1.2290796497178025E-01
  1.7007206677575087E-01  2.0849332342536209E+00  2.7252783398512842E-01 -9.1229022407320537E-01  1.2362590801995399E-01 -1.4781014165304174E-01
  2.9260088760048059E-01 -1.2277997828680720E-01  6.6678532865477491E-01 -9.4505821647100051E-03  4.4271119368674713E-02  2.4724033542260085E-01
 -4.1032392575390497E-01  1.7891352735483632E-01 -2.1568727878684730E+00  2.6926370521629713E-03 -5.3980935586330617E-02  3.7904395588683637E-02
 -6.2959865541531101E-02 -9.5096102651308686E-03  2.2367041766901668E-02 -2.3436976702841016E-02 -2.6826809964851732E-03 -7.4241721802237412E-02
 -7.7591593387303232E-02 -2.3495090441615237E-02  7.6663815141687778E-03 -1.1974704708337804E-02  9.0142220614238378E-02 -9.6674942367719091E-02
  7.9287216570370056E-01  1.1894830570972574E-01 -1.9159131025197115E-01  1.4168192253226572E-01 -1.0480437204729129E+00 -1.4490154247960038E-01
  7.0399394018110806E-01  1.2572077444944776E-01  9.9476537447310526E-02  3.3471413365232593E-02 -8.4751043578616847E-02 -9.9013251579349745E-02
  1.9357157457390145E-01 -1.2745164642242533E-02  1.1519711815991191E-02  9.4947902074559820E-01  3.3706568315779634E-01  2.3252604674747164E-02
 -5.5349115017907702E-01 -1.2055839406933644E+00  3.4621219705854500E-01 -1.7215130905507603E-01  3.6788284491585682E-01  2.3788567466193775E-01
  2.2152487923347626E+00 -1.1863208952951555E-01 -9.8816079472065355E-01 -4.7758979014250075E-01  8.3754394283479649E-03  2.4781562648704358E-01
  7.0120869488327214E-02  7.6359576234640264E-02  2.2290239509684900E-01 -2.1925591314745354E+00  5.1026186764201320E-01 -3.8778876807135848E-01
  1.1309608046056812E+00 -2.3992737813868823E-02 -4.2209535745269794E-01  3.0398962781106733E+00 -6.9706049554349647E-01  6.5869519561430490E-01
 -2.0965048599476388E+00  1.8079598385938856E-02  1.0435038965711103E+00 -1.5600262499348940E+00 -2.5132814652009783E-02 -1.3808349079557858E-01
  1.6368051740113143E-01 -1.0039801597839815E-02 -2.1835229057356295E-01  6.1605644369609269E-01 -8.0336613928047862E-01  1.7164784858152324E-01
  1.1645936311699581E-01 -4.8396057573658480E-01 -2.5568883992389529E-01 -6.3641445857633983E-03  3.6310714378718956E-01 -2.1944689473386684E-02
  4.1734811617398182E-01 -1.0449174829226069E+00  9.9469305719065620E-02 -3.5819456787003703E+00 -7.0981432012329049E-01  1.4378277992255033E+00
  1.8462142506009908E-02 -1.6668182215674925E+00 -3.9523192813721586E-01 -3.0206136129121497E-01 -1.6929793898157605E-01 -5.9790017387382954E-01
 -1.4518387468264227E+00 -7.4861656721053813E-02 -3.6659945058247649E-02 -4.7326758899878349E-02 -8.6939927703225520E-02 -9.6983177085186320E-02
 -2.7756845199665930E-01  3.0700762459224790E-01 -1.3258349739903993E-01 -1.3595369811721292E-01 -2.2526180910023866E-01 -8.2375710956678061E-02
  2.6774450280725861E-02 -4.5843013707429309E-01  2.3215061544705512E-01  1.8456333035906308E-01  1.4689146641444133E+00  7.9546366129240514E-02
 -2.6879166440326570E-02  1.3930810574354658E-02  6.6155662439369997E-03 -2.4897263707805595E-02  2.0326590962569370E-02 -7.5051057790542913E-03
 -4.2087260278031646E-03  8.0234458296844276E-03 -1.5581598730342896E-02  2.4535865153280628E-02 -3.9836716381747218E-02  2.6553949481374035E-02
  4.7056660810614092E-03 -1.7604496258235405E+00 -8.6137212116193084E-03  1.5161538193431421E-02  1.6293691851695738E-01  2.4461368555149307E-01
 -2.1306757296370660E-01  2.9571103837164769E-02 -5.9096230619017101E-02  3.4534276010123266E+00 -1.6237074439986421E-01  3.5343087732787026E-01
 -1.8623666852390708E-01  2.4723274429603658E-02 -2.7518273205060843E-02 -9.7691009061622420E+00  2.0530574930762005E-01 -5.2265788138246105E-01
  2.5576371258042813E-01 -2.7225552824431790E-02  1.0545624010632514E-01 -5.3447263089312011E-02 -1.6712292545611640E-01  8.4924337150347029E-02
 -3.8011374270387283E-02  2.3398512905428260E-02  3.8474645463817403E-02 -4.2967850116977091E-01  1.0393633050517770E-02 -7.9328190371399270E-04
 -3.9770705165486926E-02  1.7986992074089796E+00  3.1435793333717509E-02 -3.9359723510046733E-02 -5.7024588963125088E-02  7.0963039060199129E-02
  1.1753417109320542E-01 -7.0363076196430438E-02  5.5399329111466847E-02  1.6479090617484041E-03  2.5207012915752565E-02 -1.3918373077413085E-01
 -5.6044143905766424E+00 -7.9654637060113664E-03  7.0223706119315185E-03  3.1586455399280577E-01  1.5351823110089382E+01  3.2328592969095182E-02
 -2.0777353141741714E-02  1.4622316529817483E-01 -5.1805275712009075E-02  5.9210103564437252E-03 -1.9924048247326062E-01  1.0702514796926768E-01
 -3.1844193065435658E+00  2.0841734077939843E-02 -3.1052007399325746E-02  2.8157459093017815E-02  6.2871466479370581E-04 -8.5312782353928862E-02
 -8.7233923809606290E-02 -8.7829969707958304E-03  7.3542268523941303E-03
ORDER     2 BLOCK     5
  4.1864038201784970E-01 -2.2047300230428644E-02  6.2188530327303415E-01 -2.3994084353263800E+00 -1.9365712383003708E+00 -1.1406063835471094E+00
 -1.2140381348769000E+00  1.6998649230236104E-01 -7.9591505795377460E-01 -2.9689642896514690E-01  1.9722071560843035E+00 -5.6714406649487958E-01
 -5.4923482266935574E-02  8.1322716137324183E-02  1.3165254672916515E-01 -1.5608187570890346E+00  3.8420676170745685E+00  1.5730835049629734E+00
  9.4618168507595946E-01 -7.3406064688357864E-01  1.2390081313681298E+00  1.9462399052300625E+00 -2.5477055967757818E+00  2.2567507219568421E+00
  2.9709451568585292E+00  1.0056321613917549E+00  2.5215937579861576E+00  5.2977768387016460E-03  3.4057675325412345E-01  1.0124954143683091E+00
 -6.4248631432923622E+00 -1.3887474338461341E+00 -4.4244303575552717E+00  1.8107644933882217E+00 -2.1142272807786178E+00  6.2772519528911230E-01
 -1.2461338742318910E-01 -4.4845445770175205E+00  2.7389265509550493E+00 -8.1010984095047378E-01 -3.8448582703320939E+00 -1.1246048552105714E+00
  1.0180501736703079E-01  9.4656389830468901E-01  5.4546817774295313E+00  1.2960627396997972E+00 -1.4663283860017984E-01 -1.6228075875074770E+00
 -1.2841683241337476E+00  6.9207221355963244E-01 -1.3050832321866146E+00  7.7478189183308932E-01  1.8572288868280389E+00  2.7392569389491245E-01
  1.0684587439779968E-01 -1.6700158208982343E+00  2.2639543441976184E+00 -1.1018791659661584E+00 -2.5857595393863884E+00 -1.8148799290926174E-01
 -1.6437714352389285E-01  7.0049808799234969E-01 -1.0968653857101149E+00  3.4850433741495213E-01  1.3563740394835344E+00 -7.4852953372200881E-02
 -2.8242554609882886E-01 -5.4199269381708870E-01 -4.7068556774104452E-02  4.1878863289662401E-02  1.3151846268004524E-01  2.7976537720253525E-01
  3.0614232361889304E-01  7.0629131760522290E-01  3.6787285998770451E-02 -5.5257040991737158E-02 -9.4024992529647314E-02 -4.0791502294317505E-01
  4.3656259554322735E-01 -2.0431782695108164E-01  4.1068259374881518E-02  4.7410847535120641E-02 -3.7144039955625519E-01  1.2748373794037601E-01
  4.2919429210632321E-01 -1.0891060975804236E-01 -1.9225205442102999E-01  1.0270041305648861E-02 -3.1700711794593966E-02 -5.5701306046177981E-03
 -3.6928824350549084E-04 -1.0896987510927152E+00 -7.8668445690651505E-03 -2.7433538796851971E+00  1.7221119049369242E+00 -1.9171183549988778E-02
  1.7744758914039160E+00 -1.5255638485787490E+00 -9.5725895594450827E-01 -2.9100329269834937E+00  2.2096090918606421E+00  2.4323654511225964E-01
  1.4228246454441276E-01  3.3930945662982279E+00 -2.6756679599465909E+00 -4.2383485478849281E-01 -3.2210251720485755E-01 -3.5283902623403507E-01
 -3.1392908860612950E-01  2.3670771249690967E-01 -1.0059565769070151E+00 -7.4099547737046576E+00  3.7388838584970654E+00 -2.7599023334350608E+00
  1.2161219290725276E+00  5.0940529775431231E-01  1.1659205315265428E+00  8.9973069909006220E+00 -3.8188106171503899E+00  3.9990616115674009E+00
 -9.9269558954714365E-01 -5.0346788852048086E-01 -9.3953517012429422E-01  8.4620999742668412E-01 -1.4614194858185625E+00  1.0236704208442926E+00
 -1.6780693738488231E-01  2.4358780203923924E-01 -8.5618841345396809E-02 -8.3793880751806404E-01 -5.7854790037665509E-03 -3.9959615700998680E-01
  4.9244905460056299E-01 -1.5893982186253557E+00 -5.9030208009735985E-01  6.2621586058638223E-01 -6.7679691098534256E-01  3.6325381630949503E+00
  4.5061001580323112E-01 -6.3900508169398418E-01 -4.4146821158475558E-01  5.7841070571552555E-01 -1.7005636184301948E-01  1.1403688135203016E+00
  1.6103162627566661E-03  1.1515095761354739E+00 -1.8262741453945852E-01 -5.1880556741642048E-01  7.5758260791636015E-02 -3.4672383999218914E-01
 -3.4693638930927514E-02  3.9863448480106300E-01  4.0492987597561930E-01  7.5740464513735473E-01 -5.3751956388379607E-01  3.2279517997457624E-01
 -6.0729130999753178E-01  1.0397462875105119E-01 -2.3551342907257281E-01 -6.2041316732456428E-02  1.8693766850986837E-01 -8.4342060227891605E-02
 -3.0477792891202060E-01 -1.5045372713697975E+00 -2.9122580021280986E+00  3.2133397630255396E+00  6.4600527247627215E-02  2.2594292102931918E-01
 -6.1014976335234183E-01  7.8479389745650108E-02 -7.5073053771657766E-02 -3.5125541162899565E-02 -2.7956067062698545E-02 -2.8205128569369081E-01
  7.5563793082443920E-01 -4.5969979428558391E-02 -9.4008840698164356E-03  3.4097653067015357E-02  2.5379311556636464E-02  1.0444934629460044E-01
 -8.3214375892461417E-02 -5.1388361473752253E-02  2.8943371766005626E-03  7.3825311083290917E-03 -1.1445364748787228E-02  2.2436904605067733E-02
 -3.0109804908964845E-02  3.2647165803373172E-02  6.0152775351930830E-02  8.1657193876572581E-02 -2.5476553016104231E-01  4.7892309340890844E-02
 -2.3868556052042765E-02 -1.2742678648777008E-02 -6.8503812553381638E-01 -3.3392507786872541E-02 -3.8128491493399128E-02  1.3208416931183457E-02
  2.3100845754586845E+00 -3.1963886579617351E-02  5.3232612558157331E-02  6.1929092298324369E-03 -1.0531992285967779E-02  1.2727579321544740E-02
 -5.8186124989422050E-02  2.9783989500838590E-02  1.3453379237167988E-02 -1.2341966551875991E+00 -3.9777761998370842E-01  3.5610833903431288E-01
  1.1925732004883203E+00  1.7085276177746964E+00 -1.0503597051333911E+00 -5.5408859964277890E-01 -2.4114175405342193E+00 -1.4004299896564185E-02
 -8.2692219210612627E-01  3.2521773302779129E-04 -5.0653332468388046E-01 -1.4335466828145396E-01  6.8672089858761207E-02 -2.8753435119792048E-01
  1.4047435995081595E-01  3.5685448147203612E-02 -3.7378494182672095E-01 -3.9687715979798061E-01 -1.2640051296855876E-02 -2.7040018041399383E-01
  5.1983932255728826E-01  9.6329307276931134E-02 -3.4484553092217346E-01  5.2582676102833648E-01  1.4027019904816453E-02  4.4221294957640206E-01
 -1.3193184459632101E+00 -1.1604425951642146E-01 -1.9531861550772966E-01 -3.3993067040370134E-01  4.5639338403074173E-02 -1.0893707354911019E-05
 -1.7590656218182291E-02 -1.3651296008645775E-02  2.7098142790606022E-01 -2.1327372687220300E-01 -2.5976562418410493E-01  1.0170470740093851E-03
  1.5043626485772982E-01 -1.1965404768769632E-01 -6.9312847106425393E-02  4.3240201767096760E-03 -1.9278971227061823E-02 -2.8636989315368412E-03
  1.9215122918767018E+00  1.1151350242745273E+00 -2.3541959936852022E-01 -8.4904454414221142E-01 -2.7563900525574936E+00 -1.4112527528379391E+00
  1.8678131006063717E-01 -8.3958851845031623E-01  9.8450574043685832E-02 -6.5765526105113448E-01  5.4245564460146480E-02 -1.5685029504469505E-01
  8.6949431651182207E-01  4.1795346323731114E-01  2.9421676452938633E-01 -3.3264248983046113E-02  4.9607097868922512E-01  4.0641919555426821E-02
  7.8156298586907189E-02  1.7078684706853409E-01 -2.7360254529538586E-01  1.2515296232944126E-01  1.9145893814732982E+00 -1.9380110008530238E-02
 -2.3461538257989530E-02 -2.3425161955839818E-01  3.4367022665300279E-01 -1.8921143819627789E-01 -7.9367821424890801E+00  1.5218214430184829E-02
  2.4485824071409829E-02 -2.2097071492787643E-02  4.7905720837958514E-02 -7.4733679192300981E-03  1.1762518389640467E-02 -1.4958696940781467E-02
 -2.6583830983635073E-03  5.3657458191343446E-02 -7.0875373425485347E-02 -1.2141029517228114E-02  3.9427043202240044E-03  4.9281289958643115E-02
 -1.5388579861919852E-01 -5.5265836263374857E-01 -5.1238541716376604E-03 -2.4247982858031088E-03 -1.0259746603682081E-03 -1.0305891971287486E-02
  6.0419922481263523E-03 -2.6603999575563306E-03 -3.7168231316579958E-01  9.4122479353059472E+00 -8.0535447164185467E-02  2.5266231455276750E-01
  5.9004471499692450E-02  1.4790984851531833E-01  5.0049751978423085E-01 -2.5800567022690611E+01  7.7375252945089568E-02 -3.5381042416259073E-01
 -7.6000201421651550E-02 -1.7486324462351033E-01 -1.6602051731918546E-01 -3.1866849288351456E-01  4.5482832858125577E-01  4.7449515103526969E-02
 -6.7509747470591006E-02 -1.3228365912188251E-02 -8.0120813321201082E-03 -6.7750810940131789E-01  1.7234746127623699E-01 -3.1252281328135019E-02
 -1.1822033939987847E-01  6.2137137797250963E+00  2.3530831028145453E-02  3.9055786606523057E-03  3.3013288336111962E-03  1.0113211251432051E-02
  2.0565845418683971E-03  6.3145499990409264E-03  5.6564084076288948E-02 -9.8563086428678898E-04 -6.8991168811666139E-03 -6.5692239318861212E-01
  2.5424165004095656E+00  1.7222168401443674E-01  2.7228146540470155E-01  9.3001597391265878E-01 -6.6837052605216591E+00 -2.0354943625657321E-01
 -4.7982253913972384E-01 -7.0571552445055294E-02  5.1383592029622338E-01 -2.7121468057867706E-02 -5.1476725530184364E-01 -1.9633705039787669E-01
  1.3054657441844242E+00 -8.8079174500144394E-02 -1.7415315053369494E-02  7.4494422785100836E-03  1.2943235348855756E-02  9.6086003219898984E-03
 -1.0309428310023049E-01  1.6990100712780370E-02  7.2687416648517097E-03
ORDER     2 BLOCK     6
 -5.4258390958477865E-01  6.5025375300807919E-01  9.9264918642099387E-01 -3.9123799779789203E-01  3.1002897904758941E-01  1.4793945472944256E-02
 -5.0019261269127657E-01  2.5128710819405722E-04  1.4083286250836737E-02 -9.7402946105439696E-03 -1.9667784978362666E-02 -1.2828545272493361E-03
  4.5770107794951154E-03  2.0055357787673433E-03 -8.6150877681381353E+00 -4.9858705461536723E-01  1.1080430388512591E+01  1.2330452384268653E+00
  5.6250745210025355E-01 -7.1540779763495466E-01 -3.2873475821189724E-01  9.6798403744058223E+00  5.3788579116659649E+00 -4.4732407049848186E+00
  1.2005481840166006E+00  3.7818665550202968E-02 -3.4407394808466374E-01 -1.3533207499307583E+01 -8.0135954348438503E+00  7.6871657673847071E+00
 -2.7794732242764884E+00 -7.2068555055118066E-01  3.4724484501598729E-01 -7.1669747793875849E-01  3.6043446902462545E-01 -1.1600336778129492E+00
  3.2482877936766852E-01 -8.7982401075103489E-01  1.3186725737477034E-02  1.0107690676720558E+00  1.9163912612196912E+00 -1.3855963351257532E-02
 -1.4807624432341842E+00 -3.6040640187899248E-01 -1.3292081624191039E+00 -5.9512040729450555E-01 -6.1631924590414855E-01 -1.0277574426304455E-02
 -3.3877350391060652E+00  2.0530569379662174E+00  5.5146218768115107E-01  1.1514632751227277E-02  6.4127898350573769E-04 -5.2061918725869689E-02
 -3.8467417839819766E-02 -1.6675619107345108E-01 -1.9018923987372982E-01 -7.5874273353639027E-02  4.4543724228160375E-01  5.8648549882825644E-03
  2.7595417205317724E-01  4.2464288144524870E-01  2.0437503087767955E-01 -3.7143967323234139E-01 -2.2789149004290986E-02 -1.8318086175272237E-05
 -1.5538585965569177E-01  4.5127960485983470E-03 -1.3660365728482970E-01 -4.1204510821446289E-01  2.9219177040059642E-04 -1.2216810152324237E-01
  4.0242794470355009E-01  7.8770602176864712E-01 -1.2355518017480989E-01
ORDER     2 BLOCK     7
 -3.0096001716849057E+00  5.8949729060022698E+00 -7.0570951320380049E-03  1.3049665636982499E+00  4.1328006048745127E+00 -8.3101267059472264E+00
 -2.7897191402456112E-01 -1.8272848570862663E+00  3.4368588546814077E-01 -3.8819975484025648E-01 -5.0165958251773368E-01  2.8709956351634534E-03
  9.3361288850968439E-03 -1.2019778381150405E-02  1.2535622410849696E-02  1.0683026506450238E-02 -1.2031890191768521E-02  2.4482541801528389E-02
 -2.2375269809422629E-02 -2.6126145902755984E-02  2.6897373182951555E-02  5.3127474334091129E-03 -6.3715232123298016E-01  1.9293828260425134E+00
  8.2949991862812344E-01 -2.6246170963456339E+00  4.5711760264815426E-01 -2.7520848342181070E+00 -1.7446471383139233E+00  3.7863877519963496E+00
 -5.5915907981234536E-01  2.7128224051547210E+00 -2.8768330380144697E-01 -1.3171896476895031E+00 -4.1605233589920978E+00  5.8690583200377731E+00
 -1.2700794604874610E+00  3.5804461788255693E-02  8.0666061496965014E-01  1.9216951964310285E+00  5.9418368499769674E+00 -7.2695572635747396E+00
  2.4443501075389729E+00  1.7916123684122981E-01 -2.0232904097374105E+00  8.8475069484055435E-01 -2.0827707014565000E+00 -1.1220962234416001E+00
 -6.8144915241979950E-02  4.6748159938115080E-01 -2.5695916326462576E-01 -2.1877836365140899E+00  2.6520747901473022E-02 -1.9383929614967382E-01
  5.8996755933901923E-01  1.0216278696276944E+00  1.2590319772741658E-02  5.6826923651282124E-01  9.3858454955218651E-01 -5.5537764717712057E-01
  1.3032759414597690E+00  1.1704252250850313E-02  7.0549103430463922E-01  1.3514733837892745E+00 -7.3510829811549128E-01  7.5631545477992295E-03
 -4.2582661643834235E-01 -1.1035500110286833E-01  6.6071518509142368E-01 -5.4318084189977703E-02  1.3881677020294850E-04 -2.4045689299699378E-02
  8.8753069314306321E-02  8.9139016685154643E-02  6.3009425076983386E-02  1.3318262454612311E-03 -6.7056216128730431E-02  1.2901140239805953E-01
  2.7589636565869130E-02  9.1526846214267377E-03 -1.8281246938696194E-01  1.5853864827471531E-01  2.7108124930915861E-01 -3.7380230858185350E-03
  1.0719371695961950E-01  3.1499644822408307E-01  8.7043377493891474E-03  3.7688788660509503E-01  8.1910478048236209E-03  8.0208401843504706E-01
 -3.5957111311194295E-01  1.5650503393383832E-02  4.7617776619156098E-04  4.1555130425089827E-02 -7.2894050926567144E-03 -1.0265296782251852E-02
 -1.6133903995712565E-01  1.3199240949379083E-03 -1.0273004615349142E-01  4.5563759382792099E-02 -2.5164765563883473E-02  1.8459557946475541E-01
 -2.4751045309943012E-03  1.2588259974226076E-01 -6.2899993594037973E-02
ORDER     2 BLOCK     8
 -2.8669878448951511E+00 -2.6826852449033184E-01 -6.0740074935671737E+00 -1.7486918801721170E+00  7.3463588918900091E-01  3.6892186403922587E+00
  3.6308360531965533E+00  1.8424646456514182E+00 -1.4824545721314533E-01  2.7588144176786789E+00 -9.1793823632587457E-01 -1.0477293174433867E-01
  1.7181233646423033E-01  1.1349406531004491E+00  2.7555703244247465E-01  7.8343922381154334E+00 -1.7223121574674913E+00 -5.3285153748940841E+00
 -7.0612150997145164E+00  6.8027057269050708E+00  3.2148836887505450E-01 -4.7846013922116946E+00  1.1953062242951344E+00 -8.4898538177378207E+00
  8.1467519900216712E-01 -2.6867323865042865E+00 -8.5903795975037642E+00  3.0285645736972400E-01  2.5083557675098228E-01  5.5348687625265858E-01
  7.4502861826196087E-01  3.8820237164968328E+00  1.0879938142163288E+01 -4.3462406550395416E+00  1.1966476005271667E+00 -1.0031546946976914E-02
  5.1278513804111144E-02  1.0525776301678393E+01 -1.5828636939505312E+00 -3.9965284778950333E-01  6.5601864510078709E+00 -1.1011910202914241E+00
  6.1100528314350955E-01 -4.9699368498125768E-01 -9.1104629094342187E+00  1.9959785061722548E+00 -4.8974969027201870E-01  1.1027662542543328E+00
  7.1228637018952634E-01  1.3243066620492885E+00 -2.9867775786842117E+00 -1.1638160210802282E+00 -1.5505089581039047E+00 -7.0088717346780427E-01
  1.6464796296494960E-01 -1.0435242126358155E+00  3.7515179344391059E+00  1.4358359576983222E+00  4.1891934249856178E+00  7.6435397535431682E-01
 -1.6808398753659537E-01 -1.4791901705719102E-01  2.8639908554737353E-01 -4.2579985594389896E-01 -2.4150837568117294E+00 -2.2146409977790316E+00
  2.1998229722215599E+00  8.2813873231948743E-01 -1.6370875018996847E-01  8.4066480382502556E-02 -5.0647882299198733E-02  2.7421865629688549E+00
 -2.8255547513365924E+00 -1.1490255676259393E+00 -7.2463590958063900E-02 -6.7586578962455846E-02  1.8007604106436675E-02 -3.4140862257964942E-02
  3.3400871572482921E-01  8.5026681657921446E-02 -2.4587123351272727E-01  9.5920313449263286E-02 -1.1559441495907203E+00 -2.6832731258052278E-01
  1.8602138187418844E+00  2.0932315699808612E-01 -5.6589294259275578E-02  1.2867131961203451E-01  6.0785424940749261E-02 -3.1508962423375211E-02
 -6.8710069849418632E-05 -3.4062926395235898E-01 -1.6395530649173786E-02 -1.4385836508472778E+00 -4.6000304900976428E+00  6.7717231705384318E-03
 -4.7923501547596148E-01 -1.4070369430178621E+01 -6.7491512231635342E+00 -3.2094076109001340E-01 -4.6844975379272427E+00  2.5529342053311016E-01
 -8.0503330014620589E-01  1.0971696309653129E+00  6.8907000651691481E+00 -1.3969431412179159E-01  8.1027167439021575E-01 -1.0479982914619945E+00
  1.8853514872596249E+00 -2.5923214375986786E-01  2.4382827770842883E-01  1.5549804935720852E+01 -7.8304949232591294E+00 -3.5117020595138642E+00
  6.1632908678956788E-01 -7.4131744420727153E-01  8.9959990115308072E-02 -2.0570209541751304E+01  9.5841808660424590E+00  5.0999174259537980E+00
 -1.0830568310081541E+00  3.5094853089149397E-01  1.0073257972148866E-01 -4.1618627292744703E-01  1.8222893776374405E-01 -1.3228294757142065E+00
 -1.0852962900222590E-01 -8.7152141670961511E-02 -4.3015522519438874E-02 -5.5296727758069104E-02 -2.0252489918471922E-01  8.7402790176761902E-01
 -2.1991318180503612E+00 -2.7061740470618503E+00  1.1226042073426361E+00 -3.2178367289817256E-01  2.7268745849576113E+00  5.9185634693712181E+00
 -2.4908841844402274E+00  3.7036476024479331E-01 -1.2987958113772796E-01 -5.8134461171857499E-01  1.1574167309990809E-01 -6.5848096480448948E-01
 -6.9856997131168286E-01 -2.9264117304912380E+00  5.9624209512700965E-01 -5.2379377202537525E-01 -1.0814406939830516E+00  6.5916786323501386E-01
 -1.7400491237118105E+00  7.1864464805012496E+00 -9.8157616065164299E-01  4.0145106333349040E-01  2.7092100093823244E+00 -5.7428195254486358E-01
  2.1659152775637507E+00  5.4198763379790682E-01  7.2806935369571191E-01 -7.2438081062146553E-01 -8.2035151410886153E-01  6.3371288006688198E-01
  8.5596847787796651E-02  1.7359604424953181E+00  4.4818268702542534E+00 -3.3295432548868793E+00 -4.0195044835206523E-01 -1.0543403663414646E+00
  8.8826571361764384E-01 -9.1048884687250553E-01 -1.3166079156293772E-01  4.9814006537605482E-02 -2.9117472744270349E-02  1.5448309833274856E+00
 -1.1557965205059024E+00  1.2776211279448957E+00  6.3892083897958640E-01 -9.9195809109955180E-02  2.7882004347135250E-02  1.7080203257838225E-02
  9.9902564281129105E-02 -5.3753059004325518E-02 -2.5640312206815664E-02  5.6454854735237703E-02  2.3489992286296370E-02 -3.0912192583955251E-03
  4.7703111251896337E-02 -1.1700665855106654E-01 -1.6131879489028156E-01 -1.9984735901020076E-01  2.5483851243451089E-01  9.3894617278280690E-02
  1.0168981311184534E-02 -2.1565040557531289E-02  1.7440878019821431E+00 -3.9302779011697941E-01 -1.2650995707010388E-02 -3.0902017170900527E-02
 -4.5966032326157711E+00  1.6355855364114106E-02 -1.4145477266755430E-01  3.9231007982049489E-02  1.4016156078149860E-02 -3.3017728804579420E-02
  3.4430428455733422E-02 -1.3208582138393110E-01 -2.8266725545713200E-02  1.3002074728957125E+00  7.4605632098871644E-01 -1.6897987191015457E-01
 -1.4498040149397670E-01 -1.7485226260219615E+00 -3.3166858197203003E-01  1.6588254718186565E-01  1.2932471852008617E-01  7.3463257979433830E-02
 -1.1086805625191796E+00 -2.7439808418254330E-02  8.6403183446664555E-01 -4.0441927344846190E-01 -5.0723724179413276E-01  2.8696307945728933E-01
  9.5950219143329629E-02  3.3003575618516613E-02 -2.9112562583594759E-01  1.6564682687361547E+00 -1.2307669008107780E+00  2.6318866640923755E-01
 -8.4271631430721339E-01 -1.3282536256467151E-01 -8.0953772780716482E-01 -2.3243048594889171E+00  1.6742863063774553E+00 -2.0940754783649915E-01
  1.7193127493713729E+00  1.4153192026808234E-01  9.9486561301071474E-01 -1.0106310821294782E-01  7.9108308790267520E-02 -1.2786715608674046E-01
  1.1994801284398580E-01 -1.9159551430942282E-02 -6.4134343681186298E-02  1.0183184219090364E+00 -6.4020656009948507E-01 -3.4496375360387727E-01
 -3.1497998619112816E-01  4.6243414989991116E-01  2.2490396108397953E-01 -1.0108180516027608E-01  2.3818173737843765E-01  1.1631767076224493E-02
 -2.3095413656679806E+00 -1.0357126358045386E-01  3.2656758314378344E-02 -3.8971778867671814E-01  2.8411283299095338E+00  1.6352279664679589E-01
 -4.2531772242649410E-02  2.0697493570015615E+00  4.8559937947101617E-01 -5.4021788053675822E-03  2.5750838421513744E-01 -1.3396429518779923E-01
 -9.3042431725203900E-01 -3.3050980116487427E-01 -7.3547740882239887E-01  1.1770013447483732E-01 -4.1285569565679336E-01  2.1936530143253541E-01
 -4.4612518290112496E-01 -2.6410305238231546E-01  4.8013043421228302E-01  1.1461778101016103E-01 -1.8875387724451613E+00  1.4496384070893339E-01
 -2.0393345952359296E-02  3.1038759570015978E-01 -6.0671702160275820E-01 -1.8993736206835315E-01  6.9992037352646950E+00 -1.2369117400394718E-01
  2.1177830033714436E-02  4.1625630371326765E-03  1.0634556403762346E-01  2.2622001457534395E-02 -4.4694449928842396E-02  8.5477123933836250E-03
 -9.3382394294213994E-03 -3.5198799753261262E-01  2.6890476496479554E-01  1.8265908708561887E-01 -6.9806459290948884E-03 -1.1050075254523178E-01
  1.6039166593842547E-01  8.0873925427873361E-01 -6.0194625529606666E-03 -1.3510491792737143E-02 -7.7466901327459078E-02 -5.9196415766083532E-02
  5.1041865344168685E-02 -2.2046686036146308E-02  3.3275427134180280E-01  8.7271441988137644E-01 -1.3942262701532257E-01  6.1188899759461124E-01
  2.2437022526901404E-01 -1.6148350593908919E-01 -3.9641395340195579E-01 -2.5823880976932241E+00  1.9333943147252095E-01 -1.0280163851729482E+00
 -2.6665964325000807E-01  1.7675559797613138E-01  1.0682136466812433E+00 -6.2448371928878449E-02 -8.2331475690125125E-02  4.8068806201379766E-02
  2.8677839710588425E-02 -1.7288469124970150E-02 -3.2481460863112926E-01  3.6890259549219769E-02  3.3964619440215019E-02 -7.5782886327267734E-02
  1.3544672104454245E-01  4.4845465409043159E+00  4.9489737194282152E-02 -4.6984969713729598E-02  7.3863699267841837E-02 -3.4148457352400879E-02
  7.6733038625332178E-03 -1.2993163090729811E-02 -3.0908607483736050E-01 -9.1163031409081836E-03 -1.5179735288125254E-02  3.2526069154637266E-01
  3.3848161415513678E+00 -3.8594826767042406E-01  9.0652563202088352E-02 -6.2146200941786656E-01 -9.1434563873402386E+00  5.6514544864791250E-01
 -6.6863927354970126E-02 -3.0881602848630646E-01  1.4002425828203581E-02 -7.2852249457175999E-02  1.0421360950419618E-01 -2.8849693552500866E-01
  2.4740403264585034E+00  6.3460871249288203E-02 -1.1353112068869144E-01 -7.8215114018090545E-03 -1.0349921219883000E-01  1.5010727296774623E-01
  7.7582322655615488E-02 -4.5343084090566227E-03 -3.9081698728355527E-02
ORDER     2 BLOCK     9
 -7.8319726861227279E-01  6.9655544467064390E+00  3.1873669735675947E-01  2.2680919624656570E+00  2.5397242076257860E+00  4.8851579265478784E-01
  2.2417470320911823E+00 -2.5746164078132510E+00  8.9216870685326544E-01 -2.1510641983493830E+00 -8.5890809720607066E+00 -1.8358846453184809E+00
  3.2356038188125829E+00 -4.4936252166362030E+00 -5.8021729793359329E+00 -5.6772078883030046E+00  7.3563389309029104E+00  6.0567911821696407E-01
 -1.3156270217834602E+00 -1.9165036247798367E-01  7.4740002531933969E-02 -8.7320826573071345E-02  3.3285115668100120E+00 -6.1135694821702469E-01
  1.9443861405829248E+00 -4.1437476267609585E-01 -5.3091604064024773E+00  5.3825056659981882E+00  1.0612106856986101E+01 -5.1319206311321572E+00
 -1.7815515443267640E+00  3.1533980099860148E-01  2.2420773618870609E+00 -5.0117279094711376E-01  3.2831434339329406E+00  1.6780845336460943E+00
 -3.4363946230781761E+00  2.5989043696729996E-01  2.0740253806333125E-01 -8.5075029854598894E-01 -4.4918022485447047E+00 -2.3144220871126464E+00
  5.0160608249122358E+00  3.0125009035642458E-01 -4.6276486765469999E-01  5.7340945794283882E-01  1.3586766486514229E-01 -2.5200228235907268E-01
  7.6356513820714600E-01  2.1915328012660718E-01 -2.1614950138287021E+00  1.6767755467286191E-01 -1.6912405848126169E-01 -3.9156850910242519E-01
 -8.0042353567170565E-01 -1.3353936916083126E-01  3.6519584244103518E+00 -2.0830928969710372E-01  1.9318351588617594E-01  9.2570627707692088E-01
 -4.1766166055721483E-02 -2.8986358319419270E-01 -1.1584420125995244E-01  3.3931121199105019E-02  5.9493288716637549E-01 -3.6758373467426679E+00
  1.9950727849594688E-01  9.3353494665347758E-02 -9.0935996976068523E-01  4.9545152704763478E+00 -2.2984390886626602E-01 -1.8816287489069247E-01
 -3.3083490185560371E-01 -2.3125174109331062E-01  1.0133175378585497E-01  7.1071896830614500E-01  6.2975703284221243E-03 -3.6064725042616785E-01
  7.8427461794234810E-01  3.1807595681307519E+00  7.7076550030264979E-01 -3.9833537516189055E+00 -1.1740376570692237E+00  1.4208974260131460E-01
  6.9652634184315179E-02 -3.7126421465430837E-01 -1.8372423351845357E+00 -2.5674221100477634E+00  1.1629361298631851E+00 -5.9215653446454374E-02
 -1.1682558477160243E+00 -6.1947654586703149E-01  2.3637952504696695E+00  3.5423219601700375E+00 -1.1057085402519700E+00 -4.9863234765186282E-01
  1.0214270413036093E+00 -5.5671646318840051E-01 -3.6478149010521299E-01  1.6718673575340826E-01 -1.2917935566932599E+00  3.5694250011122997E-01
  2.6396211338096309E-01  2.1918259684848486E-02  2.8089256135593438E-01 -1.1840687117846800E+00  4.7740679072091456E+00 -1.4620070403394183E+00
 -6.4588605511736485E+00  1.3659049271347603E+00 -1.0668744728372770E+00 -1.3336440803104674E-01 -1.3547703868704346E+00 -1.7772038669914328E-01
 -1.8977589150668446E+00 -2.2213138082655259E+00  2.5107507649663185E+00 -1.2382552393452151E+00 -4.1813119583745395E-01  4.2153239938306353E-01
  2.6586819538002744E+00  3.1666035611951702E+00 -2.7915316493512790E+00  1.2543290913453644E+00  1.8108157395865671E-01 -1.1711416308718572E+00
 -5.3467026554961694E-01  5.2388456158721641E-01 -4.1424407634736071E-01  4.9156192830890039E-01 -1.0573051321674286E-01 -3.9076240816934373E-02
  1.5550203437072825E+00 -7.2984323899960135E-01  9.0993799465924077E-02  9.8095169840786756E-01  8.7842765980503568E-01  7.7027267540601863E-01
 -3.1376041352207207E-01  4.5321557653866307E-01  3.8367241583002719E-02 -1.9894501421621524E-01 -1.1562050452935415E+00 -1.0185460766365821E+00
  3.4436152223542571E-01 -1.7076812723287467E+00 -3.1000926562846913E-02  2.6745183847901577E-01  7.0637139949515912E-02 -3.2381823887948399E-02
 -1.8456529111439850E-02 -1.9496740884136953E-02 -2.5784371084882442E-02 -3.9477421663428575E-02  1.6013744483805957E-02 -2.1669117610548162E-02
  9.9423655242762365E-02 -1.4046387557479251E-01  2.2565300671356414E-01  2.7267477868410017E-01 -2.4612469955765501E-01 -4.5036412781412648E-02
  1.5161601935683175E-01  2.7427521154914182E-02 -7.6475664084651090E-02 -3.4801530049552012E-02 -4.1354715448697670E-02  1.5066064389769948E-01
 -2.2428221483642302E-01  4.8702248087510100E-03 -2.8655072887944383E-01  1.7044179386294467E-01  3.7801909521699401E-01 -2.9311871290237368E-01
  1.2149969228010449E+00 -1.1121222742183844E-01 -2.4078333376476465E-02  1.4095572584301236E-01 -1.3451941162552955E-01  1.2515244311129452E-02
  2.0859852760407827E+00 -1.0435305079559303E+00  1.3789785587964412E+00 -9.6720838794077474E-02  7.0529781632993682E-01  3.2816411655998654E+00
  6.8586238430353497E-02  1.4753893754224461E+00 -1.9098423519439844E+00  1.8834800599204263E-01 -1.6641584261745264E+00 -5.3442454711075955E+00
  2.8738465034749267E-01 -1.2883578668734235E+00  6.5716913108086597E-02  1.5954570114185251E-01 -5.0701874699455168E-02  7.5517894938061561E-02
  6.5670923300437556E-01 -1.3256179584790262E+00 -1.6513768535080389E-01  2.8230774151425980E-01 -2.2938658045043628E-01 -2.3874190182573188E-01
 -2.4810394462529550E-01 -7.9098031612975517E-03  5.0546365136630489E-01  6.2289611364759615E-03 -2.8918161721732483E-01 -2.1614421219118485E-01
 -1.0740395836626408E-01  3.1069001009086816E-01  1.1325393476105078E-01 -5.8001000520481620E-02 -1.2720703200439759E-01  2.7229424293847337E-01
 -4.5555192304535297E-01  1.7408474126791543E-02  2.9384926285887364E-01  7.9212022665086967E-01 -1.3416649796237443E-01  2.7609177117746675E-01
  1.0395184007653495E-01  1.9531956127351646E-02 -6.8443325343989003E-02 -1.1269050073385714E+00  1.5575119888392222E-01 -2.7616222384464684E-01
 -1.9734516056062765E+00 -2.0023418738169489E-02  5.9991791570402860E-02 -1.4527827259522039E-02  7.3637824050723194E-02 -4.8600269284324663E-02
 -8.9761506836203153E-03  8.4006800950907814E-03  1.7727316019758011E-02 -6.7951828755422744E-03  5.1460885309447597E-02  1.5764555351888587E-01
  1.4262930638257432E-01  1.5490333259084008E-01 -8.6400228726542155E-02 -1.4886364537428696E+00  1.7337501538090761E-02 -3.0226543461857752E-02
  3.6233001854793036E-02  2.3131725342540765E-01 -2.5024802113214208E-02 -3.2483239650070210E-02 -1.3840222811963993E-01  1.9937478335732954E+00
  1.0428883256113823E+00 -2.0032419254560510E-01  8.1445443276194351E-02  1.0565545603121834E-01  1.4312945482562245E-01 -6.1408468690108933E+00
 -1.5277296825427171E+00  2.8783965709244058E-01 -8.4374973254428609E-02 -2.6993085044485760E-01  3.5395020568396490E-01  4.5626138995053557E-02
 -8.3381559883645895E-01  2.2421600111801474E-02  7.0137809959069985E-02 -1.3669393062737950E-02  2.8444271550802241E-01 -1.3071308190514458E-01
 -1.1273487399493981E-01  1.0125304799079882E-01 -1.0539994193206834E-01  2.6094836022082353E+00  2.1730208802599313E-03 -4.0606007761937131E-02
 -1.4820355997331919E-02  1.6822543753412630E-02  1.3472189316054832E-02  1.2319959286229032E-01  1.4257883524806558E-02 -8.2798380831848890E-03
 -7.4032721837537688E-02  8.4381850857913099E-01  2.2572009443201763E-01 -1.0820899808202620E+00 -2.6163215153984304E-01 -6.3371762762072029E-02
  1.7086185862148322E-02 -2.2297693303286095E-03  3.0569297156328690E-01  2.7786990094228803E-01 -1.0032100217316592E-02 -2.1836625782631932E-03
 -1.3337621041205288E-02  7.1483693106715752E-03
ORDER     2 BLOCK    10
  4.7558743414048849E-01 -1.5250816212079652E+00  2.3216023860554053E-01  1.4374273022065759E-01  3.4384352239583764E+00  1.4514015256535229E+00
 -2.5459753754000420E+00 -1.3842248272230377E+00 -5.1210287253500864E-01  1.4787781610417543E+00  1.8537978307737746E+00  1.3499967400539294E+00
  8.6636371739498663E-01 -7.3033280996244584E-03  1.4879108259613041E+00  2.8242223230851606E+00 -7.4001104773113395E+00 -1.8481787751871555E+00
 -1.8303950216100613E+00  1.1215898892566185E+00 -1.2964633110597260E-01  2.2615102535983076E+00 -2.5922913739601690E+00 -6.8335884272364797E+00
 -5.5489460557878889E+00 -2.7632002290171824E+00  3.2919119307252065E+00 -3.1102966781582225E-01  2.9761526455206716E-01 -1.7552560355724836E+00
  1.1477334409114412E+01  3.6497937036197872E+00 -1.1203491468166720E+00 -3.3473949556588187E+00 -2.4717568463032160E+00 -1.7261716619750631E+00
  1.9522173579571489E-01  4.9325976944283214E+00  3.4510855594374044E+00  2.2861726597752168E+00 -1.8257445504790946E+00  1.7328198216043514E-01
 -5.6527622142291278E-01 -1.5251731783173781E+00  2.6715156370941378E+00 -7.9998746594792514E-01  8.6811352015488330E-01  3.0494686001168043E+00
  2.5411232026639419E-01 -1.7536798964803906E+00 -5.6347066004177626E-01  1.5222584752154862E+00 -5.1794420564805710E-01  2.8169842843929055E-01
  1.1523857689618117E-01  2.5825811411355564E+00  1.2797868885206902E+00 -1.9138330891507702E+00 -1.1492716395525424E+00 -6.1919403933084594E-01
  4.5879147789355902E-02 -3.0877056903754361E-03  6.3595703354328925E-01  8.0812475521593619E-01  9.5087801783200321E-01  1.0432620564149031E+00
 -8.4865322405109322E-01 -1.1497036533090624E-01 -1.6099465388565812E-01 -1.7844124596311361E-01 -6.9124645112806651E-02 -1.2345660827271605E+00
  9.4779540910408033E-01 -1.1615188772093289E-01  3.5182973778070653E-01  1.6559250190750088E-01  9.1752736722672673E-02  1.2228504249604349E-01
 -4.2373277261122652E-02  1.6368085644869632E-01  1.3027426721610039E-01  2.3935633310613550E-02  6.8504687684438603E-01 -2.6810538476912959E-02
 -1.0671682801824680E+00  8.1356405358745262E-02  7.1275674286021148E-02 -2.1815600550806638E-01  1.4472471529382828E-02  2.3973417355453688E-02
  3.8091821185003768E-04  1.1596351675226948E+00  1.6309416581205053E-02  7.9733969430483032E-01  1.9433184134667454E+00  3.8627233327613989E-03
  1.3122022871489896E+00  6.4297601600483834E+00  4.1010372649238924E+00 -7.1639973643691512E-01  1.5868859410313614E+00 -1.0348150010765660E+00
 -9.4646991119632498E-02  4.1404975077893447E-01 -3.0845412365592431E+00  1.4607645975707657E+00  7.8679494976549935E-01  7.6775120325719814E-01
 -1.1803916611734295E+00  2.6014731523500584E-01  7.6487173500525174E-01 -6.3042852912694833E+00  5.0808171487622922E-01  3.5726139374089207E+00
  4.7603096882485763E-01 -4.4513798402509286E-01  1.1178880885501574E-01  8.9824847567908410E+00  1.3026361409939075E-01 -4.5107693847430248E+00
 -4.1599502919902398E-01  7.5746672334949006E-01  5.8470764715798734E-02  1.4511910427311545E-01 -9.1727698164636029E-01  1.0545491284062627E-01
  1.5540191036723841E-01  1.8963137037825137E-01  2.2467941283109585E-01  6.8038879411000019E-01  1.0619457823518714E+00 -1.0877489556688695E+00
  2.0618834846533707E+00 -1.0651826147058996E+00 -1.6583491252382494E+00  4.9103701618349410E-01 -2.7718166958891852E+00  3.1338583552139236E+00
  2.6298414953389533E+00 -6.4756473841021711E-01 -2.6489069674252058E-01  5.7311417347380333E-01 -2.3008545310182391E-01 -1.0388750587433482E+00
  1.8986104846831409E+00  4.0271104824560477E-01 -1.0244876445600606E+00  4.6491979333904426E-01 -2.0407320148691127E-01  5.7098365999382417E-01
  1.4089843259405901E-01  1.2300774071336062E-01  1.3593520038134064E+00 -5.7760823014062146E-01 -6.2657261785834506E-01 -8.6024895705422388E-01
 -1.3932172817644284E-01 -4.9857026807344794E-02 -2.2374678298548048E-01 -4.1283991214619559E-01  3.2405516233575554E-01 -1.7100251548827999E-01
 -1.0309905873392501E-01 -8.0981126603854336E-01 -7.8311209279919192E-01  4.8516102181218607E-01  2.5252669509403480E-01 -9.3587465641490217E-02
 -1.5528384522396882E-01  2.8457369522827963E-01 -2.9671501955745877E-01 -6.4819956211290160E-04  7.5247947228862855E-02  8.5850587615946203E-02
  1.9205451945452953E-01 -4.8561689740341807E-01  5.9751240538620165E-01  3.3763971845872480E-02 -6.3991460627796107E-02 -3.6685751038562371E-02
 -1.4077125591583056E-02  4.2676448899222619E-02  4.8593829022061989E-02 -1.6089175473407352E-02  1.9193615587868220E-02  3.4505674849394798E-02
 -1.2208593957799738E-01 -1.8001206277366116E-01 -3.5016168434966999E-03 -3.4905279587369623E-02 -6.8290884592040371E-02  7.1487930932868857E-02
  1.5532492299447082E-01  5.8817860023608358E-02 -1.3200645564070852E+00 -2.1954572098070332E-02 -2.1194452780129749E-01 -3.2796312612279492E-02
  3.8793600447818206E+00  3.5167255294109696E-02  5.6114907876265857E-02 -3.4997049562946303E-02  4.3772313819735773E-02  1.1354296222826077E-01
  3.6243167600045742E-02  8.5973384174234529E-02  8.5219920992829264E-03  3.9944616904614311E-01 -4.4674187021800232E-01 -2.2084983059570632E-02
 -2.0955046246300965E-01 -6.4359538715627462E-01 -5.0472168267737028E-01  1.7411674143300540E-01  3.4852882410991348E-01 -1.5303499158698824E-01
  1.5915177628109358E+00  1.0442782476111764E-01  5.1297263138910953E-01 -5.9234658508607707E-01  1.3034807127592962E-01  7.3662992595254079E-02
 -1.2250666698809234E-01  2.8273200836271910E-03 -2.3710121947500284E-01 -1.4030389206474745E+00  1.3418210068244920E+00 -1.1234969130884480E-01
  9.0439514068436686E-02  1.1487464695366126E-01  6.7229066973821217E-01  1.9529931950666723E+00 -1.8180354287419658E+00 -3.3059137178664856E-02
  2.3282930390528808E-01 -1.3129110329318477E-01 -1.9412971674750232E+00 -6.1509158397996810E-01 -1.6668387717942185E-01  1.3227226865630440E-01
 -1.0483426420315439E-01  2.0376693041901678E-02 -9.2335119986106573E-01 -1.7368854435724790E-01  2.0304253483003381E+00  4.0503806549139409E-01
  1.1128751349185463E-01 -4.4439637407042959E-01 -1.6642921373492806E-01  8.0792650675330022E-02 -2.4967689262053019E-01  4.2202549358322430E-03
 -1.6210774583547871E-01 -1.6006663406341121E-01  2.3298790193376415E-02  6.5326414038052627E-01  6.6274543820747767E-02  3.3824662597960142E-01
 -1.0360618681453711E-01 -2.8385037216463982E-01 -3.3703951039681801E-01 -3.4609720866186150E-01 -8.4334568682514599E-02  3.1522582951821887E-01
  9.7785227485743353E-01  1.2343315475592503E-01 -4.3345013748840165E-02 -7.5320274594897910E-03  9.3344326297630897E-01 -1.6858852315169034E-01
  3.8909210063387017E-01  5.0572210235289783E-01 -2.5926650406489848E-01  1.4049329824775222E-01  5.6175889930809486E-01 -3.0853969364647875E-03
  2.3461013845199923E-02 -7.0410259956144816E-01  1.8996989003241638E-01 -2.7442783421833722E-01 -2.2490817639552061E+00 -1.1872613763495139E-02
 -2.4029991855566118E-02 -8.8435280620063270E-02 -2.3033545223097907E-02 -4.2308234807102857E-02  1.0488626210950303E-02  1.5222756622972876E-03
  3.0468998158250074E-03  6.6660483814466140E-02 -9.6130212246672911E-02 -1.4452685135559454E-01 -4.9081140235584048E-02  9.5363146766336643E-02
 -1.9784095172880165E-01 -6.9679835881079000E-01  1.0295789345099622E-02  1.0663929824288815E-02  1.3883487251455334E-02 -5.4480024111427851E-03
  1.7543089097933968E-02 -1.6157896458820969E-02 -1.5240037590069083E-01 -5.0603686631411335E+00  8.6949696068457949E-01 -1.8096898870119761E-02
 -9.9811280317825046E-02 -2.4849680925526779E-02  1.3053905590653639E-01  1.3793276598868173E+01 -1.2232125901182060E+00  4.6434804978428230E-02
  1.5668863283795315E-01  4.7666669576908717E-02 -2.7340058120417676E-01 -1.3240734960265871E-01 -1.5494913378529518E-01 -3.8018987447372990E-02
  6.6667215883132680E-02 -1.0386998879040665E-01 -5.0729120847755815E-01  7.6899267323148357E-01 -2.6209795948338643E-01  2.6875425069570569E-01
 -1.1036246660356705E-01  9.5675589735634980E-01 -2.9182730273769526E-03 -3.4395092676475308E-02 -6.6682942370539677E-02  7.3659390642767100E-03
  2.1680387724923204E-02  4.3753952165703644E-02  5.3769958356557034E-02  5.7661606664734374E-03  9.1435998428997748E-03 -8.8352192493654128E-02
 -2.5946323360677317E+00 -4.0265293833362158E-02  1.3566378418461583E-01  2.8897061711106709E-01  6.8479222743754855E+00 -6.4643261071222577E-02
 -2.4614038484998854E-01  1.6697008969997826E-01 -1.1951614103032729E-01  7.2230415232837408E-02  7.3968394013699745E-01 -1.7313229025493279E-01
  1.0986651595710506E+00  2.8572115246804836E-02  2.9077526457743592E-02 -3.9476650691358430E-04  8.1600872615169462E-02 -9.6562406120594746E-02
  6.9728071329342167E-02 -9.4210898747644888E-03  1.8982924721356927E-02
