SURFGEN.GLOBAL Hd COEFFICIENTS FILE V:2.8.8
high order tester                                                                                                                                                                                                                                              
ORDER
    2
COEFFICIENTS
ORDER     0 BLOCK     1
  1.8992088509406557E-01
ORDER     0 BLOCK     4
  1.1118143724496438E-01
ORDER     0 BLOCK     5
  4.4814487599245501E-02
ORDER     0 BLOCK     8
 -3.4460644071921914E-01
ORDER     0 BLOCK    10
  1.5051513983341044E-01
ORDER     1 BLOCK     1
 -4.5609461486438435E-01 -1.1618460251372056E+00  4.3596687898496544E-01 -2.3921205698485912E+00  1.1365193431508855E+00  1.9264263544524529E+00
 -2.5677128891602421E+00  5.7122547748720693E+00  3.4595793698591315E-01  6.6927900429538689E-01 -7.9630645582879772E-02 -5.6904755076412572E-01
  2.1614176413358110E-01 -2.2693409046438723E-01  9.2559827251199128E-02 -1.1819486528193755E-01  3.7136391278424392E-02  9.1046983998288658E-02
  2.0556025909724357E-02 -4.5877027507397472E-01 -4.5423564408040318E-01  8.8144311983303292E-01 -3.1376918552681592E+00
ORDER     1 BLOCK     2
  1.0049983616061238E-01  5.0545614645632992E-03  1.8610926692599766E-01  6.0163136913785287E-01
ORDER     1 BLOCK     3
 -2.6947673502457397E+00  9.3806876819062224E-01  5.3289418989783872E+00 -2.1839536284094634E+00 -5.7456052101002197E-01 -5.7525783024644325E-02
 -9.1451115277498773E-02 -2.3825589214641654E+00  4.0230713827145737E-01 -1.8615417624890321E-01 -3.1335167764030919E-01  1.0128621510852689E+00
  3.6391397882636456E-02
ORDER     1 BLOCK     4
 -3.1162548210701066E-02 -6.3311483295408677E-01  8.0752746139351317E-01 -2.8605413968913762E+00  6.2556199709635218E-01  7.0963205340679036E-01
 -2.0297489125448727E+00  2.4840800599226500E+00  3.4682876299209520E-01  2.8171353768819130E-01 -1.4488923962124353E-01 -9.6866990442792755E-01
 -3.2514316834897516E-01 -1.9071767202632262E-01  1.6825862654998147E-01 -9.6157438038809190E-02  6.8238047080006622E-02 -2.6294792437929054E-01
  2.6868608851169884E-01 -3.2161820045532225E-01  8.7102490736354188E-01 -5.5864601550091886E-01  1.4728164788303846E+00
ORDER     1 BLOCK     5
  8.2723955655124803E-02 -1.1115015156646018E+00  4.6438294313828921E-01 -1.3565960905652301E+00 -2.2421739837443677E-01  3.0339084845734070E+00
 -6.8248375419398899E-01  1.7184752559152803E+00  1.2832736058722252E+00 -4.6139963397405848E-01  4.7030192572430608E-02  4.6234550366896027E-01
  5.7343327187855020E-01  5.4709115368579683E-02 -1.9988752302563387E-01  1.1904107627556260E-01  2.0753453057246485E-01  1.5900599511115995E-01
  2.8695896390144315E-02 -8.6945566437013833E-01  2.2933703978216202E-01 -3.0757810138221147E+00 -6.9992371369084716E-01
ORDER     1 BLOCK     6
 -1.2378044146740645E+00
ORDER     1 BLOCK     7
 -1.0452932716508807E-01 -8.5153498661519004E-03 -4.9404322357350977E-01  1.3910169693294377E-01
ORDER     1 BLOCK     8
 -2.1216967787166099E+00 -1.2466962757095552E+00 -9.9733543547419007E-02  2.1128896894563209E+00  7.3116691105800147E+00  6.1412793995959429E+00
 -2.3950017090633184E+00 -3.5737731683640699E+00 -2.0656334910221439E+00 -1.5975818522210725E-02  3.1671140761238642E-02  2.8111637244816112E-01
 -5.3280737068357942E-01  5.6673325448410372E-01  4.5895885596016683E-01  3.1401993570200165E-01 -2.3688760092507036E-02 -1.6278065983271398E-01
  1.0115063179655716E-01  9.5741817024532394E-01 -5.0087571284724031E-01 -2.5223546274799191E+00 -1.6703980879265323E+00
ORDER     1 BLOCK     9
 -1.0721165341733452E+00  9.2229351490508960E-01  2.4414239411154490E+00 -2.2233296937646259E+00 -8.0199169688376190E-02 -1.3594872546763773E-01
  7.5125245163026455E-01  5.8381370245176034E-01  1.0520042519864760E-01 -3.3576539348434831E-01 -2.9688652033596691E-01  5.7635472940980026E-01
 -1.2963817564439954E+00
ORDER     1 BLOCK    10
 -1.1915294606831333E+00 -1.8526058916076067E+00 -6.8413149578472210E-01 -1.0291975964738183E+00  1.6214920291761907E+00  2.8175250414129347E+00
  3.8091985617771162E+00  1.1517438926306469E+00 -1.8545026445878676E-01  6.3294840385560369E-01  4.0456391879716856E-02 -4.4464082174505898E-02
  4.5645409643633533E-01 -2.7660162245092901E-01 -2.7213262829239210E-01 -1.4689521183906880E-02  1.5706935070776643E-01 -6.8365856773304021E-02
 -8.0526003795368395E-02 -3.4174256848838996E-01  3.0675052232836808E-01 -9.6113767088879454E-01 -6.5849057820933998E-01
ORDER     2 BLOCK     1
 -1.3386363158930228E+00  1.2187248649216769E+00  6.4877890052563753E-02  7.8670979996024104E-01  4.7842546832463767E-01 -1.2238791470657999E+00
 -3.6946276055915628E-01  1.3698972963057523E+00 -3.5005988768016826E-02 -1.3517512555221864E+00  1.3491232362802907E-01  3.0555511936800406E-01
 -1.6774144011581904E+00  9.0058192736744613E-01 -1.4034736203691047E+00 -1.6904632000613216E+00  1.3246586826211937E+00  1.7379658825424646E+00
  2.6655855862038247E+00  3.2710008026501880E-01 -3.9423002748518826E-01  1.1256993155215478E+00 -4.4175793580726613E-01  2.1083447992517805E+00
 -6.7881602175373512E-01  1.3230230636399229E+00  2.0981439197508625E+00  5.6701363041048602E-01  2.1010707307176907E-01 -1.2060399469950378E+00
 -2.3802123639927415E+00 -1.8516802368971192E+00 -4.4539870199625966E+00  2.3671277018737662E+00  1.0981352599699563E-01 -2.0968272660103504E-01
 -7.0092407473059870E-01 -4.2413372166466550E+00  6.6342808218282756E-02  1.1801759211084224E+00 -1.3218002850883463E+00  2.6219368424907383E-02
 -2.9445747126704440E-02  3.3287593170279806E-01  1.6306068794496678E+00  3.2556744963063927E-01 -1.6492301071473361E-01 -8.6713343878028648E-01
  3.3827399488541604E-01  4.7169300707516548E-01  3.1568616013371492E-01  3.2549542778316221E-01  3.9871309553832751E-01  4.6361093011381949E-01
 -2.2797350963531102E-01 -7.7881331205060700E-01 -2.4911734643329483E-01 -2.0907488667121513E-01  3.7869517809523759E-02 -3.2389114081055104E-01
  2.1492679665986245E-01 -2.6691517114673829E-01  6.9192309194835788E-01 -2.6283073340316371E-01 -3.7282293780835148E-02  6.4469550142972920E-01
 -7.4758950439610317E-01  2.9502021484391416E-01  2.4036142042909891E-02 -3.4778200697722840E-02  1.3733594293797347E-01 -1.0005300208456556E+00
  1.0705637101438337E+00 -2.1029201754360016E-01 -2.1112391302201369E-02  5.0074041812588135E-02 -1.8716773805588363E-01  2.5582215859360626E-02
 -3.0939491811832320E-01 -1.5395532384593200E-01  8.0055668842134456E-02 -4.6582013263285031E-02  1.3159000372510887E+00 -5.2760296770375449E-02
 -1.9950005820210184E+00  3.2493347925491925E-02 -4.1019413565388789E-02  4.3611678176144288E-02 -4.3636076356009447E-02  2.9945105730300385E-03
 -2.0551648961608641E-05 -1.3019533475574236E+00  3.2818913733048252E-02  2.0085960499893631E+00  1.1596914565292968E+00 -2.1695623820264458E-02
 -1.6504369555686444E+00  1.2333384981124105E+00  1.6158175743303252E-01  4.1179789141958523E+00 -1.0378764981736908E+00 -1.7168434981587219E-01
  4.3016413024997802E-01 -5.3070301083207285E+00  7.4358110749790429E-01  2.4963973367065814E-01 -9.4982193141649562E-01  4.2345699470757509E-01
 -8.9653065019151623E-01 -1.0802973255994974E-01  6.9293856020605638E-01 -4.1903385397629445E-01 -2.1849578629118266E-01  1.7841334906537427E+00
 -6.9303752768380944E-01  8.6745373042104990E-01 -1.2126917296595245E+00  1.1422112414765861E+00 -8.9305538039117072E-01 -3.5449105983360201E+00
  1.2314139064188998E+00 -7.2783163173628895E-01  1.1779178013487515E+00 -1.9514024296101184E-01  4.5120588497480890E-01 -2.4622563425332286E-01
 -1.3328412177572738E-01  1.4704072446327246E-01 -4.3859470786375768E-03  1.5239760354642962E-01  2.0584822019734025E-01  1.7151322097743257E-01
 -2.6042559724090120E-01 -5.8350747967851446E-02  6.2033463286465462E-01 -1.4565617367522887E-01  5.1408619360068808E-01  2.5364644672233396E+00
 -7.9189526696556356E-01  8.0173038123769719E-02  4.1059519452808746E-01  3.4662321673918486E-02  2.3060927767225869E-01 -5.5594890681254983E-01
 -9.5444331877828448E-01 -6.6553047253684350E-01  3.4634605570686616E-01 -1.8991067542292317E-01  1.0077938402938738E+00 -1.4721630106329084E-01
  3.9974553842184657E-01  4.9441930806459822E-01 -5.4935029680911807E-01  3.8951450020835721E-01 -1.6641145589096529E+00  1.4655055615480661E-01
 -4.8242127993655953E-01 -2.6025356620072071E-01  8.1595426269262097E-02  2.9634656024045380E-01  8.7177452723420479E-02 -3.0198743576155213E-01
  2.7657680058155432E-01  9.4971448679208925E-01  4.9973355663429642E-01 -7.9107270653391615E-01  8.4628983096118326E-02  5.6063530147124363E-01
 -2.4571143040821167E-01  2.1109086912628197E-01 -1.4326027485094130E+00  5.3357255701905880E-02 -8.4889331158706574E-03 -7.8155139220452963E-01
  3.6057214600965465E-01 -2.8635040106239895E-01  3.6512166791775553E+00 -5.2563356889621174E-02 -1.8026125090487271E-02 -6.4160762018756298E-02
  1.1297001730479274E-02  4.0798000930157105E-02 -1.5587566001474380E-02 -6.4406110485562648E-02 -3.9241312664160061E-02 -8.0919548591555424E-02
  2.1864592091283282E-02  1.7153571996124872E-01  4.9372883812910003E-02  1.0877725420315873E-01 -1.0933885662237505E-02 -4.8259614284452738E-02
 -1.1680188602395951E-01 -6.9347269622704613E-02 -1.8266161979006226E-01  8.7268890557500672E-02  1.9033828855648605E-01  7.0303811625289592E-02
  9.5762874549705612E-01  1.5461560783886405E-02  3.0584302800581591E-02  8.9109985394107780E-03  8.6889237473325529E-03 -1.4869202576489195E-02
 -1.4734152594489909E-02  6.6573786263294599E-03  3.7684199074790631E-03 -4.5897827244239664E-01 -1.3366066493748252E-01 -2.0887725392437981E-01
 -3.9013053803158360E-01  6.5519003910769391E-01 -3.8609348260541276E-01  3.0711648375638584E-01  1.1461184257097186E+00 -6.6889065541322719E-03
  7.7316426375884084E-01 -6.2403103609783094E-02 -1.2313676807784195E-01  2.9191824005669909E-01  2.0609103012020086E-01 -1.2795566816244763E-01
 -1.8021061422445173E-01 -4.1095196134954548E-03  2.0049370302009592E-01  2.6548983157097067E-01 -6.1464063104363120E-01  1.6683987841641090E-01
  5.4790341422353672E-01 -1.8044128616648339E-01  4.3663212338670571E-01 -3.8345304305503103E-01  8.5344317914022405E-01 -2.3749588021725526E-01
 -9.7528356805959593E-01  2.6575001899614586E-01 -5.5235007221571764E-01  1.7029166964086411E+00 -1.2647639778927336E-01  6.2991704540748636E-02
 -5.3755562386197331E-02  5.0517433613017873E-02 -1.2849368910785894E-01 -3.7869881099904379E-01 -5.0759031790549558E-01 -1.0360745885944908E-01
  3.0895258852659833E-02  7.5647871803129055E-02  6.1875782106201545E-02  2.6613912750323043E-02 -1.8179648060997336E-01 -1.2820570033822793E-02
  1.0831464711531564E+00 -2.3736094763260515E-01  1.7589356895184568E-03 -9.2058458323220196E-02 -1.2881762872532012E+00 -9.8452959364665582E-02
 -1.2631781694789320E-02 -2.9854879362525484E+00  1.9768311912646334E-02  2.6111630833483546E-01 -5.5393384031581575E-02 -3.3428708477514185E-01
  3.9190954492881308E-01 -3.4198815946677907E-01  3.1145484200130874E-01 -5.2995846903712777E-02  3.7472070805863006E-01 -1.1869917334827036E-01
  5.1070874766844646E-02 -6.2949856821848088E-02  1.4155300596657922E-01 -1.3256320278035497E-01  9.9578883091085113E-01  1.0208674870801501E-02
  4.9420825340831115E-02  5.4026578939238588E-02 -1.2411097664722114E-01  2.1756227069382039E-01 -3.3318684822627542E+00 -1.3709278575249954E-02
 -4.9811974833032152E-02  4.6295615494451867E-02 -4.0516866337886467E-02 -1.7190809767529642E-02  1.8594228285319266E-02 -8.6485793388707492E-03
  3.4702585441374742E-03  9.1613726300818765E-02 -1.7414436889723484E-01 -1.7997005369515967E-01 -3.0719939687837299E-02 -4.7096847449568061E-02
  6.6406339115809287E-02  7.7772764323478061E-01 -1.4713642943416791E-04 -6.6260297776124036E-03 -6.5969516990918964E-02 -5.7556600482683136E-02
  7.9769215369572030E-02  2.5733811016202996E-02  1.4648646060623524E-01 -3.0177047676300517E+00 -6.6736388492164156E-01  2.5585478515832896E-02
 -9.9563774371310643E-02 -9.5123258872863603E-02 -1.3757143972847752E-01  7.9577412204662989E+00  9.5651930400805363E-01  2.1482960530304917E-02
  1.2252287208724508E-01  1.2336194301579925E-01 -4.4949910462001458E-01  3.9056005696753125E-02 -1.3885641531411888E-01 -7.8357233684459557E-02
  3.4731437722439855E-02 -6.2364922099491758E-02  1.1488081820804828E-01 -1.4868464896767716E-01 -1.0859690669484513E-01 -1.0199487166197040E-01
  1.2571067918426626E-01 -1.5986848893363190E+00 -2.4801550380908182E-02  2.9540601472169498E-02 -1.1413088118222496E-02  2.6976571691717404E-03
 -2.3279978337209670E-02 -6.1605485913226307E-03 -6.5673063456168392E-03  1.0238229784426652E-02  1.2700226043126648E-03  4.6612362341588220E-01
  4.1562735142638383E+00  1.4153798110731600E-01 -2.5020716919194808E-01 -6.7085996224308020E-01 -1.1391780303833936E+01 -1.5360683445064241E-01
  3.7018298966205671E-01  1.7849990498090780E-02 -3.1875117653364517E-02  2.7359083225957686E-02 -7.9420407056186720E-02  1.8052565473948678E-01
  5.9496689605798379E+00  4.7525633558375406E-02  3.2782809787374911E-02  3.8020874856128789E-03  2.0746518600090386E-02 -3.7769183703555517E-02
 -3.1397338567069152E-02  1.4367523903953371E-02 -1.2273191358565024E-03
ORDER     2 BLOCK     2
  2.0425362043299176E+00 -1.8820786273413292E+00 -1.6776716610925697E+00  1.4870285947338682E-01 -3.6987332577578167E+00  3.4765894779552355E+00
  1.6603113270008798E+00 -2.9589242502615098E-01  3.7712028226249042E-02  2.2860120436649881E-01  7.4038229087402208E-01 -5.2980147468964914E-02
  3.5996282951052526E-02 -1.5450773704125903E-03 -1.8364226154393492E-02  6.7718607002541398E-02 -4.3965091283828125E-02  4.0817082782591461E-04
  2.6285694206241425E-02  1.8038801692411822E-02 -1.3946956263299760E-03 -5.1641229330655720E-03 -5.9382365717899188E-01 -1.2373649936911668E-01
 -9.2805596744273977E-01 -2.4127897011180783E+00  6.7454139920652589E-01 -2.2648130913991382E-01  1.2679743239209895E+00  2.7632648168709570E+00
 -1.3568386519412636E+00 -1.0791710812783835E+00  2.4966741246629898E-02 -1.5615271512894930E+00 -1.7842148981006580E+00 -9.1167315385251069E-01
 -1.1740653358131165E-01 -3.1282271732277056E-01  7.5710639160953763E-01  1.2123338486612978E+00  2.0693162347319278E+00  2.7132786976566483E+00
  1.7634331774871834E-01 -1.4087127697360141E-01 -6.9774295065483094E-01  9.7055428163823554E-01  1.6438456136446122E+00 -2.7821458923325643E-01
  2.8126799024481935E-01 -2.2968869283684848E-01  9.7215595950506897E-02  1.8360365286470786E+00 -1.6318035920186120E-02  8.6836782151821734E-01
  3.5909436888921104E-01 -2.1725414716384801E+00  5.3883573902545306E-02  2.0150758278375114E+00 -4.4295076259011074E-01 -1.3753190080822517E+00
 -3.7266722917785566E-01  1.1473913289052683E-02 -3.9783684179091849E-01  9.3352138319562494E-01 -1.8225119934234590E-01 -3.1675419016028703E-03
  1.0181356297483080E-01 -5.9911625298348492E-01  1.1111104596300749E+00 -4.2019613656488181E-02  1.8725612432496813E-03 -2.1867395372573959E-02
  1.1340737221897686E-02 -6.1845629637396184E-02 -2.2173610189865606E-02  1.1279723680119773E-03 -4.8545217253774885E-02  3.8647794165408624E-02
 -1.2680638854563881E-02 -1.8888487724347078E-02 -6.7317559756730272E-01  8.3156822613194473E-02 -1.5859405168043306E-01  2.0068169353400302E-02
  3.9507087100906535E-01 -1.0411461684928711E+00 -5.2122423629106551E-01 -4.1008806165752903E-01 -3.4143283653524179E-03 -6.7534944568402822E-01
  5.8891070011382951E-01  1.3716177963078629E-02  9.5490264206102819E-05  3.5510608865904077E-02 -1.4446726501165624E-01 -7.7830698442703017E-02
 -6.0439188245710276E-02 -5.9063324812960085E-03  9.3706876994267163E-02 -3.3943528740590362E-01  2.5401254738861878E-01 -1.2799801226344742E-01
  3.7315935895096963E-03 -5.9360816906815494E-01  2.4088835447211296E-01
ORDER     2 BLOCK     3
 -1.8228151778892672E+00 -4.4199288801694232E+00  4.0215966512154594E-01  1.9519895385522967E+00  4.5381650820734094E-02 -6.5315685076728347E-01
 -4.5011608357385793E+00 -5.8852606224176478E+00  6.3284483509203529E-02  7.0384263581497142E-01  5.3249356102706500E+00 -3.7552188560760685E-01
  2.6234142976550059E+00  5.1274449798599608E+00  3.9817833350798644E+00  1.8703431574846872E+00 -3.4650475053204621E+00  7.1237976027393068E-01
 -1.9800309446066273E+00  4.4911131845198788E+00 -1.4768577758225279E-01  7.8623044522296334E-02  4.6477057350577073E+00 -1.9733090357432952E+00
  2.6550797191952862E+00 -1.2077754663350641E+01  5.4213379780567124E+00  6.5604437363923447E+00 -5.0269464147937235E+00 -5.4107993060899444E+00
 -7.2262816086697823E-01  2.6762403948316116E-01  1.2768902979654697E+00 -5.5453224245513535E-02 -2.2369414713270093E+00  1.7027371491631331E+00
  1.8912960937547498E+00  3.9655267338439831E-01 -8.4470963847620428E-01  1.6693533953390505E-01  3.5060273306888763E+00 -3.0088240090012124E+00
 -2.2961833401113338E+00 -9.6153173813314807E-01  9.8446997175273654E-01 -5.2229111494109381E-01  6.9027450965185577E-01  1.0339150484645139E+00
  5.7754719286786282E-01  1.6593353534090749E+00 -1.3003559530437685E+00 -9.7825596249139446E-02 -1.5887559131220752E-01 -8.3850314384452573E-01
 -8.1264709208212460E-01 -2.5824563804245599E+00  1.7000120242834247E+00  7.2291384383919965E-02  1.8122510740069783E-01  1.3978503895620817E+00
  3.2348090609027352E-01 -1.6269009032431367E-01 -2.8302514898107350E-01  9.1097993830592722E-02 -2.7567115522126238E-02  9.8668895176171612E-01
  4.2106292737840003E-03  1.5823300543682262E-01 -1.8646191970972387E-01 -1.3198599308910985E+00  1.4398978250140265E-01 -2.7869282033613180E-01
  1.0213669293091019E+00  1.4043762922488098E-01  2.3580292465870081E-01  1.1339157641982582E+00 -1.4573759488130229E-02 -1.9849765527970935E+00
  1.4745745385686373E+00 -3.0506873964955938E-01  7.4136522735721008E-02  4.9975503353135381E-01  6.5692792497008004E-02 -4.2458373204185035E-01
 -4.4126771282154080E-02  8.2766608261684322E-03  1.3827264360163216E-01  1.4407752061807202E+00  4.2862618679863242E+00  2.7590405455540115E+00
  1.7642685235673811E-01  3.6266300567199705E-01  1.4980688408441503E-01 -1.6771072369390680E+00 -4.1528087612967255E+00 -2.7243446403914477E+00
 -5.4779087136661175E-01 -1.6343697910761028E+00 -1.3002031823424465E+00  1.0461656033966225E+00 -1.4163148880329690E+00  1.5644488759302320E-02
 -8.1546460452295057E-03  3.7338056089551001E-03  5.4874303829179294E-01 -5.7821496171740250E-01 -1.0010684688461442E+00  5.6117372475243052E-02
  1.6967378128180564E+00 -2.6818136341341064E-01  1.3404932105786815E-01 -5.9380835642718266E-01 -2.4180367710359085E-02  2.6695721332408544E+00
 -3.0185832221239108E+00 -6.8463361858794047E-01  1.2296114245587864E+00 -6.1913091737424752E-01 -1.4660202249997706E-01 -1.3822652113301113E+00
  5.8185341226184448E+00  1.0576351553065051E+00 -2.1242780962288221E+00  6.4721844854629040E-01  1.2549112533513307E-01  2.2329688477782552E+00
  6.3258872113718223E-02 -4.2237738772601835E-01 -1.6303083178028141E-01  1.4013739322818744E-01 -1.9680556388081655E-01 -1.7161571691015501E-01
  1.4544942075087694E-01  7.6102134191824222E-01 -7.2080227889511816E-01  2.3250487520731752E-01  2.5500991825531595E-02  9.3802027742381400E-01
 -4.2436080182077718E-01  3.3074625060329552E+00  2.1337577788923097E-02 -1.9188011135603911E-02  4.1834379330647015E-02 -1.2989574207202106E+00
  6.1418512902315292E-01 -8.8735289365275936E+00 -1.6172484067504527E-02  9.2334584004117870E-02  8.5975665762883706E-04  1.0706442174079858E-01
 -1.0364552314480041E-01 -8.0326118711601127E-02  5.5164950017133028E-02 -1.4850778956422049E-02 -1.3485801947715809E-01  1.5370204563224668E-02
  3.5998889185428200E-02 -5.9502402119677805E-02 -1.5054800830099465E-02  1.6871504806378951E-01 -7.8190528061122655E-01 -1.0893332896537719E-01
  1.1454137955708756E+00  1.4853558299969066E-01  4.6577569648249592E-02  7.0784840537148466E-02  3.4644991891686662E-02 -1.0043965226959461E-01
 -1.3672936388733264E-01  1.1664772336778519E-02 -3.7230489830661279E-01 -1.2151059442845003E+00  6.9185091893488604E-01  2.0484481619434018E+00
 -2.2063631677304982E-01  2.3290388963629990E-01  3.0485456704390894E-02  4.5240378927074099E-01  2.8696623346658034E-01  3.3749948773020150E-02
 -2.0246652620231194E+00  3.9403888106945106E-01 -9.3997708563607041E-01  1.5444209888898435E+00  5.6907258102291804E-03  3.7215328196649167E+00
 -2.1883300593075496E+00 -4.8321638238954628E-01  1.3019001161975221E+00 -2.5029404338327939E+00 -5.3192018957538403E-02 -6.2155497623722056E+00
  2.3975435636382650E-01  1.5699582253932315E-01 -1.8495022782875586E-01 -1.1031441287559651E-01 -4.9272594498094326E-02 -6.0784525365273116E-02
 -2.5601337624681048E-01 -2.2833611580194590E+00  3.0449192912934475E-01 -3.5101023917418911E-01 -3.5876644391335516E-01  3.5589767198676903E-01
  3.1730917280711535E-01 -2.0399708468148110E-02  6.1458893229647504E-01  4.6592273862722678E-03 -3.2662896680211112E-01 -4.3009916535189119E-01
  4.4876271437369869E-01  1.6893428733616897E-01  6.6749954730183539E-02  5.1038431208042688E-03  2.4541217717515215E-01 -1.5901668883566442E+00
 -8.3031591003809385E-02 -7.2629530398359210E-03  3.5287584715245551E-01 -1.8594157866242869E-01  9.9675137654336096E-02 -3.8671272831035430E-01
  3.2925912049645062E-01 -1.6707783649192468E-02  5.4608382396590466E-02  2.6366634214622781E-01 -9.8070650689604161E-02  5.6730885137030385E-01
 -8.9346627778942156E-01  5.3263556513604236E-03 -7.4613648831966889E-02 -6.1003322852962026E-02 -4.1039813367942844E-02 -5.7015253812691638E-02
  8.1157535892989159E-04 -1.1722339284453737E-02  1.4098515559004932E-02  3.1704176177092237E-02 -5.6517132970401235E-03  1.1100021445774228E-02
 -3.3997562437841536E-02  3.7725557891782101E-03  7.3588240364754323E-02 -2.0199247965554776E+00 -9.5713256415877607E-03 -5.8914746786224307E-03
  2.7885550610367776E-02 -4.2318469193632281E-02 -4.7323251526332787E-02 -5.3407289699091698E-03 -3.6759544803322630E-01  1.3630160659440693E+00
  5.1070291980795290E-01  4.6365082328109500E-02 -3.0404499973699634E-01 -3.8924684231686413E-01  5.2820590321318639E-01 -3.4258534825873088E+00
 -7.4844963706593148E-01 -4.8690964052491084E-02  3.1945475515545796E-01  5.0455738330126010E-01 -2.4050305060179317E-01  1.4706003702755019E-01
  1.9708998940176591E-02  1.3277673976497215E-01 -1.7914496125211268E-01  1.2946669608797942E-01 -3.3269587096524833E-02 -1.7141134498512256E-01
  6.8599163963120935E-01  3.9792792181990798E-02 -9.7364598402946853E-02  7.9419551276605826E-02  4.0999683683666542E-02 -3.9205538228394905E-02
  8.1204330660728435E-02  3.5895496294361388E-02  1.7860829346456572E-01 -1.5456112030494354E-01 -3.3089841910780494E-02  1.3161319874310960E-02
  3.2719942842830575E-03  2.9236395486899441E-01 -9.3167852389829206E-02 -4.1950234788027713E-01  2.7981534152228225E-02 -1.7383499799805745E-03
 -5.6405538245713926E-02 -4.4741204244571529E-02 -1.2949243261756738E-01  1.2811663336588253E-01 -2.9071202819130410E-02  1.1256268102436726E-02
  1.3805577353585188E-02  2.9185366050753940E-02
ORDER     2 BLOCK     4
 -1.1226858254599179E+00 -5.0722975130691295E-01 -2.9656337237184682E-01  8.9352668246858435E-01  6.1713566310351992E-02 -6.9768968368244322E-01
  1.6755336069512818E+00  8.7779182386456517E-02  1.2146616503480687E+00 -1.9419375331077220E+00  1.4009725003931115E+00 -7.2245836199484892E-01
 -4.4790608815573557E-01  6.9928872469665682E-01  4.6816896163464833E-01  2.1739816125117963E+00 -1.3638738836683244E+00  1.0500897749007623E+00
  2.8483331028898742E+00  4.6489621390500341E-01 -5.8185630279407585E-01 -2.2148356649145775E+00 -1.9598900913652917E+00 -2.7485337861354253E+00
 -9.9245870060309183E-01  8.5031670001963511E-01 -1.9069571955776290E+00 -9.2746816955687969E-03 -6.2710957101343812E-01 -2.2175292187067727E-01
  2.0182269250957887E+00 -1.2733823742474206E+00  2.8492818260390105E+00  1.2635461408824837E+00 -1.7912862284393121E+00  4.1583301928365513E-01
 -4.2750383694331173E-01 -1.0906348712842884E+00  2.5166785545663011E+00  3.4621720362453434E-01 -5.5176350173801592E-01  1.5119689639058369E+00
 -7.5978450848177226E-01  1.0301003413441125E+00  4.8173301905974147E-01 -2.5431924790042779E+00  6.7155278717325628E-01 -1.4895389561962407E+00
  2.6869801196682136E-01 -8.2559313970219605E-01  6.0448463164942479E-01  4.7787165724418984E-01  5.1469819264275303E-02  1.4411315583003645E+00
  3.9585408082423695E-01  1.5420427401511614E+00 -7.6455367297009524E-01 -5.1155616332206211E-01  7.3692477768902498E-01 -1.5837393496053682E+00
 -2.9296106044375997E-01  1.6035410571082528E-01  1.2891899903000310E+00  2.9506469363024745E-01  1.7083865099171365E+00  1.4699315686717290E-01
 -2.9014732133687016E-01  3.0548032247668877E-01  8.7787163528201435E-03 -1.3208384706614859E-01 -9.2842629029943988E-02 -7.9665275786808210E-02
  5.2510048086863004E-01 -4.6448316228242453E-01  2.1076689336384877E-02  1.8424832168085720E-01  6.1586123539596999E-02  2.5914821987450770E-01
 -5.1023183017712836E-01  4.3807515749334608E-01  6.2251389702999489E-02  1.3117526385666503E-01  3.4106322792666949E-01 -2.2074226457905789E-02
 -5.7398602411775235E-01 -6.4747798953801700E-02 -3.5642199858168133E-01 -2.2873490481775766E-01 -9.0224884076302359E-02 -8.2080183953784167E-03
  4.8842449049943946E-04 -6.4478315865880553E-01  1.9635362063097350E-02 -8.6306170790805248E-01  6.1897616207345718E-01  1.8308589728705102E-03
  1.4377258171118679E+00  3.7531712642677579E+00  4.5394971429859732E+00  9.1551530796601721E+00 -2.9421164040504699E+00  2.9815669942599882E-01
  9.4614263988444114E-01 -1.2892827323171561E+01  2.0615162496269339E+00 -3.2432025193256175E-01 -1.1535903431899790E+00  1.2415600963271032E+00
 -2.5777684814355091E+00 -1.0413989964285579E-01 -1.7943549548961374E-01  5.7314743979011304E-02 -4.1733759927544858E+00 -1.5009252236254569E+00
 -1.4598619210568320E+00  4.1288390671398906E-01 -3.9646529856767715E-01  2.7482283798180573E-01  5.7940020723225283E+00  2.4346372763467645E+00
  1.6623544351278183E+00 -4.8562820424114572E-01  8.0404589076002930E-01  1.1589209842007717E+00  5.4695990496446700E-01  1.8626103640636524E-01
 -3.9701355904987606E-01  7.6644105265536736E-02  1.8539607737311695E-01 -4.7667281627809110E-01  1.4429875758766558E-01 -8.4197958947044227E-01
  1.1695395856194370E+00 -3.2980614452754858E-01  7.0012510978410647E-01  4.7321181891650432E-01 -1.6151867533339825E+00 -2.7205305920112699E-01
 -5.9854770744609176E-01 -5.4107291981031214E-01  4.3254051398932469E-01 -4.3805700444448203E-02  9.4503511313023605E-02 -2.2833343914571977E+00
  1.8899798173083515E-01 -5.7888310091066564E-01 -6.3775311215512098E-01  8.1847119238966135E-02 -2.2516697141422076E-01 -1.3486187728664981E-01
 -5.4217160778542339E-01  1.3893005559107618E+00  9.6314592549158284E-01 -2.2990174464207919E-01 -1.5205197354237135E-01  1.6951220886144430E-01
  7.5607741010840734E-01 -3.9818182604830929E-02 -3.5430699244171443E-01 -7.5520379708926806E-03  2.9103302856253477E-01 -1.0708683783910636E-01
  1.3006452952026043E-01  2.1004275030311952E+00  2.0788279579856692E-01 -8.9112523455778891E-01  1.1964751706785105E-01 -1.0562319704351965E-01
  2.7194019092891430E-01 -7.1392420521963609E-02  6.2316962259145536E-01 -7.1432242489805836E-03  3.7506677722385598E-02  1.8246900018397824E-01
 -3.8297856220817705E-01  1.0575799021776028E-01 -1.9945440104916154E+00  1.2021851695392380E-03 -4.7229793297066967E-02  3.1973392773073643E-02
 -5.9326321217093379E-02 -3.1022790650737622E-03  1.9568586079066780E-02 -2.3502088543503982E-02 -4.5000745045822074E-03 -7.4775611726714000E-02
 -8.2890117572428493E-02 -2.5939582331231285E-02  1.2337031094657109E-02 -5.9512595565122586E-03  8.4876927889376938E-02 -1.3717321363142390E-01
  8.3070062418089363E-01  1.2967832751867667E-01 -2.2881266410099926E-01  1.9783517536133907E-01 -1.1037876811683691E+00 -1.5717348501456868E-01
  7.2214202058958532E-01  1.3394579881932342E-01  1.0163502015765176E-01  3.4627135112670078E-02 -8.9848008255167089E-02 -1.1136837541759216E-01
  2.0198438167533339E-01 -2.1603129332586287E-02  1.0671643786515859E-02  8.4653973429661489E-01  3.7726338542146354E-01  9.3328032384567230E-02
 -5.3203684254700201E-01 -1.0574522532094022E+00  2.0401283089514072E-01 -2.7400602406075142E-01  2.9606360273827192E-01  2.3021031511062295E-01
  2.2797141554721962E+00 -1.1378174009354411E-01 -7.5996746569490381E-01 -4.6739431084340799E-01 -8.5270724188012768E-03  2.4174160081407126E-01
  1.1241687584999897E-01  6.6954108268148779E-02  1.1733302276918646E-01 -2.0230827234910294E+00  4.5519639013563873E-01 -4.2865768515658725E-01
  1.1538710940290962E+00 -1.9932440283859407E-02 -3.2134740647721804E-01  2.8000380191769150E+00 -6.2145242267604184E-01  7.1817864252895125E-01
 -2.1187202645227687E+00  1.3178727676218195E-02  6.6934146758390922E-01 -1.3728147778410169E+00 -3.2334856102693724E-02 -1.1152373585170637E-01
  1.4290790870371417E-01  7.3842603231710326E-03 -1.6412783441413012E-01  4.2420846034889970E-01 -6.7912293943234403E-01  1.5998846621596063E-01
  8.9465389159671269E-02 -4.5719878296881294E-01 -2.5768467148763108E-01  1.4246737045058228E-03  3.0789824582116210E-01 -2.3673834980293365E-02
  4.6625541456681879E-01 -1.0376897341430575E+00  4.1369494402764932E-02 -3.0033537365857672E+00 -7.8579432483878564E-01  1.4478754081596685E+00
  7.9408350365186425E-02 -1.4220044372298479E+00 -4.1682609899864820E-01 -2.8537972538155254E-01 -1.6290895204026415E-01 -5.5408276074129814E-01
 -1.3932799558079096E+00 -5.4491176489506701E-02 -4.4661646167692914E-02 -4.4104319189289802E-02 -1.6924321015881374E-01 -8.5053612098962159E-02
 -2.4672823417670706E-01  3.0790568167547161E-01 -1.0863751948348255E-01 -1.1937142807417317E-01 -3.3785276791888919E-01 -8.2398690580659614E-02
  2.7084159919351290E-02 -4.5765074612881346E-01  1.9700651151174217E-01  1.6141247800186023E-01  1.9669451696141234E+00  7.9470162433538577E-02
 -2.7301285096637339E-02  1.3058841015239624E-02  1.0158268836968652E-02 -2.5380894774168970E-02  1.7150006063150543E-02 -4.6765568059212032E-03
 -5.3392897694899809E-03 -1.2542296466151692E-02 -1.4070481677876182E-02  2.7652466298204188E-02 -3.7864853612290174E-02  2.8340253839552888E-02
  7.3567728251623223E-03 -1.5934150636287239E+00 -8.6449780877383871E-03  1.7013793877463042E-02  1.3535654370557201E-01  2.1415212808581802E-01
 -1.7984897446022252E-01  2.6312641861168804E-02 -6.4912301623102200E-02  3.4569184705205940E+00 -1.9648301982712535E-01  3.5456062793463811E-01
 -1.6521110143267162E-01  2.9660332942358637E-02 -1.2830620864828087E-02 -9.7313409993026649E+00  2.5185434092790021E-01 -5.2537805767416579E-01
  2.2010254334647489E-01 -3.3285311372050201E-02  9.8689447664357485E-02 -5.5704194784135914E-02 -1.5817524490787735E-01  7.7069883527282071E-02
 -2.5256959500891876E-02  1.3040181236411423E-02  3.5003045672455761E-02 -3.7902159042384909E-01 -3.9197243935303161E-02 -8.7658103852768475E-03
 -3.5582532496787146E-02  1.4274827696074424E+00  2.9145398657206067E-02 -3.7146399071774840E-02 -6.2884638135322898E-02  5.9036328670104526E-02
  1.1153569311858534E-01 -6.0361214318146769E-02  6.0948156697234961E-02  3.7065542072241640E-03  2.4223561799129135E-02 -1.8313627541435523E-01
 -6.3129451829752430E+00 -1.4869465803572018E-02 -2.8276097442096786E-02  3.7438451819300900E-01  1.7312964377555303E+01  4.6069433299438356E-02
  2.4754523937958073E-02  1.3443035734071579E-01 -6.1197238631394445E-02  7.5963775178050788E-03 -1.8956161279501468E-01  1.1658664171483124E-01
 -3.0151593099471827E+00  1.5859746767138614E-02 -2.2195911389039962E-02  2.3472110340869667E-02  1.0297445357655916E-03 -7.4865009806415833E-02
 -9.3928857217156020E-02 -9.3750422003383970E-03  4.1266489571266116E-03
ORDER     2 BLOCK     5
  2.9144902549735086E-01 -1.2500016360155889E-02  6.6558611592897221E-01 -2.1557164707478140E+00 -1.8388437101591075E+00 -1.2271831878045256E+00
 -1.2224006745356382E+00  1.2442686535196233E-01 -7.3008929270989553E-01 -4.3726460291888658E-01  1.7851650684085381E+00 -4.0613347807228178E-01
 -1.0572981651041652E-01  4.9735002116382904E-02  1.1766350474499875E-01 -1.5871406393980212E+00  3.7302387254045390E+00  1.6964741247898438E+00
  1.2161008842959360E+00 -8.5332443068366259E-01  1.0946555023433526E+00  1.9224172422955399E+00 -2.3044476617657628E+00  2.3863680634866120E+00
  2.8909150052430315E+00  1.0593940872356875E+00  2.4435544444212574E+00 -1.1062307329975485E-02  3.2619050930761495E-01  7.6642955570462845E-01
 -6.3573352194621258E+00 -1.4669635864533173E+00 -4.2521849963635265E+00  1.8964835437753971E+00 -1.8934395713282248E+00  4.6331554848557344E-01
 -1.4590764105386861E-01 -4.6593609122061075E+00  2.4512756929084021E+00 -5.8478589304531658E-01 -3.4945462440665436E+00 -1.0977395822309213E+00
  7.3746462905018864E-02  8.9109031047308462E-01  4.9739325719457970E+00  1.2952711716308540E+00 -1.0433915655729829E-01 -1.4994314328485665E+00
 -1.1443670234636016E+00  6.8979928542873081E-01 -1.3326583999579711E+00  8.0161783499577444E-01  1.7755112949333123E+00  2.8526242665657864E-01
  7.3479443166690903E-02 -1.6178272740118980E+00  2.3094923800381513E+00 -1.1622869181323159E+00 -2.4539843198247233E+00 -2.1281054373999619E-01
 -1.2969621547887139E-01  6.5285349084111344E-01 -1.0145622732704920E+00  2.9568917340355094E-01  1.2760589000974587E+00 -4.7506862934732712E-02
 -2.1575656713761973E-01 -5.1238898915997655E-01 -4.2509490682908796E-02  3.6264697721305514E-02  1.2783132306846010E-01  2.2789586404498674E-01
  2.2030401409930467E-01  6.7249588711556851E-01  2.9946107319051531E-02 -4.7156611889192269E-02 -9.2939365600078275E-02 -3.7695223347522810E-01
  4.1595346705324138E-01 -2.0317572392032696E-01  3.8560572202496236E-02  4.7294366248601886E-02 -3.1137161127044649E-01  1.2761539182059350E-01
  3.3700507343038538E-01 -1.1255854677794307E-01 -1.9040068146348330E-01  1.2794982927531376E-02 -2.7391635009854819E-02 -4.2832652057427775E-03
 -4.0194592857729005E-04 -1.0742552811535804E+00 -6.5683462046417541E-03 -2.5953735306175161E+00  1.7904222108216035E+00 -2.0017466703311122E-02
  1.6942278728617408E+00 -1.5736480953977718E+00 -1.1383374036893077E+00 -2.9524224784636739E+00  2.1264414102399223E+00  2.1837806004055554E-01
  1.0762960734278060E-01  3.5343612615084488E+00 -2.5518001172428959E+00 -3.6297572435737147E-01 -2.5573279663269954E-01 -3.7813040357795458E-01
 -3.0264150875019907E-01  2.3763119837718832E-01 -8.9673663995106556E-01 -6.8581414618595309E+00  3.3958929904978241E+00 -2.5876422001967470E+00
  1.0145925934777900E+00  4.2785778445760830E-01  9.9966457962443278E-01  8.3795798474877898E+00 -3.5322850654320725E+00  3.7273947851741163E+00
 -8.0324850234042322E-01 -4.2850255256646547E-01 -8.1756283321600065E-01  8.0773464470394285E-01 -1.4980485196647406E+00  1.0352828794140891E+00
 -1.2733962848399882E-01  2.0573932469814951E-01 -8.5673513240229052E-02 -7.4527036453070183E-01 -3.8968658583475400E-03 -3.2331632598042603E-01
  4.1544855699749278E-01 -1.5224798716466503E+00 -6.0086364266808456E-01  5.6861778515449768E-01 -5.5392618490460854E-01  3.6547238979740011E+00
  4.7207867474765292E-01 -5.7541783311881900E-01 -4.3281698558084380E-01  5.4966899899767740E-01 -1.6079214794723817E-01  1.0954539106454662E+00
 -3.7185699661056081E-02  8.0784013263857168E-01 -1.6291600208358514E-01 -4.8002075966105429E-01  1.0015790666918423E-01 -3.4944149571356831E-01
 -5.8023914499574045E-02  1.0713203211665703E+00  3.7226142916703647E-01  7.0427975707418677E-01 -5.6159594082539410E-01  3.1567109774909380E-01
 -5.5608231123952856E-01  1.2241638224419843E-01 -2.2085637460611829E-01 -5.2426147070242346E-02  1.7813495876544799E-01 -6.1868391333002939E-02
 -2.9402509903993923E-01 -1.4242340814471306E+00 -2.6591406057336728E+00  2.9268856192318657E+00  6.2866260352804806E-02  2.3103367400775776E-01
 -6.2495899281800815E-01  7.7330097113289975E-02 -1.3477099854946156E-01 -3.7364218272719102E-02 -2.6166414976313550E-02 -2.8846785126202079E-01
  7.8030541347183258E-01 -5.5115706845538417E-02  1.7578321050224677E-01  3.6160498966236694E-02  2.4501965612096440E-02  9.7930973738145549E-02
 -7.4708080188547105E-02 -4.9431843021798601E-02  2.5682567757146289E-03  8.3225574494167984E-03 -1.2303367801543525E-02  2.7087904401369992E-02
 -2.5810639567014255E-02  3.7737151472889786E-02  4.7924064178847592E-02  8.0702064685626046E-02 -2.5422465949167705E-01  4.1316653191569429E-02
 -4.6245954083635854E-02 -8.1884532665817324E-03 -6.8854853397685301E-01 -2.8140023986680463E-02 -1.9399365029897774E-03  9.1648044881076172E-03
  2.3532876385963966E+00 -2.6998219251428854E-02  5.0374029595314569E-02  4.0920913350628264E-03 -9.4983021193946696E-03  1.8292454522614424E-02
 -5.9580462557241233E-02  2.0703482474113296E-02  1.4105687601622412E-02 -1.0828690613453635E+00 -3.6359026844254300E-01  3.1255002242240704E-01
  1.0410856562466251E+00  1.4960752906895125E+00 -9.6669121669475544E-01 -4.8369995937083671E-01 -2.1174372472216358E+00 -2.1436200769850779E-02
 -6.3269235961683667E-01 -7.1124059244351062E-07 -4.3408734346045236E-01 -1.1836605053830206E-01  6.2873609716449480E-02 -2.5814436523627332E-01
  1.2401161038941964E-01  2.8172322195643296E-02 -3.3370385509193135E-01 -3.5895269565924165E-01 -8.1248324178858911E-02 -2.3677817262169434E-01
  4.9218345837050492E-01  8.6044873552589163E-02 -4.0188902710426644E-01  4.7995865788172865E-01  1.0866879180956317E-01  3.8566629090967008E-01
 -1.2986422704496912E+00 -1.0323440663855536E-01 -2.7318945679668061E-01 -2.9178524626390301E-01  4.7009448563245709E-02  6.9838832840336774E-04
 -1.4889610193274580E-02 -1.2660303171101174E-02  2.4589251864601780E-01 -1.8057241220039785E-01 -2.3274035391923079E-01 -1.6812795792822448E-02
  1.3030547760148742E-01 -1.0181490669180600E-01 -5.3188684819962168E-02 -7.1779424927479070E-04 -1.1278875504963280E-02 -2.8320787059688524E-03
  1.6492674215494167E+00  1.0653255868085254E+00 -2.1746435638156608E-01 -8.0487621093320605E-01 -2.3516624327396185E+00 -1.3484439966420856E+00
  1.6890680483889997E-01 -9.3853438856476989E-01  1.3359252942964286E-01 -6.4067628858871872E-01  5.5983887998301264E-02 -1.5461976613296666E-01
  8.1525670997496147E-01  3.8970772723530317E-01  2.5041029649874519E-01 -2.6855907203078525E-02  5.3303525182304945E-01  3.8377606295770444E-02
  6.7926567421574019E-02  1.5881718810341838E-01 -2.4451836206804270E-01  1.2835027251698239E-01  1.7996679826985540E+00 -1.8057303415274204E-02
 -2.1101141175290342E-02 -2.1613473132060915E-01  3.0472959301342983E-01 -1.9218746305858633E-01 -7.4695712066423043E+00  1.3963898322722015E-02
  2.2039502787470050E-02 -2.6224032281780944E-02  5.5427368445966560E-02 -1.7901726549917889E-02  9.9246569332353089E-03 -1.3551606259845051E-02
 -1.9642439821311603E-03  5.4591366456086518E-02 -6.0547072646339954E-02 -1.1543330905656303E-02  5.3660922143768334E-03  4.6992816076086762E-02
 -1.3991220970512208E-01 -4.3563065219230751E-01 -5.5158891737998794E-03 -2.0661572460501350E-03  4.7859466710499846E-04 -9.3410520405728392E-03
  4.4957908546594903E-03 -2.0268021915897248E-03 -3.4891628463100915E-01  8.8404981011644317E+00 -1.0457354658405991E-01  2.2035518526066539E-01
  4.8982261314068333E-02  1.3593925160717082E-01  4.7940637759839033E-01 -2.4156949759888771E+01  1.1434607797272227E-01 -3.0584766624219889E-01
 -6.1645461297062686E-02 -1.5966378866221470E-01 -1.7987065877328215E-01 -3.1024676144687424E-01  4.4975774190949025E-01  4.2771086288256419E-02
 -6.0678237930941389E-02 -1.7177631228731914E-02 -1.0716679282580344E-02 -5.9769179186849630E-01  1.6748094611820802E-01 -3.7452547192045819E-02
 -1.0628057978640273E-01  6.2280881693469183E+00  2.1121289975938908E-02  6.2416518940722199E-03  8.0471939906754057E-03  7.1863468951687383E-03
  3.1895294960380136E-03  6.5961150525001983E-03  5.1820888636090572E-02 -3.0395992770105595E-03 -5.8795043531702134E-03 -6.0662293246547405E-01
  2.5917146838045415E+00  1.6718590882465251E-01  2.2341255276641220E-01  8.5984226431966260E-01 -6.8476424170743204E+00 -1.9775995916586758E-01
 -3.9565851986607287E-01 -6.9035153248443948E-02  4.9210301923706684E-01 -2.8040049194292364E-02 -4.6408432558711660E-01 -1.7518876781389925E-01
  1.6772629904219587E+00 -7.7422450620709043E-02 -1.1899244415603593E-02  3.4764607264730690E-03  1.3134939699086370E-02  1.0925480428162195E-02
 -9.4370108508651712E-02  1.8519846779069538E-02  7.0811214052160752E-03
ORDER     2 BLOCK     6
 -9.8019317190317401E-01  6.8219757027483852E-01  1.6167769156161604E+00 -4.4311550468701627E-01  3.6399040601631427E-01  1.1865071668476654E-02
 -4.8164038809367943E-01 -3.8788353461047635E-03  1.3820207493858195E-02 -3.7079797042356005E-03 -2.1852553053811952E-02 -1.2341888233936161E-03
  4.6519627036049780E-03  2.2694125508657048E-03 -9.3251823836769709E+00 -5.9499152826216772E-01  1.2070947951763760E+01  1.3081482562076530E+00
  5.7592778164600700E-01 -7.3795842003915868E-01 -3.4322624868831475E-01  8.9908841150002203E+00  5.1259030482680368E+00 -4.2104683163394476E+00
  1.2695014745154658E+00  8.7699741327533665E-02 -1.8659168860021658E-01 -1.2486441177775676E+01 -7.6256815551234594E+00  7.3023019798447244E+00
 -2.8749330931760966E+00 -7.8436721124212005E-01  1.4962008407116745E-01 -6.5480894693592118E-01  3.4609531986558673E-01 -1.3260523134453477E+00
  3.3968201052440194E-01 -8.7246757520714235E-01  4.5409881927317652E-02  1.0020640023495728E+00  1.9969223475638511E+00 -1.0709677618177335E-02
 -1.4997925703562691E+00 -2.4045171932410536E-01 -1.3688131962207883E+00 -6.0082161947744972E-01 -6.9656622940789714E-01 -1.0478625972154045E-02
 -3.5047980608462135E+00  1.9498579446357627E+00  5.4250966104107934E-01  9.7723618349693682E-03  5.7928213953876268E-04 -2.8620721627048956E-02
 -4.4925383692403537E-02 -1.4419911356439602E-01 -1.8431727998755712E-01 -7.3688047557908753E-02  3.7609647294355225E-01  4.4530587514570365E-03
  2.1877502769979851E-01  3.5404971382413475E-01  1.7189345405104947E-01 -2.1204141315259128E-01 -2.5169015130907677E-02 -2.9712157456407168E-05
 -1.4557103570053812E-01  1.4449098891687752E-02 -1.1528228642322977E-01 -3.4317820725125836E-01  3.2992072638175687E-04 -3.2154025576186407E-02
  3.9303241082247337E-01  7.6895456617180036E-01 -1.4003886053767556E-01
ORDER     2 BLOCK     7
 -3.0626772036730614E+00  5.9690497825890301E+00  2.2666306052754603E-02  1.2972224511150041E+00  4.2046619033021386E+00 -8.4492993404458314E+00
 -3.0900073357270230E-01 -1.8618777871648040E+00  3.2710968150262287E-01 -3.8438401299883729E-01 -4.8138053187539370E-01  4.9714481707788128E-03
  1.0037508519237077E-02 -1.2133274947795699E-02  1.1631938788859757E-02  8.7482266631052942E-03 -1.2370604849643880E-02  2.4442626069407222E-02
 -2.2209039118521182E-02 -2.4816127951886494E-02  2.6837489797827116E-02  5.2729545741166161E-03 -5.2484769297810807E-01  2.3734845974965388E+00
  8.0121298804333096E-01 -2.4304438547686806E+00  2.8500480444203125E-01 -3.3840192914536815E+00 -1.7010103584558185E+00  3.5820479954197588E+00
 -5.4842589164864786E-01  2.7658990185945287E+00 -2.7140404362470777E-01 -1.2360188855070093E+00 -4.1405179980874465E+00  5.6227383915554796E+00
 -1.2169218988420718E+00  1.3421577377253094E-01  7.4578916681542462E-01  1.8406881283325904E+00  5.9071648030235560E+00 -7.0001842344810257E+00
  2.3971938562629007E+00  8.5438589963036285E-02 -1.9423330842616013E+00  8.8885242320250479E-01 -2.0199342055123304E+00 -1.1182446929771488E+00
 -4.8419622377783147E-02  4.5394461688038312E-01 -1.7619136385253295E-01 -2.1839042398027275E+00  2.5111383227246747E-02 -1.0299566621670808E-01
  4.4218852912665663E-01  1.0764682605727569E+00  1.0226403003557405E-02  3.5780107328577582E-01  8.8536571560942545E-01 -4.9918271474285369E-01
  1.2909095514852860E+00  1.1883537894003132E-02  7.6826031231995473E-01  1.2861039687695708E+00 -7.2587908444285287E-01  8.0828024959215330E-03
 -3.9563393289316573E-01 -9.1298421550009778E-02  6.2319548721914009E-01 -4.8380453577223780E-02  4.7451346025067761E-05 -2.3828052211692874E-02
  8.7306536984919053E-02  8.8099978245153504E-02  6.0975029076815138E-02  1.2327524677757799E-03 -7.3003943825695236E-02  1.3184682695588251E-01
  4.3173400924516402E-02  8.6953101598128326E-03 -1.3439077415191558E-01  1.4258687039935136E-01  2.3922874364011534E-01 -2.0731663531607294E-03
  1.1750245655333520E-01  3.1267013829115731E-01  3.8480299163392351E-02  4.0795117612338477E-01  8.1098957661776376E-03  8.0042127298606580E-01
 -3.4502377128740680E-01  2.6889768384926280E-02  4.0149617424190345E-04  4.3510742628685303E-02  6.4768820431529706E-03  3.2943761593190110E-06
 -1.8464717680099951E-01  1.4132546064304337E-03 -9.7260105595963181E-02  2.3237964197249231E-02 -1.6215094599196317E-02  2.1420207720185530E-01
 -2.6210627012566955E-03  1.7494350641468090E-01 -6.3256694577267736E-02
ORDER     2 BLOCK     8
 -2.8528942718186832E+00 -3.1257542243199615E-01 -5.5941023909200958E+00 -1.5189033363136675E+00  3.7941962116704891E-01  3.8612274061879241E+00
  3.7876528035211403E+00  1.5775470110319156E+00 -8.8913471526702009E-02  2.7459285929422328E+00 -7.5621143507767363E-01  6.8871497016351831E-04
  1.4302633656398381E-01  1.1552227433346240E+00  3.1717628986543295E-01  7.2737243215973661E+00 -1.4763172553979804E+00 -5.5531157874131720E+00
 -7.0604136248706633E+00  6.2267597374178552E+00  2.1023952482450467E-01 -5.0018626510355206E+00  9.7812925819450425E-01 -7.8247318936045138E+00
  1.3088458736818425E+00 -3.1144067442564767E+00 -8.9518522894256449E+00  2.6180334094239777E-01  2.0329921063688358E-01  4.1734498252041835E-01
  4.1015249974630463E-01  4.4638698860355985E+00  1.1422635427549753E+01 -4.3933669654569902E+00  9.9127960568276274E-01 -1.3670276727256708E-01
  3.7956659423464982E-02  1.0738284876117730E+01 -1.3068472413156365E+00 -2.2774412084977474E-01  6.1531384123129351E+00 -1.1098799645149755E+00
  5.9322565783867165E-01 -4.5243662160661746E-01 -8.5607668221516313E+00  1.9644602800684086E+00 -4.7306740642500600E-01  9.9178443827435403E-01
  6.6723802638485097E-01  1.2082976758210542E+00 -2.7462701852256410E+00 -1.1650702687013028E+00 -1.2640453954865520E+00 -7.0774758078918398E-01
  1.6810587588178502E-01 -9.0265976517696167E-01  3.4039616893867568E+00  1.4435236530494224E+00  3.7362252223942027E+00  7.5508581956729381E-01
 -1.6434329089930991E-01 -1.4802883283368148E-01  3.4390764085466113E-01 -4.0837712826797878E-01 -2.3157521609430303E+00 -2.1465541540546695E+00
  2.0069778182796241E+00  7.3173825113437663E-01 -1.5627496376361485E-01  9.9673471839665101E-02 -5.4010742984830759E-02  2.6550117317213244E+00
 -2.5562181985746322E+00 -1.0127948697933087E+00 -7.8833476113938206E-02 -8.8874511493808678E-02  2.0845873203280005E-02 -7.1167669132365160E-03
  2.6356682406945586E-01  1.3743846911983276E-01 -2.1074801543597446E-01  8.8294229609221189E-02 -1.2555391424723739E+00 -2.5859003052965301E-01
  2.0102896901809562E+00  1.7390215378963858E-01 -4.1656713485826322E-02  1.1392819842187597E-01  5.6968362919342992E-02 -3.1848701089998016E-02
 -4.1034085170354798E-05 -3.4547189650495341E-01 -1.6596409971412620E-02 -1.4278710692510705E+00 -4.5657512472452586E+00  8.2129755689013661E-03
 -4.6364728971700137E-01 -1.3153120678222940E+01 -6.0976805431614611E+00 -9.2844940792648364E-02 -4.5901780901065026E+00  2.6676169755425833E-01
 -9.0594227475424527E-01  6.7738998137983908E-01  6.6555319779833013E+00 -1.9306705781384176E-01  9.3854350066914549E-01 -9.0861412851719181E-01
  1.6234397559725353E+00 -2.1892339328306290E-01  2.4088142303190505E-01  1.4783829215545456E+01 -7.3276088246265285E+00 -3.5875347605187775E+00
  5.8818666123627306E-01 -7.7757780310213975E-01  7.4959926680999656E-02 -1.9605241649409642E+01  9.1040681402586880E+00  5.2262108028429539E+00
 -1.0802645844632555E+00  3.9033739432812453E-01  9.4340520135579933E-02 -4.9910874087092860E-01  3.6908101209540628E-01 -1.1925633634598141E+00
 -1.8253453380664131E-01 -6.0756382077118171E-02 -1.3300630351744442E-02 -6.4499032109874593E-02 -1.9314812733819026E-01  7.5002517691777526E-01
 -1.9609234743287849E+00 -2.6711182064813865E+00  1.1301362760067457E+00 -2.7366163046460751E-01  2.3918234148075905E+00  6.3183065629024497E+00
 -2.4947985127041821E+00  3.1131627046902266E-01 -1.3756142742084451E-01 -5.5897196226153889E-01  9.5221029801218729E-02 -7.2480283153227532E-01
 -6.5748459337243104E-01 -2.8865645848503503E+00  5.7970751376625007E-01 -5.5085444980078424E-01 -1.2007165526892196E+00  7.0363219359024287E-01
 -1.7531719630324269E+00  7.2417492815270474E+00 -9.5521686496762770E-01  4.4310535538687484E-01  2.8722891792273328E+00 -6.6170454841104598E-01
  2.1907872996447040E+00  4.9163324666241331E-01  6.8108531668193850E-01 -6.9688445775848451E-01 -8.0625142786818549E-01  5.8732643790931227E-01
  5.1147527268933644E-02  1.6879132117042959E+00  4.2680817354836167E+00 -3.0123729385483742E+00 -3.8688893223375326E-01 -1.0624463734871006E+00
  8.9571908567087688E-01 -8.9279132139101636E-01 -4.2094919524270177E-02  5.5481802288524562E-02 -3.7678028433300932E-02  1.5523047296911323E+00
 -1.1647190133850784E+00  1.2515434858753278E+00  4.6695010375565421E-01 -1.0622654523922409E-01  3.5247140283214448E-02  2.2169410658927583E-02
  1.0187734659806642E-01 -5.6592058205418086E-02 -3.5697144841283071E-02  6.5395747390339570E-02  2.2859223488607246E-02 -1.4872755964981891E-02
  2.5970802350314046E-02 -1.3382465318130946E-01 -1.5788257579934095E-01 -2.0195012128782489E-01  2.5699022008621808E-01  8.7475972232057136E-02
  1.1228797438978163E-02 -2.1754721374378319E-03  1.8364398160435136E+00 -3.7453054461730984E-01 -1.3053374485579311E-02 -5.4638020542806462E-02
 -4.7828390013251694E+00  1.8228751361625290E-02 -1.4053876921023631E-01  4.2448569160455987E-02  7.7134448245157368E-03 -4.8359207147227870E-02
  3.7822579023547354E-02 -1.2706794971440513E-01 -2.6414374132443220E-02  1.2908617603608674E+00  8.1471562831068134E-01 -8.3965950872816636E-02
 -3.1455789028140196E-02 -1.7544747267315908E+00 -4.1010274608504987E-01  5.4709516287492710E-02 -1.0706850420252255E-01  5.3432698383925267E-02
 -4.4912419739213100E-01 -3.2603533215726191E-02  6.1365630029719087E-01 -5.1378982448276622E-01 -4.5186479387851958E-01  2.8057636070572961E-01
  3.9724233177071334E-02  2.7459029043288646E-02 -2.9013872351323178E-01  1.5463119925681696E+00 -1.0524209342490960E+00  2.0992359598086577E-01
 -7.1626006110032037E-01 -1.2182620821969235E-01 -8.3359564173960743E-01 -2.1703323812567303E+00  1.4304536459737034E+00 -1.4041439151124319E-01
  1.4785401271162104E+00  1.2973942950915354E-01  3.1508779013644622E-01 -8.1574385540548869E-02  6.7478934110521763E-02 -1.2622251313451860E-01
  1.1857582554527062E-01 -4.7005610420041239E-03 -7.2717267629049565E-02  1.0329328773877600E+00 -7.0298110942325165E-01 -2.9172222709283230E-01
 -3.0204382022934778E-01  4.2833897757174810E-01  1.8454600441991631E-01 -8.7491301948702971E-02  2.0510789122021439E-01  2.3128377311146041E-03
 -2.0294759704003442E+00 -3.1228807904384783E-02  4.9940043678393831E-02 -5.0251137904750165E-01  2.4567317277964240E+00  5.0799193861455497E-02
 -5.2264113363376635E-02  2.1002622675247764E+00  4.1785984267088339E-01  3.0316200264301936E-02  2.2578525855326698E-01 -1.3024828939911470E-01
 -8.4570766832506838E-01 -3.1022110195302127E-01 -6.6385796391912888E-01  9.6587169942158421E-02 -3.8369313771899899E-01  1.7249484655995292E-01
 -4.0828948559367623E-01 -2.6670355377876898E-01  4.7614160999251792E-01  9.9898192706990199E-02 -1.8237447855483602E+00  1.3950760882272786E-01
 -2.0952479688160386E-02  3.1043715238620445E-01 -5.9537686175965920E-01 -1.6775011833648173E-01  6.8174031514113249E+00 -1.1842262112037714E-01
  2.2090114120563793E-02  1.3202759440577269E-02  9.2260803811414799E-02  4.0263984768916170E-02 -4.1431590453911066E-02  8.8885425485523660E-03
 -9.5829792337463835E-03 -3.5102327947953255E-01  2.5446538810740943E-01  1.7892329675276564E-01 -9.2754340997664997E-03 -1.1371389800063862E-01
  1.5609506424314445E-01  8.7153818343985179E-01 -2.6691933867221112E-03 -1.3105649846850045E-02 -6.6756568503821237E-02 -4.8534993444463694E-02
  4.1382007818101120E-02 -1.9277932980069246E-02  3.2855973283109952E-01  1.6382836317963383E+00 -1.6183432920770128E-02  5.6089901412200593E-01
  2.3998024876870871E-01 -1.5335480589989750E-01 -4.0286758327337768E-01 -4.7662834972827506E+00  2.3496705556090208E-02 -9.5811704681895482E-01
 -2.7896762130959635E-01  1.6707770479344716E-01  1.0580852629906310E+00 -6.9487551367308761E-02 -7.8552696830648930E-02  5.4612462201660765E-02
  2.4945809538051273E-02 -2.2495919365651505E-02 -2.9768791962265134E-01 -7.2903050622759591E-03  7.2497620724742307E-02 -4.1847613125763579E-02
  1.2887302754555030E-01  4.8171986157871256E+00  4.7621862454069457E-02 -4.5226210144351915E-02  7.3509655411458472E-02 -5.0778031194968327E-02
  6.6926146605770006E-03 -9.6735629752427738E-03 -2.9939985144626841E-01 -3.8150697214500025E-03 -1.8237612058615637E-02  2.4433207970325141E-01
  4.4969257671827272E+00 -3.6311155616727919E-01  9.8366206994784294E-02 -5.1436963918794676E-01 -1.2127319353211554E+01  5.1836119831880534E-01
 -7.7910963093007074E-02 -3.1645013013784878E-01  3.1907309326445657E-02 -7.4958116969837382E-02  2.4666228158670228E-02 -2.4685156090037880E-01
  3.5785313430938990E+00  4.9277572343233336E-02 -1.1472070292854297E-01 -1.3272113342669404E-02 -8.9847919810638568E-02  1.1175935475236277E-01
  7.3023890114214854E-02 -8.0674308300806886E-03 -3.9672254008431232E-02
ORDER     2 BLOCK     9
 -5.9430002928192505E-01  6.4546549585696011E+00  5.4115639793862691E-01  2.1572846208511640E+00  2.3762450313431907E+00  4.8423546833490722E-01
  2.1439942947304993E+00 -2.3644182901824000E+00  7.9883541480620268E-01 -2.0752485630364137E+00 -7.8022258758885394E+00 -2.2680965637870938E+00
  3.0703779639877999E+00 -4.1851420566877096E+00 -5.2214717252409555E+00 -5.2709604921532183E+00  6.3627616653831360E+00  2.3445138888443967E-01
 -1.2908716033474512E+00 -8.1544811549639731E-02  8.2568887706272368E-02 -4.3352050155377971E-02  3.0163579932673792E+00  1.8268647037431315E-01
  1.8948536128774944E+00 -6.8623825592121357E-01 -5.1248425480544704E+00  4.9631893280632084E+00  9.9555570827057593E+00 -4.6926334951557767E+00
 -1.7812263194747511E+00  3.4898559726307438E-01  2.2789938113005075E+00 -5.5215579287261773E-01  3.1213274628693872E+00  1.6742535476366025E+00
 -3.3026944876123365E+00  1.0935975623185593E-01  2.5072967955098885E-01 -7.6997324674182988E-01 -4.2702286350514909E+00 -2.3338485691127682E+00
  4.8058929628450322E+00  4.6919381541445060E-01 -5.1785533580012033E-01  4.3873326929125700E-01  1.2042855871835974E-01 -2.1862932697877804E-01
  7.9333319938959024E-01  2.9447760842505505E-01 -2.1350027422262210E+00  1.7091143214174059E-01 -1.6062653723490780E-01 -3.3943800752013809E-01
 -8.5466869393099965E-01 -2.8485269549656250E-01  3.6117526324536962E+00 -2.0610555852974183E-01  1.8490993187553867E-01  8.5282034719650568E-01
 -3.3290737821646377E-02 -2.8995179826424067E-01 -7.9833777173127896E-02  3.3130437897274906E-02  5.7894709132967836E-01 -3.5966287418907301E+00
  1.9037283861368692E-01  1.1057300683090711E-01 -9.1737716573098360E-01  4.8590543091071758E+00 -2.1417366980683386E-01 -2.0790884094614986E-01
 -3.0082464990180585E-01 -2.2709899149460958E-01  1.0232029725451590E-01  6.9364418284735052E-01  5.4287846954655583E-03 -5.6306776279867587E-01
  9.1742847665255767E-01  3.1896054699770642E+00  7.5236489230374259E-01 -4.0142341350792705E+00 -1.1092068623920663E+00  4.9290156551290112E-02
  6.2337961443045334E-02 -3.5907566572061406E-01 -2.1328448482771427E+00 -2.4461995293318144E+00  1.2922497831449806E+00 -1.0270183670854248E-01
 -1.0698658987071559E+00 -5.4653542455371462E-01  2.8771122329041607E+00  3.3568164955483462E+00 -1.2329015211172731E+00 -3.8344348862001165E-01
  9.4979337621371318E-01 -5.6348443264350512E-01 -3.9910479893068840E-01  1.7302435169374847E-01 -1.4339450017377786E+00  3.4520280658515295E-01
  3.2413627228172515E-01 -1.8076776318910148E-02  3.5822169118814701E-01 -1.0523299035540015E+00  4.5948482370863983E+00 -1.4185038468949924E+00
 -6.2029027275772473E+00  1.3076391686953592E+00 -1.0299387687681743E+00 -1.2585617777689925E-01 -1.3195636329198674E+00 -2.7481355971335452E-02
 -1.6779836149682696E+00 -2.1645246625281294E+00  2.4230446606682121E+00 -1.3020433173720778E+00 -3.9543592327230198E-01  4.0899371223217140E-01
  2.2791708923185938E+00  3.0921296105758400E+00 -2.6871395243803855E+00  1.3639749964320531E+00  1.7593045276337246E-01 -1.1586055013692320E+00
 -5.1918732962620773E-01  5.0149744418037556E-01 -4.0501371123791674E-01  4.8317318537280585E-01 -9.2035914208382877E-02 -5.9803714110580421E-02
  1.5103702589199803E+00 -6.8167342207129500E-01  8.8812681517048825E-02  9.4631871925720012E-01  8.2190876248472611E-01  7.5134215871700682E-01
 -2.7675553842026573E-01  3.6220831658179231E-01  4.3105739545566395E-02 -2.3047726551713948E-01 -1.0812575822841846E+00 -9.9388410526355409E-01
  2.9650299794004153E-01 -1.4423633761660044E+00 -3.5679938871648734E-02  3.1180594498523634E-01  7.4642029387799042E-02 -2.8994659690041166E-02
 -1.5611900071876777E-02 -1.8612394783468843E-02 -2.4853740759444649E-02 -4.5043826339437779E-02  1.6773630066422893E-02 -2.1452041393613938E-02
  1.1107693389751748E-01 -1.3273008355532998E-01  2.1096395410423202E-01  2.6118054865261869E-01 -2.7438327519712835E-01 -4.9505278709865451E-02
  1.9582055560598557E-01  3.1791242298550702E-02 -6.8606535559731230E-02 -3.5214138053793774E-02 -3.9072746862293992E-02  1.5343847597877613E-01
 -2.2869546898099810E-01  3.5527588906362614E-03 -3.3317946953922795E-01  1.4631477434419793E-01  4.3925770334278397E-01 -2.6203322133539630E-01
  1.3578302393655364E+00 -1.0156599305679699E-01 -2.6130086993111940E-02  2.5994349322630389E-01 -1.4327093687623468E-01  1.4249634237922117E-02
  2.0157568333885596E+00 -8.7395873623668896E-01  1.1809118644740129E+00 -7.6537297017314820E-02  6.2227886411053757E-01  2.9001632499652046E+00
  1.3779762673375784E-01  1.2327963729769302E+00 -1.6279423764133474E+00  1.6161758198849940E-01 -1.4804277914912924E+00 -4.7217013776551742E+00
  2.6305163033956380E-01 -8.3635947539782718E-01  6.4020757040900989E-02  1.3680458766719394E-01 -4.1116646680374090E-02  6.7683490470663535E-02
  5.9188011153270681E-01 -1.2482460075032695E+00 -1.1726476627979310E-01  2.4442841957554315E-01 -2.0145671377001756E-01 -2.0571035390602010E-01
 -2.1170194294739317E-01 -8.9819175482475037E-03  4.4753778047085147E-01  5.4394859301635972E-03 -3.1208726360866001E-01 -2.0874960930932415E-01
 -4.1342588846688844E-02  3.0293134240153269E-01  1.4791137990535050E-01 -5.6236676135484581E-02 -1.1807446803201242E-01  2.3609591379646114E-01
 -4.4379651544057058E-01  1.5627850955826125E-02  2.5408906208551924E-01  7.8867473243848718E-01 -1.0338031293270671E-01  2.8182259830568956E-01
 -2.5266813225055307E-02  2.5262115046972476E-02 -6.6920971668131102E-02 -1.1223253411655731E+00  1.0557248076386636E-01 -2.8589007927140292E-01
 -1.4608906100225802E+00 -2.7142203264929055E-02  6.0506417462165715E-02 -1.4823733390538074E-02  9.0168166605673644E-02 -4.7681260352596157E-02
 -8.5751759630979425E-03  3.8855425761242981E-03  2.3456426297203837E-02  1.3027016842287723E-02  7.2147091881079858E-02  1.3650089262774989E-01
  1.4150600337160854E-01  1.5145895202415099E-01 -8.8390810493313876E-02 -1.3244566333618200E+00  1.8002549270547185E-02 -3.1885179915008666E-02
  2.9319102257003141E-02  1.9594073459674921E-01 -1.8537088049530033E-02 -3.1105339199978287E-02 -1.0465583096524508E-01  2.0455351369453250E+00
  1.0008757076996062E+00 -2.0604723144584750E-01  9.0107064339612838E-02  8.6674516525096418E-02  1.0553189914389648E-01 -6.1953408554334475E+00
 -1.4740365884894280E+00  2.9798243349555781E-01 -9.5636067608030936E-02 -2.4122824997846068E-01  3.3435040468080235E-01  6.3462366306249629E-02
 -7.9610406953470358E-01  2.1193827613112566E-02  6.9843257621858515E-02 -9.3493773071114204E-03  2.6456645372846166E-01 -9.7020155621431292E-02
 -1.0186714811571156E-01  8.6688267027609206E-02 -9.0031062448563251E-02  2.5236010068249248E+00  3.9583873036237466E-03 -3.0643849055851734E-02
 -1.5893322867710585E-02  1.7822799347121721E-02  2.3405513748075764E-02  1.1600071637301350E-01  1.5180351891722914E-02 -8.5869984770073730E-03
 -7.0949074255008307E-02  7.8644698737822927E-01  2.1355988207578522E-01 -1.0093390564531579E+00 -2.4623899660654705E-01 -7.0425309931948538E-02
  1.5941920432706098E-02 -5.1033599332971618E-03  2.2809189423954693E-01  2.6106707911548815E-01 -4.5983769460696249E-03 -2.9813336504315967E-03
 -1.2030165533254386E-02  6.3663533770134256E-03
ORDER     2 BLOCK    10
  5.8100794122932309E-01 -1.4398758723696918E+00  3.2890186581318342E-01  3.3772733979795455E-01  3.4893007350501186E+00  9.4845065202627610E-01
 -2.5202761478691356E+00 -1.3021787922340951E+00 -5.3806065702911310E-01  1.4831321798746149E+00  1.8057723071872529E+00  1.2509265287276623E+00
  6.5089986381462384E-01 -8.4593440232227507E-02  1.4174491671397842E+00  2.4396092211457359E+00 -7.2250595959284620E+00 -1.1717870994183248E+00
 -1.8088591340548341E+00  9.0089764666992633E-01 -1.9354736764351593E-01  2.1224014152554957E+00 -2.5286108299728922E+00 -6.1737266225779974E+00
 -5.7360468071908768E+00 -1.9521030073444876E+00  3.4520286607003881E+00 -3.1744719015665929E-01  2.9836691341200866E-01 -1.6006649424769648E+00
  1.1388949117703694E+01  2.5484765031063068E+00 -1.2616400071403349E+00 -3.1571469324331964E+00 -2.5839903601107075E+00 -1.5862235729342191E+00
  1.1227576079565868E-01  4.4853368907948319E+00  3.6202536148873548E+00  2.0868461388374309E+00 -1.7914026950865167E+00  2.1993620054402535E-01
 -5.3830432244105775E-01 -1.2863821934787545E+00  2.6477856359506382E+00 -8.1915945349275976E-01  8.3926324327843183E-01  2.7064565219914245E+00
  2.9301246547606424E-01 -1.7249975756119167E+00 -6.1076547994460184E-01  1.4075646458013986E+00 -6.5610040035477335E-01  2.7892431486686831E-01
  1.6160977410103636E-01  2.4782102517822913E+00  1.3084052275804448E+00 -1.7586638923477362E+00 -8.8555709979747865E-01 -5.9886408587587403E-01
 -1.1734990762423523E-02 -1.3546442870596977E-02  5.3424210928310023E-01  7.7344591969828469E-01  8.1031019780114466E-01  1.1061330574056425E+00
 -8.0373752066643289E-01 -7.0006063858788062E-02 -1.4026463085631360E-01 -1.8994910341734839E-01 -5.9396315843131250E-02 -1.3237357449867375E+00
  8.9669228206977769E-01 -1.7594043486262703E-01  3.3366993282768898E-01  1.8322175045625028E-01  7.7245134596319140E-02  1.1680134266362002E-01
 -7.5582491953329290E-03  1.0734883885297683E-01  1.1706826359313499E-01  2.2617820782354019E-02  7.7782059104916657E-01 -2.2666314175409125E-02
 -1.2226953985556082E+00  9.2601378980546017E-02  5.4549523892520151E-02 -1.9213795804687350E-01  1.8949277442169503E-02  2.3821349856511013E-02
  3.8286530185958738E-04  1.0596665219702797E+00  1.5910025856512966E-02  8.6467942762428007E-01  1.8196751735227368E+00  4.5219460577199493E-03
  1.0677740540054119E+00  6.0867047409281545E+00  3.7345099221746256E+00 -7.7647655510553637E-01  1.1244647698560122E+00 -1.0297030700215062E+00
 -9.5565907420832041E-02  6.4676753982287927E-01 -2.1965042421162484E+00  1.4816602234547849E+00  7.4884409613768843E-01  6.5711145852024633E-01
 -9.0735570415004074E-01  2.4618761172562884E-01  7.3540039934727519E-01 -5.7787457769960504E+00  2.3387479667090816E-01  3.8062381318517571E+00
  4.1845947332676053E-01 -3.8349009656880267E-01  1.6593629218737271E-01  8.2544670332838113E+00  4.3400081423552678E-01 -4.7737211056656292E+00
 -3.7368511999955045E-01  7.0819812843805174E-01 -2.5802291091525337E-02  1.0737580145105004E-01 -9.3066007145740814E-01  7.3838445262564122E-03
  1.8991464829810700E-01  1.4169911154983245E-01  2.1474036598930915E-01  6.3551286929344142E-01  1.1155117931273826E+00 -9.2935844347802488E-01
  1.8968221464550026E+00 -8.0043537375222962E-01 -1.7327851081147934E+00  4.3794370668175492E-01 -2.5588613223906354E+00  2.6225786036408252E+00
  2.7523852016105188E+00 -6.0378994672828357E-01 -2.7124045365756144E-01  5.5616336538612399E-01 -2.1935167419296661E-01 -9.1714891307114776E-01
  2.0126011542038160E+00  2.6964038391131018E-01 -1.0097769830822638E+00  5.1227483703762611E-01 -1.4493147591998645E-01  4.3364503454423897E-01
  2.3021232896061239E-01  7.0994761954669960E-01  1.3305846514663278E+00 -6.5664132807285225E-01 -7.3445167569890601E-01 -6.6502422384174653E-01
 -2.7893506251037442E-01 -6.2248293789972355E-02 -2.3924140949318812E-01 -4.1661912035819326E-01  3.5026083243079853E-01 -1.6899568983975061E-01
 -8.5395937792895352E-02 -6.7507802425184826E-01 -6.9771769175973397E-01  3.7637499717438044E-01  2.4678786269883901E-01 -8.6702550110806242E-02
 -1.7023020663267666E-01  2.7928356665389165E-01 -2.2568455091429987E-01 -2.7860883047222075E-03  6.5852562784234792E-02  8.0580313355659655E-02
  2.0826382302343327E-01 -4.6978831075141064E-01  4.1404365773667606E-01  3.6244717306715385E-02 -5.4835087572783492E-02 -3.5577297919400237E-02
 -1.6448097255913591E-02  4.5126172428119088E-02  5.4145974046621706E-02 -2.4286124434392427E-02  2.0075963325615599E-02  3.5466763305036134E-02
 -1.0961512086746421E-01 -1.6615932491909510E-01 -2.2910951162385528E-04 -3.0947273559461325E-02 -7.9982933904626158E-02  4.8752944865068724E-02
  1.7119802459788416E-01  5.2295682399767389E-02 -1.2289597733107753E+00  1.3456585327056863E-02 -2.3523710642800069E-01 -2.5379844752719146E-02
  3.6895489654618188E+00  3.8282079779199660E-02  5.0423208481979627E-02 -3.5573870893012942E-02  4.1061641170538628E-02  1.1756043080988852E-01
  3.8811975842533368E-02  8.1847941034829813E-02  6.7283805475533628E-03  2.5335320713297088E-01 -4.7973858770874245E-01 -5.0268396964034970E-02
  1.6934977044544802E-02 -4.2188572534617180E-01 -3.9091474953367272E-01  1.9505150104392263E-01 -1.2256784122497083E-01 -1.4256346509124571E-01
  1.1268717867771285E+00  1.1108666531446655E-01  4.1169605243095830E-01 -4.7238254526709161E-01  1.4116983779212633E-01  5.4816483850903146E-02
 -9.0152694317471138E-02  4.0593390593435417E-03 -2.3275861107340756E-01 -1.4069709064743328E+00  1.2800374301815112E+00 -1.0086289579836108E-01
 -2.3691736895681676E-02  1.1262487779242396E-01  4.9893059170099258E-01  1.9576622103351111E+00 -1.7352664914131284E+00 -3.1595827898609125E-02
  4.7637398497386485E-01 -1.3113769390451535E-01 -1.1216768858093962E+00 -6.9675608341994777E-01 -1.5983006702882510E-01  1.2828092762754256E-01
 -9.2679501277888279E-02  2.6890355234665146E-02 -7.5039780553475255E-01 -2.0197096478128948E-01  1.8987079745203304E+00  3.7844483340145157E-01
  1.4852423848991331E-01 -4.4005057363937838E-01 -1.5123206216010390E-01  7.5255596408950354E-02 -2.0487331893262986E-01  9.2984107861241172E-03
 -1.5610082504325618E-01 -2.2977520376370722E-01  2.1283485796398591E-02  3.0579502554898752E-01  6.3203842995418161E-02  4.6241601180980851E-01
 -1.0777288126798230E-01 -5.3484475241382445E-01 -2.9427362071362340E-01 -3.2417304044550288E-01 -6.7788795364243454E-02  3.4120021124507266E-01
  9.2957016065142473E-01  1.1943036782964137E-01 -4.7418648304667632E-02  3.0739678117876431E-03  9.6806130365636256E-01 -1.2258005489828258E-01
  3.5138691451024939E-01  5.4288059800059163E-01 -2.8121217092219963E-01  1.6579669006988268E-01  5.2679567441611730E-01  1.8040039816888845E-03
  2.2473631403862496E-02 -7.4851934126741992E-01  2.1531169589938870E-01 -3.0502785023245599E-01 -2.2622128481656389E+00 -1.8445296749521053E-02
 -2.3688191666278682E-02 -9.0219126883019835E-02 -1.3349737788488431E-02 -5.0650993241368888E-02  1.2353760826071916E-02 -1.1563182090321799E-03
  3.4449115074125548E-03  9.7674170546898031E-02 -7.9069923681831147E-02 -1.4232993211210396E-01 -4.0571805551006153E-02  1.1034801730952548E-01
 -2.0743570715660578E-01 -6.3034155826292448E-01  8.0166391148998786E-03  1.1423605600333850E-02  8.6948465902320603E-03 -5.7997204410598548E-03
  2.2544521772804502E-02 -1.9260992404842595E-02 -9.7837648410454406E-02 -4.5438119827230503E+00  8.4828314373997094E-01 -3.6174745939598039E-02
 -9.4006636167579746E-02 -1.4690364870132791E-02  6.4710221277270594E-02  1.2332730753302354E+01 -1.2013060565743383E+00  9.5702090872599094E-02
  1.3901100491049381E-01  3.3803321339028726E-02 -3.0420621736463843E-01 -1.1529352535693803E-01 -1.5572608618644640E-01 -3.1947476293830331E-02
  6.8323348235040479E-02 -9.6832299965581486E-02 -4.4426154739175233E-01  6.7533586759842201E-01 -1.9950682425704008E-01  2.4419247052169701E-01
 -9.2462126834532685E-02  1.8573064010311748E+00  4.0900805552494300E-03 -3.6387467519161137E-02 -6.5763272731209313E-02  2.0744648154439337E-02
  3.2315072878527633E-02  3.5378315537847579E-02  5.7511326433680197E-02  5.2234364730047410E-03  1.2202472038754368E-02 -6.8416434616529145E-02
 -2.3206409274417066E+00 -5.2601386387314666E-02  1.4203790827433782E-01  2.6263057957811548E-01  6.0192665145153752E+00 -3.4167726702990585E-02
 -2.9795220081775403E-01  1.6775619657853166E-01 -1.1890187840382188E-01  6.4091408130304811E-02  7.0275246573219985E-01 -1.5324624938989845E-01
  1.1696933322534224E+00  3.4624849199556128E-02  2.7961404624778585E-02  2.2809778705836889E-03  6.7616572116940860E-02 -6.6107546072474141E-02
  6.3655054447214657E-02 -7.8665657721220961E-03  2.0972016337265666E-02
