SURFGEN.GLOBAL Hd COEFFICIENTS FILE V:2.8.8
high order tester                                                                                                                                                                                                                                              
ORDER
    2
COEFFICIENTS
ORDER     0 BLOCK     1
  1.2902792768861879E-01
ORDER     0 BLOCK     4
  2.3902352245507227E-01
ORDER     0 BLOCK     5
  8.5181420700087829E-02
ORDER     0 BLOCK     8
 -4.7895609375305692E-01
ORDER     0 BLOCK    10
 -1.8620471699229171E-02
ORDER     1 BLOCK     1
 -7.6138833324933597E-01 -8.7319529952056163E-01  8.6094721636222549E-01 -3.2125662293331039E+00  2.2977553064665126E+00  1.5680748026225393E+00
 -3.4727953731558174E+00  7.6254318982573661E+00  5.7141315642339419E-01  7.9657231057728972E-01 -7.5853412829279224E-02 -9.3921739346385491E-01
 -1.6117025030147758E-01 -1.9447596348322943E-01  1.5755851560194065E-01 -1.3817553459258194E-01  3.5091569800318141E-02  1.6844359474150544E-01
  2.1931351228136820E-02 -6.2415540887234500E-01 -4.6736128338975824E-01  8.8925327815343880E-01 -3.3480907622644267E+00
ORDER     1 BLOCK     2
  1.6210954140757855E-01  7.5670784269433050E-03  3.4462768266955141E-01  9.7306635445624090E-01
ORDER     1 BLOCK     3
 -2.8670929976324144E+00  8.3896689886040832E-01  4.8997327013068261E+00 -2.0891119750589078E+00 -1.3090528974178453E-01 -6.2950551164971363E-02
 -7.8565979263284819E-02 -2.8399778969668250E+00  3.1184620749812364E-01 -1.7582342855401797E-01 -3.9923876546431480E-01  1.4185556940817148E+00
  1.6932183231392295E-01
ORDER     1 BLOCK     4
 -2.6239829397999442E-01  3.9123763440389531E-01  1.0861023364967985E+00 -4.1356447213786840E+00  1.0908901088273846E+00 -1.9137232117090552E+00
 -2.9182632765485037E+00  3.6565912314769373E+00  9.1844057725936945E-01 -1.1976395294523307E-01 -1.3676025874845371E-01 -1.0176409180249548E+00
 -4.4767729219695274E-01 -2.6485140162062892E-01  1.2055912929936252E-01 -1.4264526219831986E-01  2.1913291017731462E-01 -2.7330018213306873E-01
  2.7236963299961425E-01 -6.1271324850047415E-01  1.1822727319048263E+00 -1.0760440359275163E+00  1.4392607460166680E+00
ORDER     1 BLOCK     5
  7.7449270503487999E-01 -9.7683122806609290E-01  6.8931716686042244E-01 -1.2218208939132451E+00 -2.2596612605492443E+00  2.8028999234574319E+00
 -1.3449564278028603E+00  1.1536078488631714E+00  1.7212543460418621E+00 -7.6389368330554552E-01  9.3581232397087835E-02  5.8316168015653425E-01
  4.8775518334830015E-01  9.9936188272475968E-02 -3.0665698785216461E-01  1.1536525412180013E-01  1.5898228422651511E-01  2.1722332351681300E-01
 -7.5406984708292178E-03 -9.7402181064766258E-01  3.9632496727205058E-01 -3.0444299291934906E+00 -1.9037367908260538E-01
ORDER     1 BLOCK     6
 -1.3518375644699598E+00
ORDER     1 BLOCK     7
  7.6140627208450468E-02 -9.3413774032838140E-03 -2.5997098999894996E-01  2.8324106019912548E-01
ORDER     1 BLOCK     8
 -2.1945629561945621E+00 -8.9044120553589312E-01  1.8027192300176137E-01  2.2558432978111873E+00  7.4591035975901239E+00  5.5328180121511430E+00
 -3.8458596572315957E+00 -3.4839580851713294E+00 -1.0966816503942800E+00 -8.3832446213905620E-01 -5.0557904044047842E-02  4.3353852424037170E-01
 -3.5136969832514164E-01  8.3937894493359511E-01  4.5503864330646721E-01  4.6096562677302422E-01  5.2012434815452459E-02 -1.1471436032830984E-01
  1.6287810018882973E-01  1.2254826790869928E+00 -4.5141568668253240E-01 -2.1188401488790651E+00 -5.3448467968712277E-02
ORDER     1 BLOCK     9
 -1.4465526293278814E+00  8.1173945952437332E-01  3.5782630840000254E+00 -2.1316952390721582E+00 -9.3453592285769893E-01 -9.4911746821089132E-02
  7.9700841295363445E-01  6.9447445353277504E-01  1.6148295188657613E-01 -4.1935167498360904E-01 -3.6915084890743216E-01  7.9418333640356142E-01
 -1.3073526394458512E+00
ORDER     1 BLOCK    10
 -4.4285705270920495E-01 -2.3064680854319408E+00 -9.8945129671735699E-01 -1.2560250190849551E-01  3.7942807129289635E-01  4.1214747311450184E+00
  4.4006952531834829E+00 -1.6750768196623744E-01 -1.6951751867933766E+00  1.3089959752927605E+00  1.0331861572611881E-01  6.0297506193732385E-02
  7.7995716250301517E-01 -3.0965732064865148E-01 -1.5346817433607843E-01 -5.7890633644419869E-02  6.5603751950936387E-02 -9.5535711804679624E-02
 -6.8091243543316110E-02 -1.7823910582937469E-01  4.7105469395536376E-01  2.8309196532672748E-01 -6.3551534839228530E-01
ORDER     2 BLOCK     1
 -2.1075520550402542E+00  1.4102351121181453E+00 -1.1735897212566193E+00  1.3623999722070008E+00  1.4993472663116522E-01 -2.0415003781802437E+00
  1.6812663347246792E-01  1.6176463537228734E+00 -7.3352057447690452E-02 -1.4384920416853544E+00  4.1099279361689700E-01  6.0730937311549194E-01
 -2.5385814718115207E+00  1.2228815993717836E+00 -1.6070106228439451E+00 -1.1802308932678110E-01  1.8985139092580741E+00  2.8588681136901024E+00
  2.8415136747462375E+00  1.9779788602656414E+00 -7.7694112488912026E-01  2.1407919967932419E-02 -8.7941970031186678E-01  2.4839674454625437E-02
 -7.1232216404128246E-02  2.4033971546563113E+00  1.2179902287643452E+00  6.5686309481430161E-01  2.6774683980264236E-01 -1.7001279859572307E+00
 -3.5220291257694485E+00 -3.3291272043748013E+00 -2.7426401965840776E+00  2.4500637011867998E+00 -7.7410408711752010E-01 -5.7123646670678441E-01
 -1.0331400526481940E+00 -4.4725728377326917E+00  1.3798629026044931E+00  1.7548588841547654E+00 -1.8780848583395646E+00 -2.5786162814000269E-01
 -6.0973599587621170E-02  2.6242615679031073E-01  2.4605491844603664E+00  7.4473855955598500E-01 -1.0699384728225303E-01 -6.7641933271374410E-01
  3.9119709466565211E-01  4.9133146817837953E-01  1.9292825682392545E-01  1.5520707562481473E-01  1.2196309719189617E-01  3.5907457662982684E-01
 -2.4603191492848647E-01 -8.4519561643550301E-01 -8.2166196849811704E-02  3.6153927032579448E-02  3.9010718826909724E-01 -2.6625839393843398E-01
  2.1514645555079376E-01 -3.3052419902730590E-01  6.9058053466623237E-01 -3.7627707932326487E-01  1.5534402383288385E-02  7.6207615573469911E-01
 -8.9977195676639654E-01  3.1482953817030196E-01  7.6854978072645588E-02 -6.3226268433595079E-02  1.6051369680420727E-01 -1.1850324465239259E+00
  1.3179066331368254E+00 -2.1480316570952768E-01 -8.1212250119039722E-02  8.0978370996417429E-02 -2.2707731978218099E-01  5.8652495934996017E-02
 -3.4651812843038060E-01 -1.0271788396416841E-01  1.2951273802735974E-01 -8.8447091663778038E-02  1.5113792471280783E+00  5.5106164632325143E-03
 -2.2795560758229567E+00 -6.5522434231759907E-02 -9.6520621039992028E-03  9.5776653614649626E-02 -2.7294789231801210E-02  4.0668319310818617E-03
 -9.9298809727280923E-05 -1.3002528345628421E+00  3.7681146979680599E-02  2.4584208115613388E+00  1.3638543496477977E+00 -2.5136580933803339E-02
 -1.8449847801954340E+00  1.3229342113644582E+00  1.7158084784948038E-02  4.6561713091436578E+00 -1.4421930585117160E+00 -1.3259625227674138E-01
  3.7444207292361037E-01 -5.9355959839255847E+00  1.5303861593335886E+00  3.0122809220682417E-01 -7.9760972980392841E-01  4.8172073162934337E-01
 -8.0313948175041339E-01 -1.5736177049439418E-01  6.1805301217663655E-01 -6.5050714744141092E-01  1.2159224834582727E+00  1.5193661543930295E+00
 -7.5824870900028241E-01  1.0961696199691071E+00 -1.4154099696401976E+00  1.6956441380212219E+00 -2.9507050829098418E+00 -3.1719749636388443E+00
  1.3705232011518242E+00 -8.7822070695592347E-01  1.3202946924207806E+00 -2.9212666047001784E-01  7.7080479859357909E-01 -1.8992443357201433E-01
 -2.2423330542443901E-01  1.1602585730700671E-01  4.1106211229794153E-02  1.4774409781249723E-01  4.3949661538498647E-01  1.3355175001410127E-01
 -6.4252196635437953E-01  4.1632109972163267E-01  4.9794074235704677E-01 -1.7155986969333464E-01  1.0640711521578099E+00  1.8747621000360395E+00
 -6.5103872786519168E-01  3.0301563822812124E-02  3.7206015254698699E-01  3.7948751019924953E-02  2.5020829991957466E-01 -5.3765857047192689E-01
 -1.0284350170070578E+00 -1.2765421239453270E+00  5.3286366614463332E-01 -3.3161824339956808E-01  9.6910958601726693E-01 -2.6126121350946890E-01
  3.8825584179485306E-01  1.5724944865557429E+00 -8.6065791594190577E-01  5.5319152508534430E-01 -1.6695062305842809E+00  3.0641397901790252E-01
 -4.9387248950851803E-01 -3.3779683843469482E-01  7.7830532314905915E-02  2.5851416044269682E-01  9.4777473205152285E-02 -3.2644118411080519E-01
  3.0126541773172927E-01  1.1390343721394982E+00  6.6193139472098095E-01 -5.4138448827437502E-01  4.4334836864025000E-02  5.5724872091066813E-01
 -2.8672305331778408E-01  2.1707164456480832E-01 -1.5530207511969627E+00  7.3230458440105201E-02 -1.9228059151548581E-02 -7.7021886347912094E-01
  4.1719101435511474E-01 -3.0219743996274623E-01  3.9147329255087979E+00 -7.3642688664395189E-02 -7.5011883461580213E-03 -8.1247729570463875E-02
  4.2159207960689076E-03  4.4330450198913358E-02 -1.9023870128478202E-02 -7.6990605838432022E-02 -5.0185927666576320E-02 -9.3348663904739212E-02
  1.0612699966297091E-02  2.2482833605272676E-01  4.4680624914144373E-02  1.1012027798093010E-01 -2.3625724102317142E-02 -8.6525524699526596E-02
 -1.4588581950877919E-01 -5.0209858490950429E-02  3.2528662975956879E-01  1.4952615569226693E-01  2.3329142461530381E-01  5.1196078918065789E-02
 -1.0309747581689992E-01  2.1795020743859587E-02  3.0766192673764250E-02  8.1101277554874503E-03 -1.0682572797130214E-02 -2.3651605144675659E-02
 -1.9320386624619129E-02 -1.8363113297066359E-03  5.7302896086465147E-03 -7.4009147314843093E-01 -9.0310965668017162E-02 -2.2801970600280855E-01
 -1.2222322709754378E-01  1.0535472398309509E+00 -1.2736601120505725E-01  3.1840778593923474E-01  6.0034843786988779E-01 -3.0347718822361952E-02
  1.1068844499805621E+00 -3.5332773543765954E-02 -4.7800498155035265E-01  2.4327667713243328E-01  2.1338228158201381E-01 -1.6650626077543829E-01
 -2.1940851699299241E-01 -1.2135966275897535E-02  2.1863443273832334E-01  3.7749306707532715E-01 -4.8636759337524466E-01  1.1810054059659146E-01
  4.2196790424778313E-01 -2.2112578234498340E-01  2.7468048543130025E-01 -5.4293408741504212E-01  6.6627209372380514E-01 -1.5824225409300313E-01
 -6.6375225929618276E-01  3.1688105543059258E-01 -5.7405347527949213E-01  1.5138013455917443E+00 -1.2330068339843202E-01  4.7873085101111407E-02
 -5.5457748450751909E-02  6.9479199969459532E-02 -9.7735720761933251E-02 -2.7617973087226522E-01 -5.7975453925571541E-01 -9.9249483844796121E-02
 -2.2669809621606384E-02  7.8771988714610844E-02  3.2175930862989255E-02  3.4574809023708672E-02 -2.0453318680446286E-01 -1.4160264248870895E-02
  1.1639832784783295E+00 -5.4641900144887134E-01  7.6849135787896497E-02 -4.3335536376029915E-01 -1.3278595695164490E+00  3.2730377573900044E-01
 -7.5110998489972269E-02 -4.0016962321434146E+00 -1.6481317248876654E-02  2.5153578236330237E-01 -8.4398250101750283E-02 -2.4401084688441219E-01
  5.1086991395856785E-01 -4.1612435693708277E-01  3.7299681033858828E-01 -4.5060293183817129E-02  5.3893102484038857E-01 -1.3914100677016289E-01
  4.3355975806514895E-02 -6.8453523237008901E-02  1.2329837914595292E-01 -1.6688795516362484E-01  9.2371185019694668E-01  8.1975578608270878E-03
  6.2828362214255862E-02  6.5007482321034482E-02 -8.6858585567540808E-02  2.7355225969200980E-01 -3.0157592689856880E+00 -1.3258392464846768E-02
 -6.4132638061762753E-02  3.5999680652942331E-02 -5.2531575529463685E-02 -1.9579728915376887E-02  2.4335431021626466E-02 -1.4083120198816985E-02
  9.4493519989711158E-03  1.2027102604532987E-01 -1.9907594218068239E-01 -1.9174990176992335E-01 -2.8148762188646839E-02 -4.3786865972496189E-02
  7.3966516542266436E-02  7.4212750651276183E-01 -3.5458563604358539E-03 -5.0926468690968467E-03 -1.2837393376338840E-01 -1.1465226296112280E-01
  1.3630958847356781E-01  2.7741807561100684E-02  3.6991203806804845E-01 -3.8218552352095303E+00 -6.2838275148015943E-01 -1.5855360914812808E-01
 -1.5145242315060628E-01 -1.3803710486696569E-01 -4.0601674269901716E-01  1.0132543647201462E+01  9.0385394188183699E-01  2.9592027881731381E-01
  1.8995196046363316E-01  1.8004401814821860E-01 -5.6397228845284819E-01  9.4708267410168079E-02 -1.1863620553816173E-01 -8.0635536575566699E-02
  3.6380848075697421E-02 -6.0151618110740844E-02  1.7759769841910233E-01 -6.5986708206712291E-02 -7.0349470631377836E-02 -1.2355749913109740E-01
  1.9639315800808690E-01 -1.6948492123029604E+00 -1.9864114838127087E-02  3.0045564406721056E-02 -1.0360449420145005E-02 -2.5206652888752241E-03
 -9.4735565051926318E-03 -1.2767816960317310E-02 -1.3971225290011010E-02  6.9445524698038439E-03  6.0296396015877022E-03  5.0088269982719502E-01
  3.4276627483548534E+00  1.5298896533393264E-01 -1.8872315114573338E-01 -7.5264364796239880E-01 -9.4303101664273861E+00 -1.7512263248998347E-01
  1.9901379666102861E-01 -7.1343348305087919E-03 -4.6849704554201205E-02  1.8035352066790387E-02 -1.2512629760826560E-01  2.2056603153311474E-01
  6.3725452037210051E+00  4.3363236999581056E-02  4.0647816756944948E-02 -6.0866177635823466E-03  3.0377716593390773E-02 -5.2315369039517570E-02
 -2.2457661335515296E-02  1.1993300373584278E-02  7.7354045044787344E-03
ORDER     2 BLOCK     2
  1.6890308370318632E+00 -2.3150330426368892E+00 -2.0937836181384935E+00 -4.0248087959829038E-01 -3.2399972303967277E+00  4.2476305829748409E+00
  1.6557181578639246E+00  1.1232513831195504E-01  3.1076665083677379E-01  2.7165849778912837E-01  7.5926680405304547E-01 -5.2574802851775147E-02
  3.3450600926992105E-02 -3.5280865215451844E-03 -2.5467532597941319E-02  6.4700671276336413E-02 -4.1513612066293261E-02  1.4544198508918604E-03
  3.3241702788263598E-02  1.8269775939012755E-02 -1.6170299748872021E-03 -6.0362498140074158E-03 -2.4873584649992120E-02 -1.5142779247795921E+00
 -1.2066661601410427E+00 -2.8224526237951495E+00 -2.9144919996351576E-01  1.6424210619746598E+00  1.4720208763422378E+00  3.3466160852134474E+00
 -8.9555814491962504E-01 -1.3634159450074468E+00 -9.9429876450113475E-02 -2.9035917087321126E+00 -2.6727714878712971E+00 -1.2158099191182226E+00
 -2.2521772018106351E-01 -4.6324057566242333E-01  5.3913764197861958E-01  3.0609659958810140E+00  3.0268525901670587E+00  3.1469243642052458E+00
  2.3850113169978404E-01  7.6578573227214758E-02 -4.6292210086870977E-01  1.1796813634435794E+00  1.7381473927169213E+00  2.5155622853298951E-02
  2.9159518999724732E-01 -1.5411288791866301E-01  1.1291112997078842E-01  2.4772533171207529E+00 -1.9599827612301418E-02  9.4999529100928337E-01
  6.6278840490219793E-01 -2.2823443016749607E+00  6.8924730586940833E-02  2.8050331658525658E+00 -1.8673799584580056E-01 -1.3800360636745022E+00
 -3.9207025083743030E-01  9.8516826973588725E-03 -8.3572826155566016E-01  1.0922215360590335E+00 -3.3895375582344683E-01 -2.0329286917641787E-03
  2.2089159840304526E-01 -8.2219510590080702E-01  1.3939856480878148E+00 -5.0528686447661057E-02  2.2183063314898644E-03 -2.5885249689476929E-02
  1.6957532233532670E-02 -7.7536878392473335E-02 -1.7190426436862700E-02  1.1684671026529988E-03 -1.1036861253930549E-02  1.5116591339513073E-02
 -3.6593568831202977E-01 -1.6647782895021841E-02 -7.6906319827581293E-01 -6.8448321973732767E-02 -8.5167349692459385E-02  2.1411671397172146E-02
  4.3763231235363248E-01 -1.0911464315886010E+00 -6.3923146931782937E-01 -4.1474229132700458E-01 -4.7164912081891176E-03 -6.7718940155651619E-01
  5.8791583518666013E-01  2.0601523986811261E-02  2.3754171065697643E-04  5.1199523285318120E-02 -1.3964349387826308E-01 -8.1681697871063663E-02
 -6.5775535963758944E-02 -6.8429248679098961E-03  1.5412957594217486E-01 -3.6283919516128604E-01  4.1744400959242139E-01 -2.1260514777004319E-01
  5.7641280750139233E-03 -7.0161902693307499E-01  2.9123412992424696E-01
ORDER     2 BLOCK     3
 -1.5120549678777471E+00 -3.3030063366928992E+00  8.1496280400518206E-01  2.0690928168132636E+00 -8.2454929700751606E-02 -9.7036533862821750E-01
 -5.0487846840008981E+00 -5.7223003777782493E+00 -7.3844828519632325E-02  1.4246930429589906E+00  2.8294677832907396E+00 -4.7129754935455492E-01
  2.7602405899371454E+00  5.4835673559108189E+00  1.8021175613955775E+00  2.0259231250101175E+00  1.1519991339058597E+00  3.0911430450915517E-01
 -2.3111250996827049E+00  4.5993043393713027E+00 -2.2238910346205840E-01  1.0010927470346115E-01  4.4225764044618501E+00 -2.1640623456434351E+00
  3.0813970337292664E+00 -1.2473012885561053E+01  6.5594986258579970E+00  6.5074192101978223E+00 -6.0820868055170321E+00 -5.2004882076424739E+00
 -9.2692071120028774E-01  2.3390543854868248E-01  1.7040016680021630E+00 -2.8280002588006038E-02 -2.4091106153367194E+00  1.9743320406853713E+00
  1.8449505177323227E+00  1.9980734901768565E-01 -9.1376790849720646E-01 -9.4605969226904271E-02  3.7024335060702676E+00 -3.5018355320871488E+00
 -2.2568356999175290E+00 -6.0188608667195909E-01  1.0537807091142317E+00 -6.0303031139351199E-03  7.0147162117922501E-01  9.3517391723973076E-01
  3.1870416292007436E-01  1.6305430466669988E+00 -9.2063629378924561E-01 -1.4395183084198607E-02 -1.0165010314286571E-01 -1.0057639828608425E+00
 -4.9530315674086145E-01 -2.5769705938295582E+00  1.1780000352794116E+00  8.5543180915825384E-03  1.2755250027796328E-01  1.5830319498387837E+00
  3.3427458276624505E-01 -2.2033743188053351E-01 -2.9723631915707721E-01  1.6608167315885092E-01 -3.4020122298363861E-02  1.1479390999341053E+00
  6.0658439360668174E-03  9.6374217353827646E-02 -2.4035326018081787E-01 -1.5465581387146072E+00  1.4504431546223179E-01 -1.8453880211602952E-01
  1.0023062875642483E+00  8.1199590600151486E-02  2.5455862880973085E-01  1.0774548173455458E+00 -1.6846158454997266E-02 -1.9337339660770554E+00
  1.0671264536322573E+00 -2.1324008311721885E+00 -1.6481533316477048E-01  2.9525704746028700E+00  3.1616324955892755E-01 -3.2594600224085019E-01
 -1.0430920713106787E-01 -7.3017633650686822E-02  9.5491909316402179E-01  5.2592801007706014E-01  5.5360728613841905E+00  2.8201940624438797E+00
  1.7698012703249541E-01  2.0476827280222804E-01 -9.3604299163419291E-01 -3.6956216368153316E-01 -5.7531261427139597E+00 -2.7481051824025950E+00
 -5.9192324814591313E-01 -1.3726988739193389E+00 -1.6406707824273314E+00  1.6457309868192642E+00 -1.7447695864863395E+00 -1.0098719628414658E-01
 -3.3372549586621503E-02  2.9338906337315118E-02  6.6924667626915857E-01 -7.7243284315031191E-01 -1.1467991895493197E+00 -1.0402057720473051E-01
  1.8914087001305959E+00 -1.4377961616957916E-01  1.4153976546273098E-01 -5.2547302330483447E-01 -2.5103866287272169E-03  3.1335530635096673E+00
 -2.8910861926624509E+00 -2.3385716981855320E-01  9.9397352030336550E-01 -4.8359540239441051E-01 -1.1538028120248485E-01 -1.6758319565279931E+00
  5.7263509825868333E+00  3.8243634464071580E-01 -1.7398447001763848E+00  4.7133047711230236E-01  1.1642296822200622E-01  2.6858498113269840E+00
  5.8516094672763592E-02 -3.9894183221899021E-01 -1.4878723958170142E-01  4.3408502509912295E-02 -1.9064923105133388E-01 -1.9881633622896172E-01
 -4.6419234565259593E-01  9.3813793969744863E-01 -4.6786076254773773E-01  2.1033504276569942E-01  1.8819489661230931E-01  9.3664819642056263E-01
 -6.1021816765913195E-01  4.1030103181214264E+00  2.4033223841260224E-02  6.5817661486440138E-02 -1.7964880463007205E-01 -1.2924131189198320E+00
  8.6765891950891605E-01 -1.1150678462740776E+01 -2.2034190244924725E-02 -2.6172727657237171E-02 -1.1630800156398401E-02  1.0314710810940325E-01
 -1.0982851490598257E-01 -7.6745445076647961E-02  5.3356185053962051E-02 -1.1597551298934640E-02 -1.5160139997009819E-01  4.1698662204043224E-02
  1.6139737621336251E-02 -8.8478423353180818E-02  1.1834307280431154E-02  1.6223166179280513E-01 -9.7062181397229175E-01 -6.2293618812290612E-02
  1.4143630061442576E+00  9.3103446579954854E-02  4.9106475880873857E-02  6.2946407842406543E-02  5.0661896299933645E-02 -5.5754776482303835E-02
 -1.7337970630603486E-01  1.1146306146598025E-02 -1.0802048876234758E+00 -1.5664029832714119E+00  1.6242656752671947E+00  2.5343483756430931E+00
  1.2527258950715900E-01  2.6836477794812164E-01  5.7410797933015054E-02  6.9614604417710146E-01  1.1657312429153384E-01  2.9919317582063183E-02
 -2.5013384760282573E+00 -1.9162737538166101E-02 -8.6877492069878826E-01  2.0283406628645344E+00  1.3247578978248450E-01  4.8848616104038731E+00
 -2.3615527900080400E+00  5.5455284785593154E-02  1.1172535018443386E+00 -3.1935265974062421E+00 -1.4137653185094948E-01 -8.2163474284475395E+00
  7.9866700478853814E-01  4.9054063078465265E-01 -2.9664849861921611E-01 -9.3612996838998389E-02 -3.1483070864890994E-02 -5.5710269379782677E-02
 -2.6558447532329071E-01 -3.0577471060683470E+00  1.9818064931156451E-01 -3.6518412992905597E-01 -3.5640022568892638E-01  2.4896591919756483E-01
  4.1439982485538712E-01 -3.3659071815622013E-02  7.5374063400242886E-01 -5.7985318494495753E-04 -6.9080512222019885E-02 -3.9543737885361718E-01
  1.0844501375552240E-01  1.6327461029683832E-01  1.4433204540177511E-01 -3.5606204902321636E-02  2.4690459253974148E-01 -1.4245846111720530E+00
 -1.0648039814203812E-02  1.2045500842822642E-02  4.4604589413678430E-01 -2.3175124930611904E-01  8.2377445240698066E-02 -4.9628774055029851E-01
  6.1049042278011356E-01 -1.8303514245152624E-02  8.3862732805529791E-02  3.2812231271253062E-01 -7.4852285482073538E-02  7.1140390869507131E-01
 -2.2775730970656181E+00  5.4908337187740868E-03 -1.0393138439775744E-01 -4.3040389660862391E-02 -4.3975112635769732E-02 -6.6039540988671069E-02
  1.4300702303854074E-02 -4.2971313331856163E-03  1.3003871962523512E-02  1.3680135178428593E-01  2.5745770438060579E-02  5.2485436784126651E-03
 -6.0953306007284352E-02  3.2181692171910848E-04  7.0988061411296849E-02 -2.7762765012516377E+00 -5.9890394488696470E-03 -1.7599957074636182E-03
  2.3473460367949815E-02 -4.6914803044338885E-02 -6.1784807451699376E-02 -6.9162571765704563E-04 -3.9227303084569776E-01  1.5815648492002254E-01
  5.0034787756691035E-01  8.3898994782850858E-02 -4.6090116163937772E-01 -5.7148937065662830E-01  5.8808064922793324E-01 -1.2395942864592246E-01
 -7.0008020719038899E-01 -1.0134287837663877E-01  5.3329017650050881E-01  7.5063101693603607E-01 -2.4656156000074128E-01  1.6194252092225744E-01
 -6.8568941138062436E-03  1.2968608627590589E-01 -1.9212485534510204E-01  1.3750918864314554E-01  5.7666018862725647E-02 -2.0925139330208181E-01
  8.0330014014470918E-01  5.5120865639004937E-02 -8.0886805302090012E-02 -1.0939156710083187E-01  5.5562553732808974E-02 -7.4626994802526991E-02
  9.1282235698880165E-02  5.5618094475484672E-02  2.3716630080056958E-01 -1.9760710339349372E-01 -6.4409835944963828E-02  1.4415881852190126E-02
  1.4022143415666608E-02  3.5992719669735590E-01 -1.6627163166749476E-01 -5.3648818540957088E-01  1.1419365458697969E-01 -1.5048101578758391E-02
 -5.6544664354734417E-02 -8.1091459748722394E-02 -1.3084732759826695E-02  1.2029818214474422E-01 -6.1594728678302200E-02  2.7191403284951753E-02
 -6.1031734350279205E-04  4.3986687629089534E-02
ORDER     2 BLOCK     4
 -1.0491162681264319E+00 -3.3858561056211722E-01  3.5865912792143795E-01  1.8495144345361065E+00 -3.2697296251056679E-01 -1.2788726287748235E+00
  1.2404197996878010E+00  2.3408831225225754E-01  1.5493331950148099E+00 -2.0380556426849861E+00  1.3326858012055618E+00 -6.1048024171383719E-01
 -6.6671852573575885E-01  6.8113421128385998E-01  2.6692845834206330E-01  1.2322132005277320E+00 -9.4953366370799319E-01  1.9099307999154485E+00
  2.9996679263991060E+00 -6.8818050481744641E-01 -9.5607250644815334E-01 -1.6266056080173037E+00 -1.9765594210680595E+00 -9.4693715718347149E-01
 -5.2738720863642985E-01  1.7716144019877069E+00 -1.6336044619275634E+00  3.7686132460583478E-02 -8.0875772818066116E-01 -5.0020098604459728E-01
  1.6826437285887599E+00 -2.6191750840899841E+00  2.5623020152978508E+00  1.3430072087644460E+00 -1.9090850330436018E+00  1.5264183490880295E-01
 -6.5126880865592474E-01 -1.1582800758838854E+00  2.8061883374076273E+00  7.1995177927040710E-01 -2.4346195115918756E-01  1.8627898629266975E+00
 -8.5787281948411931E-01  1.2336227375107636E+00  1.8916138607378407E-02 -3.0286170529521113E+00  7.9349454981785128E-01 -1.8095801935979405E+00
  2.6123598790874925E-01 -1.0329159856586962E+00  7.8380532857244001E-01  6.8785454250545153E-01  3.0536223622585967E-01  1.6571681946104204E+00
  3.6877903309279669E-01  1.9649605085240600E+00 -1.0957368210602954E+00 -8.7167717551719281E-01  5.1208046706347565E-01 -1.8437676163677910E+00
 -2.7053879177504092E-01  2.1698616440689064E-01  1.4279041629376705E+00  3.2559787618048719E-01  1.7365299131975991E+00  1.5429320857202877E-01
 -3.4392725176196665E-01  3.4856160161781458E-01  8.3131964282945225E-02 -1.9711879036942495E-01 -7.8930130471367280E-02 -9.2672213807238141E-02
  5.3162576102937842E-01 -5.2202010856034464E-01 -6.0463079417700565E-02  2.4783506825962420E-01  2.7788316492442636E-02  2.4285286680411045E-01
 -5.3125391985166193E-01  4.1696355145114722E-01  8.7532043827708642E-02  1.2957117146397806E-01  4.1158369132081940E-01 -5.0360904977789021E-02
 -5.6816222053810994E-01 -4.4424809863622551E-02 -3.4856390626922723E-01 -2.1725435960911396E-01 -6.9500332126116213E-02 -9.2829179749030783E-03
  4.5037943124292802E-04 -9.1838891278683421E-01  2.0355730755638589E-02 -1.5695371057445504E+00  6.7787622471152575E-01 -6.8279371655668118E-04
  1.8128733784139852E+00  3.7619375037531908E+00  4.8313160438544589E+00  8.8607119357172355E+00 -3.1096345715812652E+00  4.1987386267256677E-01
  5.8219103303636099E-01 -1.2559436236608434E+01  1.9334205649182328E+00 -4.5249145223861154E-01 -7.4532654519186969E-01  1.4155005943392565E+00
 -2.5660443011439953E+00 -1.7561175127264558E-01 -1.1802044849123614E-01  7.6739474447952516E-01 -4.5593469422766146E+00 -1.6515450133461551E+00
 -1.8458716999146310E+00  7.2155342587213767E-01 -3.9512642619998106E-01 -6.2000778723864058E-01  6.3854289493654033E+00  2.9621285956008712E+00
  1.9466385732467286E+00 -8.0329494780239186E-01  9.3874603834323878E-01  1.1575439829962693E+00  7.4218155883946924E-01 -3.4331516438029280E-01
 -4.2293775778326176E-01  5.5619822000592942E-02  1.8825429276975880E-01 -5.2092956440280513E-01 -3.9952921983667206E-02 -1.3428770030460657E+00
  1.1767846969774771E+00  8.8187409677475659E-01  6.0415357425764216E-01  3.3033795586722553E-01 -1.5916953721657174E+00 -2.6390329734143148E+00
 -4.2268592936335708E-01 -4.1485586422212095E-01  5.4194322090072911E-01 -6.7790055244628250E-02  1.2546149952893051E-01 -2.6655819352624439E+00
  4.1937049495257250E-01 -6.8312925914975753E-01 -4.7650720370895916E-01 -3.1244447349153125E-02 -2.7254270165855116E-01 -2.4910089987492537E-01
 -4.5473637000736999E-01  1.9632041959642457E+00  6.8757661900202038E-01 -5.3623576702784566E-02 -2.1813949726628683E-02  3.4309945969855837E-01
  6.5197193947303389E-01 -3.2952593824501539E-02 -3.5031964583007175E-01 -4.7086787004219734E-02  3.1158992948445746E-01 -1.5299905190088919E-01
  2.4373515734034173E-01  2.0641441674066976E+00  4.1014653405522700E-01 -1.0182219428842094E+00  1.1578235251158267E-01 -2.2718471256327580E-01
  3.3205790278151998E-01 -1.9540450501291523E-01  7.0691317966522449E-01 -1.2750139401835668E-02  5.5068889984728045E-02  3.7227221606660449E-01
 -4.6188461317395452E-01  2.7969893910473381E-01 -2.3769132457603255E+00  5.5748978021196291E-03 -6.5253072121511352E-02  4.4263430667913307E-02
 -6.8298779821139841E-02 -2.1444830882075355E-02  2.8224871143048239E-02 -2.4211706054533887E-02  8.8747423415849909E-04 -6.9326598835611417E-02
 -7.1195286049168749E-02 -2.5430523469620381E-02 -1.4937969140451060E-03 -1.9473184197161306E-02  1.0157751843917517E-01 -3.3014839833771417E-02
  7.2276860650828212E-01  9.7722404203572324E-02 -9.0592448428741187E-02  5.1071018678680039E-02 -9.4344537180465216E-01 -1.2084458556107072E-01
  6.3912314316749863E-01  1.1079588412458499E-01  9.9343963531661916E-02  3.0191450418542549E-02 -7.5269797243185096E-02 -7.3881514736056794E-02
  1.7925758128393257E-01 -1.0719855617597137E-03  1.2553703276324445E-02  1.0498175774365985E+00  2.7535388566641095E-01 -1.5662847791874104E-01
 -4.7822067892181380E-01 -1.3633093271365666E+00  5.9263875259559540E-01  8.4573989775689543E-02  2.9342176542937337E-01  2.2905631131630896E-01
  1.9849410882616778E+00 -1.2554227467260637E-01 -1.4797576639834598E+00 -4.9318724478092640E-01  5.5827522041476119E-02  2.3975409080159876E-01
 -6.3182077451684568E-02  8.3382717701416864E-02  3.6594724264527406E-01 -2.3494542173455306E+00  5.4715048628946983E-01 -3.1589860809184678E-01
  9.5927916304612570E-01 -2.4215221202062313E-02 -5.8262552291486780E-01  3.2602195785414341E+00 -7.4296030867980167E-01  5.4837870874541761E-01
 -1.8401612287980531E+00  2.0639742567431472E-02  1.7370569973825860E+00 -1.8348644476887910E+00 -2.3524045637993236E-04 -1.8451172618523740E-01
  1.9984126292267365E-01 -2.1538480420949878E-02 -2.9775955872523036E-01  1.1514799622917713E+00 -1.0835762841778278E+00  1.8495007391686780E-01
  1.6025338393650648E-01 -5.1226743716956513E-01 -2.2400158533241754E-01 -2.0242057753320324E-02  4.3932915856281729E-01 -1.5006036062276672E-02
  3.3096140608990043E-01 -1.0753392031767977E+00  2.1621216461127202E-01 -4.4360784844401460E+00 -5.7397112595316080E-01  1.4434550252605896E+00
 -1.0628092830018399E-01 -2.1041257748777809E+00 -3.4572032396274105E-01 -3.3049141160169859E-01 -1.8210956369188747E-01 -7.1509215384536540E-01
 -1.5990198587703472E+00 -1.2315551245880195E-01 -1.4158270852558668E-02 -5.4347518368136290E-02  1.1299676538495197E-01 -1.3465293911668949E-01
 -3.0857659293943929E-01  3.2090013722998983E-01 -1.8255463942942354E-01 -1.5058382611774634E-01  7.4595365162741470E-02 -8.2119212462102464E-02
  2.5254539517629057E-02 -4.8170831683206633E-01  3.0319805196099503E-01  2.0397368588043691E-01  1.5503978917624092E-01  7.9151981135320043E-02
 -2.5025287440983108E-02  1.8395971366658350E-02  4.7564134296425374E-04 -1.8957312538275824E-02  2.5170297388371114E-02 -1.1281995848576318E-02
 -3.0802959783993887E-03  4.8640532760548659E-02 -2.5753120979001159E-02  1.3690800057898484E-02 -4.2347526787825600E-02  2.5388044636264009E-02
 -3.2136657794584814E-03 -2.1215039671927234E+00 -8.8473369350452122E-03  1.2361474612724367E-02  1.9937322398121410E-01  2.8309865419661417E-01
 -2.5584493456523300E-01  3.2917741623863593E-02 -2.9194757549340016E-02  3.4776765013525601E+00 -1.7036571226747796E-01  3.6059427286030804E-01
 -2.6244379366762705E-01  1.9546544954204926E-02 -8.4758289574909926E-02 -9.9538961270421069E+00  2.2349588793758546E-01 -5.3070587582670037E-01
  3.7257362460073457E-01 -2.0844436317867209E-02  9.8871913721517490E-02 -5.6356144169164145E-02 -1.7463539616183815E-01  1.0082627596475337E-01
 -6.3559256975993267E-02  4.2356877728634279E-02  4.1545788524668816E-02 -4.6788543409075012E-01  8.4507893374514809E-02  7.3503346111308456E-03
 -4.8062195528830530E-02  2.4989775966260117E+00  3.5019377759802163E-02 -4.4229289799828722E-02 -4.7935928091463575E-02  1.0781669848237564E-01
  1.2477258170989571E-01 -8.5596017614894576E-02  4.1049118021034843E-02 -2.9406662833236803E-03  2.8065928655368264E-02 -4.7594234083236639E-02
 -4.1011488245166081E+00 -2.8410798700157646E-03  6.7614043074826990E-02  1.8327940075909996E-01  1.1151132177629778E+01  1.5828625441631019E-02
 -1.0238165400007311E-01  1.5668177337027372E-01 -5.1112081651331749E-02  1.9511664550244323E-03 -1.7784244255401807E-01  9.9632006029721012E-02
 -3.1027869948090530E+00  3.0715298774551411E-02 -4.2045116646566898E-02  3.6149755943935484E-02 -2.2497050217948830E-03 -9.9996528051766009E-02
 -7.1619567101706264E-02 -7.1620221163955153E-03  1.1300678875699214E-02
ORDER     2 BLOCK     5
  5.8700870256073867E-01 -2.6835211411529357E-02  5.5952189445091505E-01 -2.8084128491910878E+00 -2.1294656169061441E+00 -1.0114336846619747E+00
 -1.1833199964808905E+00  2.4420985022622468E-01 -9.1941566430768296E-01 -5.1729160673785420E-02  2.3098390329170688E+00 -8.3447839453203143E-01
  3.5753555860200736E-02  1.5565123505910927E-01  1.4510603933421692E-01 -1.5313410852416391E+00  4.0783758864881872E+00  1.3878468399228132E+00
  4.6509532950999494E-01 -5.4291830010385167E-01  1.4873410279850903E+00  1.9546846271996325E+00 -2.9921354508923801E+00  2.0472478797363016E+00
  3.1374904447343277E+00  9.3873972074289291E-01  2.6288626282716363E+00  3.1929065602967169E-02  3.6722745169596133E-01  1.4323820204858810E+00
 -6.5905211458268731E+00 -1.2892905604999172E+00 -4.6719009984752313E+00  1.6571726546243040E+00 -2.5063081320794347E+00  9.0155497377467630E-01
 -8.6207767965197635E-02 -4.1604026989619776E+00  3.2555038821182292E+00 -1.1902228374544732E+00 -4.4291222668723798E+00 -1.1597081631406136E+00
  1.4622448272281427E-01  1.0484275794042490E+00  6.2581208346713586E+00  1.2779532532174482E+00 -2.1408045615809987E-01 -1.8449096204980295E+00
 -1.5136869712022796E+00  7.1887209794431250E-01 -1.2563989411458072E+00  7.1493052184406725E-01  1.9933390702240363E+00  2.5249729519486297E-01
  1.6166771689633269E-01 -1.7939129032890069E+00  2.1852528799451338E+00 -9.8004489996846755E-01 -2.8065171047067166E+00 -1.2734436484537592E-01
 -2.2129600961712270E-01  7.7998161076283212E-01 -1.2373724997389695E+00  4.4090089027498364E-01  1.4990776000807826E+00 -1.1472649888051156E-01
 -3.9680998588043132E-01 -5.8393409405000363E-01 -5.3273373264613594E-02  5.2078873700039545E-02  1.3806557548194384E-01  3.5833179219509931E-01
  4.5203952157598493E-01  7.5176357726850074E-01  4.6528375514492806E-02 -6.9751794140809287E-02 -9.6105435513324983E-02 -4.5924833981193031E-01
  4.6954139169423809E-01 -2.0322445038071651E-01  4.6843443397025591E-02  4.6689659437892918E-02 -4.5389184377278241E-01  1.2794551850393532E-01
  5.5778809494924142E-01 -1.0374978630047438E-01 -1.9940351777599483E-01  6.2639007811529975E-03 -3.8904428843700323E-02 -8.0168080474499158E-03
 -3.2581938477042199E-04 -1.1136450292574818E+00 -1.0021485762312462E-02 -2.9176156609946702E+00  1.6213359311296478E+00 -1.8464609982246555E-02
  1.8970057924660046E+00 -1.4483039843796226E+00 -6.3644987725685709E-01 -2.8566268184922579E+00  2.3246150818986391E+00  2.7044012248616095E-01
  1.7554621869020168E-01  3.1855008408361449E+00 -2.8432786306042059E+00 -5.1232007549846470E-01 -4.1631781932396533E-01 -3.1590381147872310E-01
 -3.1293093783752335E-01  2.3157585673919032E-01 -1.1628446599442801E+00 -8.3411550723163561E+00  4.3111577183834893E+00 -3.1505333011771595E+00
  1.5658730170390724E+00  6.5136182155964661E-01  1.4618075559415735E+00  1.0049938029122551E+01 -4.3034248388774472E+00  4.6044773063317930E+00
 -1.3215398492469159E+00 -6.2850375242886858E-01 -1.1557661966405557E+00  9.0874286080319544E-01 -1.3968544372290976E+00  1.0222911670122545E+00
 -2.4292907199095642E-01  3.0706701894735228E-01 -8.5036899391206469E-02 -9.8298980000416381E-01  2.7212111689826901E-02 -5.2051743441302767E-01
  6.2203749354376991E-01 -1.6860904048558631E+00 -5.7290610376237927E-01  7.2331698043116854E-01 -8.8400379485209735E-01  3.5774761375709550E+00
  4.1489860635752790E-01 -7.4502148516566913E-01 -4.5418566724656712E-01  6.2563481677129262E-01 -1.8402200184218245E-01  1.2101057645481585E+00
  5.5700140255572780E-02  1.6910709326284918E+00 -2.1828393335298796E-01 -5.8387367232752874E-01  3.7021958272627678E-02 -3.4617083126466175E-01
  1.0850956083428825E-02 -6.6985732737796122E-01  4.6407994674129804E-01  8.4416747509153933E-01 -4.9940200806693463E-01  3.4005264227251553E-01
 -7.0073203590723465E-01  7.1921282930396249E-02 -2.5740913139321348E-01 -7.9210222976337716E-02  2.0247445185135393E-01 -1.2341646287742440E-01
 -3.1924713656748149E-01 -1.6406944589450632E+00 -3.3288706095556186E+00  3.6764906135767892E+00  6.6566947098725182E-02  2.2316340883833602E-01
 -5.8902365489053299E-01  8.3362273494719891E-02  3.0506751111790784E-02 -3.1743517456967706E-02 -3.1857575871463886E-02 -2.7981985738953868E-01
  7.1899803088642611E-01 -3.4962502850546785E-02 -3.3083365717744395E-01  3.0787959652883005E-02  2.7370893596351122E-02  1.1517074080864556E-01
 -9.7192883565613675E-02 -5.3526438049428936E-02  3.5799840950972665E-03  5.4277139833198533E-03 -1.0027252258151591E-02  1.5482829219882760E-02
 -3.6272071326837754E-02  2.5420552349505403E-02  8.0684231753783364E-02  8.4082879874978603E-02 -2.5664756526050680E-01  6.1669832342512082E-02
  1.3866285977886998E-02 -2.0855300513369309E-02 -6.5876219332340413E-01 -4.6089637021993035E-02 -1.0061877779111335E-01  2.0223179513830004E-02
  2.1835377975327104E+00 -4.0355922493559869E-02  5.7412012371639100E-02  9.4617255989523572E-03 -1.1443078212770068E-02  4.8438292056086794E-03
 -5.6245619079649992E-02  4.5819988284926179E-02  1.2186930853478162E-02 -1.5013211981901851E+00 -4.5389449210993527E-01  4.4082073282121598E-01
  1.4254522149075890E+00  2.0842174272963683E+00 -1.1829527894800034E+00 -6.9133824403914690E-01 -2.8563718505154410E+00 -3.8448776134600874E-03
 -1.1341731956154588E+00  3.6509566800057881E-03 -6.2718179196091750E-01 -1.8920648097315659E-01  7.9520892261771225E-02 -3.3795262094871736E-01
  1.7287061541975957E-01  4.7856468749212608E-02 -4.5245660662628201E-01 -4.4316221968214337E-01  9.9345345692087625E-02 -3.3768936069058259E-01
  5.6663687100282467E-01  1.1470969602836070E-01 -2.6665465802657123E-01  5.7797739755685862E-01 -1.4081670134266427E-01  5.5510381831567457E-01
 -1.3561082224121732E+00 -1.3894776030792691E-01 -1.0585995054729373E-01 -4.3360760647679447E-01  4.3338009255894615E-02 -2.7254534737615650E-04
 -2.3198793080755266E-02 -1.1961076437903310E-02  3.2019768611601052E-01 -2.6517789214738319E-01 -3.0400243738231009E-01  3.0135953132184808E-02
  1.8024268181042497E-01 -1.4697349814809890E-01 -9.8492056188177732E-02  1.2782013598469892E-02 -3.6992906217911882E-02 -3.2327282236814577E-03
  2.3761581150656426E+00  1.1982659858096183E+00 -2.6737093830845104E-01 -9.1888090000510092E-01 -3.4346356157354840E+00 -1.5142437353452247E+00
  2.1806945726517088E-01 -6.6719152107929969E-01  3.7205761613844229E-02 -6.8258091788328878E-01  5.0356587490607195E-02 -1.5812965955013217E-01
  9.7458340320485148E-01  4.6501320042234784E-01  3.6625963530196026E-01 -4.4158197230823253E-02  4.3390681791273256E-01  4.2600305124348155E-02
  9.7506792518698968E-02  1.8853440006377187E-01 -3.2117036725044407E-01  1.1757739939117105E-01  2.1125656018571988E+00 -2.1807184710836137E-02
 -2.7907468072350495E-02 -2.6131117590993330E-01  4.0619113569528759E-01 -1.8076235936094248E-01 -8.7406375302828678E+00  1.7523936021155890E-02
  2.9043328928739311E-02 -1.5313651668449580E-02  3.6084956022499275E-02  1.0321811627550141E-02  1.4895600041212036E-02 -1.7314662772434056E-02
 -3.9109914817742411E-03  5.2531447444791456E-02 -8.8236864422890152E-02 -1.3210545997247075E-02  1.4064053905152106E-03  5.2649682926085538E-02
 -1.7723833841181991E-01 -7.3709751458742323E-01 -4.2577467974791814E-03 -3.0995914317216654E-03 -5.0465069760071138E-03 -1.3246954497548244E-02
  9.7975328550004466E-03 -3.4770214870916529E-03 -4.0961631458197384E-01  1.0380474829163232E+01 -5.1978281301711629E-02  3.0528059018664749E-01
  7.3992902732001070E-02  1.6892695463594518E-01  5.3425559295473712E-01 -2.8576786549770215E+01  3.1427654576010350E-02 -4.2925462691655303E-01
 -9.8105562278574351E-02 -2.0165557671997267E-01 -1.4473412053923657E-01 -3.3489849769006963E-01  4.6774680328987256E-01  5.5079028695393890E-02
 -7.8372331478901172E-02 -8.1651248888876052E-03 -1.5378121163828100E-03 -8.1198101004759149E-01  1.8373053313673893E-01 -2.3018048395283409E-02
 -1.3880535234700922E-01  6.1621355624423249E+00  2.7355144811355179E-02  4.6378664504785052E-04 -4.4583036509270556E-03  1.4269131507022907E-02
 -3.7016107958697762E-04  6.7190762865785153E-03  6.4883608836220394E-02  2.1443716884622906E-03 -8.4994808626477590E-03 -7.3934433290237589E-01
  2.5157367400471373E+00  1.8262539958560403E-01  3.5837392456391087E-01  1.0462382478057939E+00 -6.5649895973396708E+00 -2.1567464391863009E-01
 -6.2521110049503470E-01 -7.3585294855298231E-02  5.4954824931965185E-01 -2.4756543674722357E-02 -5.9952908500523394E-01 -2.3158273974222809E-01
  7.1472137897120624E-01 -1.0461638639186412E-01 -2.5970166052980994E-02  1.4357082989758466E-02  1.2566636890889110E-02  7.3971114627528964E-03
 -1.1652551224844999E-01  1.4485649719429063E-02  7.2824460663207585E-03
ORDER     2 BLOCK     6
  1.3090882898572564E-01  6.0054737870930319E-01  4.4160306025327500E-02 -3.3008695573241442E-01  2.2095076888410048E-01  1.1065084113336274E-02
 -5.3327175850915498E-01  6.8541691377877086E-03  1.3631659091969305E-02 -1.9399765553964221E-02 -1.5000793457105472E-02 -1.8790956351755865E-03
  4.4655328128560406E-03  1.5994630730076953E-03 -7.4136485378922128E+00 -2.7174070248976878E-01  9.4442835735049151E+00  1.0218150561442165E+00
  5.6339658166287454E-01 -6.8492172577123966E-01 -2.8404877949370611E-01  1.0648799601405052E+01  5.6890237774118386E+00 -4.8756990372631668E+00
  9.6555905922792484E-01 -7.9607244458361537E-02 -5.6010760197571319E-01 -1.5046538399311595E+01 -8.5220802378399672E+00  8.2746244746815094E+00
 -2.4689362839501028E+00 -5.7620927659627008E-01  6.1265406791062071E-01 -8.1051482750989345E-01  3.3842190586836440E-01 -8.7803220469790522E-01
  3.0570741130729251E-01 -8.7111792005223476E-01 -5.4127190685068091E-02  1.0319164170804414E+00  1.7576206686483102E+00 -1.9128883966164627E-02
 -1.3857164903631856E+00 -5.3433925757770995E-01 -1.2182138752548186E+00 -5.5356925887884856E-01 -4.7864313259087604E-01 -9.9396910756980369E-03
 -3.1772554074309491E+00  2.1830620892413335E+00  5.2061093754855470E-01  1.3702388125512964E-02  6.8344809991745963E-04 -9.6082238883496290E-02
 -2.7209598378803150E-02 -2.0354127272051054E-01 -1.9868855108977251E-01 -8.1362703602327863E-02  5.2779255112533496E-01  7.4432445592024820E-03
  3.6863864640495325E-01  5.0821178947570411E-01  2.6968740864020446E-01 -6.4836745741002366E-01 -2.0934595838602268E-02 -5.4068644840246302E-06
 -1.8187793142061956E-01 -1.1122923616712820E-02 -1.7541909726390401E-01 -5.1581937427874447E-01  2.4740067536003314E-04 -2.7902211921416192E-01
  4.1672325234382124E-01  7.9702997822919630E-01 -9.7514472274925643E-02
ORDER     2 BLOCK     7
 -2.8862207964218625E+00  5.6359111635938612E+00 -6.8744010237081654E-02  1.2695774885781439E+00  3.9597101231104825E+00 -7.8705036207868364E+00
 -2.0765517893946123E-01 -1.7428235381831523E+00  3.6165214511699750E-01 -3.9205509476372297E-01 -5.2953040896311332E-01 -3.5938825486172910E-03
  1.1641473341535469E-02 -1.1901578155313827E-02  1.3554023479365091E-02  1.8171739568454349E-02 -1.5645009198410317E-02  2.4353666110756737E-02
 -2.1690497255543041E-02 -2.8342880143560886E-02  2.7123704858365585E-02  5.2397300077416569E-03 -7.4902329235432208E-01  1.1704443891833223E+00
  8.2623644023098908E-01 -2.9930705032390899E+00  6.3945993796824951E-01 -1.6282444646677869E+00 -1.7757140143073187E+00  4.1982005150266115E+00
 -5.9633461871428783E-01  2.5798612745226035E+00 -3.3614861977460225E-01 -1.5631268277286827E+00 -4.2252269910756652E+00  6.2246458489556868E+00
 -1.2745481848647080E+00 -1.9954801259005761E-01  9.0413829718464134E-01  2.2285639159699291E+00  6.0428830113882217E+00 -7.6521428452955780E+00
  2.4273376322137499E+00  4.1716640580997200E-01 -2.1510793659109999E+00  8.7209923550283663E-01 -2.1837391156871582E+00 -1.0466293223699810E+00
 -9.9734161098676166E-02  4.9202424460823291E-01 -3.8975999689740826E-01 -2.1182565014516213E+00  2.7924216490793383E-02 -4.7373095555809674E-01
  9.1493336733065611E-01  9.6052408463011241E-01  1.6260086691093283E-02  9.6839271892331391E-01  1.0957794252490767E+00 -6.1366048123704853E-01
  1.3150469377212644E+00  1.2716802755968509E-02  6.3171195198469177E-01  1.4824731203531480E+00 -7.4075184189546917E-01  6.1062865837838822E-03
 -4.9232549593242392E-01 -1.4403118455740183E-01  7.2377098704931531E-01 -6.3210934269441341E-02  3.1473846615582407E-04 -2.2834709387462078E-02
  9.1357698872715373E-02  9.0905657779492346E-02  6.6321906211728315E-02  1.3793079616335356E-03 -6.8806199170630841E-02  1.2791694725006184E-01
 -6.6922675210398935E-03  9.5275944022209028E-03 -2.9387370598591500E-01  1.9785776874301350E-01  3.5759391402920032E-01 -5.7150521591187962E-03
  1.0030823412058401E-01  3.2212532675897054E-01 -6.5983728271861830E-02  3.3425676180911501E-01  7.8450180719846028E-03  7.9247311332540127E-01
 -3.7054653110360647E-01 -1.9765291039525153E-03  5.8527875655992588E-04  3.5680193147024288E-02 -2.9426970073967964E-02 -3.0238262804199795E-02
 -1.1059295448117724E-01  9.8734368901018128E-04 -1.0273409228399233E-01  8.9670410460820624E-02 -3.7340043189172722E-02  1.1628236264565546E-01
 -2.0126501437043639E-03  2.6839841843860179E-02 -6.9044690449353380E-02
ORDER     2 BLOCK     8
 -2.7176396993947201E+00 -2.2346512702666163E-01 -6.8237141504119094E+00 -2.1525729593730132E+00  1.5074013905268013E+00  3.4939037026057820E+00
  3.0774698113120245E+00  2.2932056914465906E+00 -1.8372930490487260E-01  2.7988012774619575E+00 -1.2585632517966856E+00 -2.5369249190868082E-01
  2.3150400353902392E-01  1.0057467606660095E+00  2.3483175181998348E-01  8.7581240832839118E+00 -2.3521392642145620E+00 -5.0753288840170576E+00
 -7.0648210051093869E+00  7.7177796537519576E+00  5.1070053803997795E-01 -4.0332190105970085E+00  1.6562124500055775E+00 -9.6097168114751597E+00
 -3.6724568531273066E-01 -2.1482767917543453E+00 -7.5349902359964416E+00  3.7438774049921741E-01  2.8903583252196829E-01  7.3771914753395806E-01
  1.7375794845196648E+00  3.1487281450121807E+00  9.4154125428840842E+00 -4.2784828139709923E+00  1.6232605137925069E+00  1.9713793726081044E-01
  7.9901849255929275E-02  1.0143286022892280E+01 -2.1604936691960512E+00 -6.7792847300117576E-01  7.2450193981787834E+00 -1.0658342494405459E+00
  6.6134721780348704E-01 -5.9085552835246047E-01 -1.0046997296168335E+01  2.0225273602859506E+00 -5.6295870763035527E-01  1.3120036592166890E+00
  7.7389312887642825E-01  1.5158193983317270E+00 -3.4055561787625215E+00 -1.1237127310833894E+00 -2.0532807291872164E+00 -7.1383550889882807E-01
  1.6200334145734774E-01 -1.2703930414865883E+00  4.3603709985498531E+00  1.3829068753046347E+00  5.0030168158702386E+00  8.2948072749642165E-01
 -1.7894276128451730E-01 -1.5489132030695479E-01  1.7337948508251369E-01 -4.3994772888427619E-01 -2.6026011205998669E+00 -2.3051417561926497E+00
  2.5338088052649534E+00  9.7296519749531085E-01 -1.9888173600375303E-01  5.9887722009103937E-02 -4.6196313297909311E-02  2.8462120834478157E+00
 -3.2827140828517312E+00 -1.3544826929157061E+00 -2.7716344676868315E-02 -3.5027964902032922E-02  1.4642570324718640E-02 -8.1667356324786736E-02
  4.6700054100397009E-01 -1.5146787707997456E-02 -3.1411998960976389E-01  1.1686969103917338E-01 -9.8565593000425245E-01 -3.2577221304783438E-01
  1.6034060444181979E+00  3.2930583785506418E-01 -7.7864773777368224E-02  1.5523467316981449E-01  6.9239092203045596E-02 -3.0614854642826764E-02
 -1.1094811276549832E-04 -3.2602765950411422E-01 -1.5308782128418300E-02 -1.4420198357060530E+00 -4.6575857450207643E+00  4.5137132132852583E-03
 -5.0647905098720358E-01 -1.5545998079229973E+01 -7.8120596030363334E+00 -7.2592126233125231E-01 -4.7318448549845957E+00  1.3830853577181032E-01
 -6.3547614681150288E-01  1.8335911274124828E+00  7.1034384797243177E+00  5.3135960573523197E-02  5.8742492579704642E-01 -1.2852034394037788E+00
  2.3423761633733680E+00 -3.0755448045370304E-01  3.6571562986139300E-01  1.6841108512598563E+01 -8.8648565516607878E+00 -3.3078228948113089E+00
  6.2483074887539025E-01 -7.6945818811130484E-01  7.5087989715594258E-02 -2.2218984700919819E+01  1.0663648436128815E+01  4.7621969885229349E+00
 -1.0734344183169373E+00  3.5185122480774039E-01  1.2764634559976007E-01 -2.0175726224065807E-01 -1.8152705112158188E-01 -1.5225639577866301E+00
  5.8515110288533470E-02 -1.7530110515770503E-01 -7.4756472987925010E-02  9.9288677205138121E-02 -2.1346014926918314E-01  1.1291575952035895E+00
 -2.5469212992357257E+00 -2.8109891026798230E+00  1.0172492485320432E+00 -4.1566860937590677E-01  3.2282273606569403E+00  5.2511768850597953E+00
 -2.2963126972644696E+00  4.8389725437745912E-01 -1.0976115524880958E-01 -6.0324140007573934E-01  1.4535686600382930E-01 -5.4981210530728897E-01
 -7.5029257552250794E-01 -2.9464178465283344E+00  6.0801470495206111E-01 -4.5514908141371718E-01 -8.2139715100106070E-01  6.0009249658001163E-01
 -1.7119935619746993E+00  7.1068586911842901E+00 -1.0062275804873833E+00  3.0346611450808986E-01  2.3034309435118931E+00 -4.5880130151993109E-01
  2.1116286301421106E+00  6.2893737423808982E-01  8.1027215321367518E-01 -7.7650404492922775E-01 -8.4368687000939624E-01  7.1748412878367251E-01
  1.4669753887025250E-01  1.8341918401865087E+00  4.8093703760862274E+00 -3.8864084276807658E+00 -4.1744876712899026E-01 -1.0602351548034004E+00
  8.8619141399414281E-01 -9.3095287639567614E-01 -2.7722925249172425E-01  3.7058497130884160E-02 -1.6362777475244641E-02  1.5616741813030979E+00
 -1.1539294461183998E+00  1.3110471915855719E+00  9.1564400241614052E-01 -8.1201251990755105E-02  1.6627142398726515E-02  1.0309361570988874E-02
  9.8024692825796816E-02 -4.8167517930503820E-02 -9.6082248833186390E-03  4.1743506224909271E-02  2.4831985894087794E-02  2.1518035559977451E-02
  8.2283108705615435E-02 -9.2264536686958193E-02 -1.6188304818398902E-01 -1.9988108384288106E-01  2.5290654817414476E-01  1.0745031629387244E-01
  1.1395241980460069E-02 -4.7738590091636064E-02  1.6326015952138586E+00 -4.2912885721812322E-01 -1.6267582170882769E-02  4.5340604626092093E-04
 -4.3895177812728434E+00  1.2277183506122230E-02 -1.4248416392791347E-01  3.2849625613921837E-02  2.1437406823737980E-02 -1.1456918761393041E-02
  2.8817101634208610E-02 -1.4073768408550563E-01 -3.1340694098321631E-02  1.2988006725253354E+00  6.3058360386145296E-01 -3.5546751351126032E-01
 -4.1474545460049828E-01 -1.7024147204971420E+00 -2.0174223800954183E-01  4.3626165580094417E-01  6.6338723690816448E-01  1.2247420496991819E-01
 -1.9796221452380416E+00 -3.1465001088902843E-02  1.3391597660744401E+00 -2.0086712920538027E-01 -5.9765053979387683E-01  2.9966720651380541E-01
  1.9209186607606238E-01  4.3514312023128957E-02 -2.6742870164410038E-01  1.7726557072492992E+00 -1.5226730898559782E+00  3.6771255733792596E-01
 -1.0465778788139468E+00 -1.4895087603473703E-01 -7.6589717403455704E-01 -2.4920210558561049E+00  2.0742804645052924E+00 -3.7262280702655670E-01
  2.0981658696534451E+00  1.5858161121099035E-01  2.1283959351644199E+00 -1.0525086714254012E-01  9.4150838648556001E-02 -1.2535642897165197E-01
  1.1702670913018957E-01 -4.6115454794756781E-02 -4.7586574288401323E-02  9.3456761521460285E-01 -4.8947733358690970E-01 -4.3174663492470250E-01
 -3.1679764343600236E-01  4.9827373365187644E-01  2.9370171336581763E-01 -1.2310548750549399E-01  2.9644208146520262E-01  2.7343844521657761E-02
 -2.8140213379553418E+00 -2.2196008709242679E-01  2.1952044373382294E-02 -8.3871319322361124E-02  3.5349770403680352E+00  3.4447888358811513E-01
 -5.0407193884314985E-02  2.0413184834017843E+00  6.0026119976981318E-01 -6.6342435747117873E-02  3.0568759216402341E-01 -6.5197413752963798E-02
 -1.0623848462953247E+00 -3.6046206418585514E-01 -8.6447187052793562E-01  1.5333031876895586E-01 -4.5818591191078006E-01  2.9006045586785856E-01
 -5.0225319589445583E-01 -2.5693393751927313E-01  4.8392157355160864E-01  1.2837894012080872E-01 -1.9990786066621453E+00  1.5240356626986998E-01
 -1.9711124485792594E-02  3.0421538365659778E-01 -6.1813388824801452E-01 -2.1172426599681476E-01  7.3244246776785564E+00 -1.2978871100234143E-01
  1.9897211475902100E-02 -1.1171040848135756E-02  1.3176017309884347E-01 -9.4294580382440988E-03 -5.1675860778482074E-02  9.6368575800323333E-03
 -9.4019935892101017E-03 -3.5820437796790400E-01  2.9568636191636971E-01  1.9383470555487370E-01 -5.0472077303517198E-03 -1.0614639061582279E-01
  1.6952784801227155E-01  7.1456197160384505E-01 -1.2028338444740638E-02 -1.4127198443788635E-02 -9.7256754415021421E-02 -7.5402244710247091E-02
  6.5470139403619149E-02 -2.6609102522883794E-02  3.3905238684062189E-01 -3.2373246339015921E-01 -3.3502051119858756E-01  6.9796868391663136E-01
  1.9916219135661173E-01 -1.7430162656834144E-01 -3.8951128429838133E-01  8.4821269325316562E-01  4.6380761417320227E-01 -1.1485394892848166E+00
 -2.4244275804545065E-01  1.9173259539197979E-01  1.0769037419241374E+00 -5.3643274977474432E-02 -8.8733488291564189E-02  3.7454401998340735E-02
  3.5257943608539344E-02 -8.7097940688331040E-03 -3.7273457488159406E-01  9.3781412796484137E-02 -4.2169635829282194E-03 -1.2979356882815943E-01
  1.4481969554547150E-01  4.1626324305343214E+00  5.3936801282885867E-02 -5.0986304892990497E-02  7.4311674041015574E-02 -1.5336236992017929E-02
  8.7314295227607260E-03 -1.6819532905079329E-02 -3.2137835898747413E-01 -1.8609322994874271E-02 -9.6512087475479486E-03  4.3623799537562963E-01
  1.3197902623201956E+00 -4.4381392405170006E-01  4.7652750077835378E-02 -7.5700475986403415E-01 -3.5326647704241010E+00  6.6678975151922004E-01
 -6.3384036516265247E-03 -2.8305409251042246E-01 -2.3416074552299587E-03 -7.3239803802464060E-02  2.4790601104536775E-01 -3.6843299550163500E-01
  3.4952533221483117E-01  8.5389550616040366E-02 -1.1383832496136793E-01  2.5325050237465481E-03 -1.2110073269518354E-01  2.1764158809270609E-01
  7.6703029081094609E-02  1.3502417919714706E-04 -3.8314065804347798E-02
ORDER     2 BLOCK     9
 -1.0528232123625445E+00  7.8165977336676677E+00 -2.1748604598278348E-01  2.5091426414886189E+00  2.9044758288202379E+00  4.3995769712486454E-01
  2.5850339265864166E+00 -2.9513713696760946E+00  1.0084220594785751E+00 -2.3136186220997366E+00 -9.8638276200944137E+00 -8.5530712384144991E-01
  3.5907667483594197E+00 -5.1581741619323473E+00 -6.6943894052761594E+00 -6.5525442314937257E+00  8.8661583973883786E+00  1.4284590041158305E+00
 -1.4560644755146925E+00 -5.0519010240746587E-01  4.7188424923631261E-02 -2.4103893688082878E-01  3.9909650433057240E+00 -2.3266014139158013E+00
  2.1668294811794717E+00  3.5948245566618670E-01 -5.8777913912736297E+00  6.1855681330656642E+00  1.1939409657683100E+01 -6.0817932370816017E+00
 -1.7080187728775325E+00  2.6868788368514585E-01  2.0494001215624125E+00 -4.3809899932716267E-01  3.3876800424433480E+00  1.6541532582003369E+00
 -3.5346265616126069E+00  5.4060414324467720E-01  1.4453996004053263E-01 -9.7858534960536692E-01 -4.6143673414268234E+00 -2.2540700909714362E+00
  5.1891464255300548E+00 -2.2443954332705292E-02 -3.8633002701644076E-01  7.8719478341104776E-01  1.5542709169721960E-01 -3.3337732339637388E-01
  7.2107797454569533E-01  9.1666343261599365E-02 -2.1612994368442888E+00  1.6427533023814853E-01 -1.9451621311927852E-01 -4.8005018479645195E-01
 -7.1915302591182162E-01  1.2936312534133329E-01  3.6515634910480737E+00 -2.1669278440377640E-01  2.2019666863844009E-01  1.0430474643875716E+00
 -5.1610498975164266E-02 -2.9610269414266671E-01 -1.9087702961816214E-01  3.9867885844612268E-02  5.6488419262013478E-01 -3.7940844720648728E+00
  2.2202919655526912E-01  4.5267349549294553E-02 -8.2100311305542484E-01  5.0858604627759414E+00 -2.7018186182307929E-01 -1.2822936504355614E-01
 -3.9360388215148251E-01 -2.6124571526820373E-01  9.9692396735147598E-02  7.4107622262174577E-01  6.7734869418538748E-03  1.1254132657900781E-01
  4.0863975956727855E-01  3.1736353438123199E+00  8.0555366093927872E-01 -3.9321411430832716E+00 -1.3007712201498152E+00  3.1285550387064737E-01
  8.4067773374900262E-02 -3.8061435773268260E-01 -1.2510365497322786E+00 -2.8177799602857183E+00  9.4404227524160023E-01  5.1856293832710006E-03
 -1.3301941340437229E+00 -8.6594643390120685E-01  1.3408440437978089E+00  3.9351512835945344E+00 -9.0260487502268727E-01 -7.0169575484251900E-01
  1.1075040575024699E+00 -3.6278506952180095E-01 -2.8710462659387914E-01  1.4879638594529490E-01 -1.0015681434909132E+00  3.6107272884176039E-01
  1.4076464950908985E-01  9.2531039105041721E-02  7.9285758510564422E-02 -1.4349054307495503E+00  5.0582802468655821E+00 -1.5299901660074433E+00
 -6.8565614889777589E+00  1.4785601546476965E+00 -1.1152050212753535E+00 -1.4020177485731647E-01 -1.4107952093476051E+00 -4.0917149264411679E-01
 -2.3358752558380704E+00 -2.3691493474980101E+00  2.7431186285376743E+00 -1.1520020944753513E+00 -4.6063474279388883E-01  5.4769458321467190E-01
  3.5093136580134581E+00  3.3670470821575211E+00 -3.0739367972463616E+00  1.0487845929607440E+00  1.9850582074692283E-01 -1.3203656027010677E+00
 -5.7616141799091147E-01  5.5156603766978807E-01 -4.1431526720490525E-01  5.0439588464910967E-01 -1.3200868648966552E-01 -1.8051865762912716E-02
  1.6335569512302577E+00 -8.4232085760601338E-01  9.4616008190579054E-02  1.0508010291234320E+00  9.8004390097106608E-01  7.7578948157144989E-01
 -3.6311507658790565E-01  6.4387159205613831E-01  2.7343139625135991E-02 -1.3018161086290164E-01 -1.2925410075867383E+00 -1.0243959104057085E+00
  4.0892390662558131E-01 -2.2163599294491965E+00 -2.1101139766824543E-02  1.6842785786995929E-01  6.4399803462445518E-02 -3.4164047865684222E-02
 -2.2741082305199275E-02 -2.1208732491924898E-02 -2.5692440877454741E-02 -2.6832336110966533E-02  8.4229391476719154E-03 -2.0369319081430075E-02
  7.3011215118742465E-02 -1.5138748137736210E-01  2.5247767243009439E-01  2.8724075271175736E-01 -1.8386705303964962E-01 -3.2657055545321410E-02
  6.1924292568735127E-02  1.5180406291278247E-02 -9.0681735809374345E-02 -3.2256888548900117E-02 -4.6567332092225758E-02  1.4043905249912314E-01
 -2.1029306822563323E-01  7.9710343364102383E-03 -1.5484097859689344E-01  2.0554521651324886E-01  2.0443888083926740E-01 -3.4006018338118160E-01
  8.9067391053208145E-01 -1.3252493343678651E-01 -2.2091812401287898E-02 -7.6718085056952212E-02 -1.0287520380219994E-01  3.0775944737680555E-03
  2.2354597359554882E+00 -1.2651688802410539E+00  1.6485069538086476E+00 -1.3651950864106763E-01  7.2036116834804498E-01  3.7967223743909875E+00
 -9.0798691695735734E-02  1.7891807612700950E+00 -2.2867221010116050E+00  2.4252859519669670E-01 -1.7226796528493733E+00 -6.1878244166294465E+00
  2.4383663027406907E-01 -2.1351663116941690E+00  6.7792224154908209E-02  1.9585514326429776E-01 -7.9599383673408464E-02  8.1726244030779341E-02
  7.5266635210778388E-01 -1.4052931850441568E+00 -1.1028826859710804E-01  3.4064478115635294E-01 -2.6591378914350838E-01 -2.8910863237975504E-01
 -2.8263039199298001E-01 -6.7707292348726505E-03  5.8458406097013027E-01  8.9099406521499329E-03 -1.6088821521529501E-01 -2.2260111830697396E-01
 -3.4140666875626191E-01  3.2089979251504769E-01  5.1903165038410373E-02 -5.8062571297742220E-02 -1.4172165134766504E-01  3.5702142249543134E-01
 -4.5758091111650839E-01  1.9094044863341347E-02  3.5589067245172973E-01  8.0145982644620406E-01 -1.8194803520103514E-01  2.6991566340790157E-01
  1.9436013372201258E-01  8.3358654887272354E-03 -6.8919513908810320E-02 -1.1407408433931197E+00  2.3761531233020072E-01 -2.6588878956468354E-01
 -2.3176543235267042E+00 -6.3555153879684221E-03  5.7795842054535383E-02 -1.1431258165970942E-02  4.2786558776533756E-02 -4.6453152957245877E-02
 -8.7956381740682769E-03  1.4552666849635595E-02  7.0011932026839583E-03 -4.1208217910311873E-02  1.6721737706604279E-02  1.9639499738100141E-01
  1.4305313088073290E-01  1.6064233531967875E-01 -7.8581125277664671E-02 -1.6907150769903379E+00  1.5200613699145037E-02 -2.5197481944819779E-02
  3.0191655801933278E-02  2.6965354834599875E-01 -1.8357238139300895E-02 -3.7382947401141509E-02 -2.3812877582730721E-01  1.8865402495915937E+00
  1.1131349083090627E+00 -1.7016523614276441E-01  7.6352357934805923E-02  1.4006488116683521E-01  2.7002352053328793E-01 -5.9542755111252781E+00
 -1.6220453044537260E+00  2.3938109706333668E-01 -8.2740240119130407E-02 -3.1700039650211420E-01  3.7178943420423755E-01  1.1228895479569078E-02
 -8.8485026329931082E-01  2.0561742949788755E-02  6.7896059656647842E-02 -2.2006890481743705E-02  3.2035440397130222E-01 -2.0876616264883596E-01
 -1.2499417197602893E-01  1.2610582744742294E-01 -1.3810179934984482E-01  2.5540714473583161E+00 -2.8508600152279883E-03 -5.9924408697760292E-02
 -1.0857825763044150E-02  1.5502701656649480E-02  6.5487050071618823E-04  1.3455563907916906E-01  1.4592728090896123E-02 -8.5131936591832484E-03
 -7.8189338372447556E-02  9.7144137048371759E-01  2.5307687590903616E-01 -1.2402200169360607E+00 -3.0052297876153383E-01 -2.5953683378928376E-02
  2.2229128476849814E-02  7.9846145205046890E-03  4.4314597652971249E-01  3.2221784290907379E-01 -2.0101610284143666E-02  2.3571764006325218E-03
 -1.4360556139338629E-02  8.3566572178062504E-03
ORDER     2 BLOCK    10
  2.7546510270168290E-01 -1.6758602632670894E+00 -2.6147595579726429E-01 -2.6159944952918557E-01  3.3688786036432417E+00  2.2722821950520706E+00
 -2.4655591346782053E+00 -1.4375563028081111E+00 -4.4553303912796904E-01  1.2986541148762742E+00  1.8862153285362326E+00  1.4161099823100951E+00
  1.2823760503831909E+00  1.1765714035507391E-01  1.6131599876486331E+00  3.9278770864170234E+00 -7.7187593812660324E+00 -2.9475923778298339E+00
 -1.6222618572977618E+00  1.9370204157794750E+00  2.3233521127297301E-02  2.3530482617232846E+00 -2.6393880652324255E+00 -8.5546564822568225E+00
 -5.1078100579321504E+00 -4.0408637881539988E+00  2.8479891582076484E+00 -2.7621769167505483E-01  2.8651718077655797E-01 -1.8977493374910561E+00
  1.1434756268510043E+01  5.3779361803814965E+00 -7.0600358128269547E-01 -3.4091289391561332E+00 -2.1486110140832153E+00 -1.8672299427717280E+00
  3.5164947472911146E-01  5.3273354174372507E+00  2.9889994365498791E+00  2.5025340068703863E+00 -1.8807910346299728E+00  1.0211313133349743E-01
 -6.3581550473162241E-01 -1.8782645059126382E+00  2.6969862622789709E+00 -7.6853012616919281E-01  9.6002460123745081E-01  3.5343795251802148E+00
  1.7226128808183847E-01 -1.7416111770104843E+00 -4.6591447857225810E-01  1.7534794940754423E+00 -3.0311206449873174E-01  3.1486552397053824E-01
  1.7547422370396405E-02  2.6873161907767509E+00  1.2228093663916346E+00 -2.2230275579588725E+00 -1.6152079090923113E+00 -6.9199822386144927E-01
  1.7275315024405422E-01  6.6733679609819376E-03  8.4627303964198131E-01  8.6080898517912574E-01  1.1601307166259505E+00  9.5421569699582198E-01
 -9.3669660950749389E-01 -1.8629881297598114E-01 -1.8454855337034301E-01 -1.6346127729404930E-01 -8.2085973625722272E-02 -1.1043017437302025E+00
  1.0388873954730657E+00 -1.5768135649081558E-02  3.6719452062674773E-01  1.4066941326873050E-01  1.0981473160448667E-01  1.3295316063612114E-01
 -1.1942202510917677E-01  2.5245396706350348E-01  1.5803798003347780E-01  1.7537750433419225E-02  5.2904189419621028E-01 -1.9340427057391918E-02
 -8.0999551915275336E-01  4.0870488141537882E-02  9.9376746910912028E-02 -2.5435773833017744E-01  8.0368588242342668E-03  2.4867889204483913E-02
  3.8295781615708388E-04  1.2828784072516977E+00  1.7609829884351808E-02  5.6442719449696843E-01  2.1636973007393889E+00  3.1668489536348116E-03
  1.8053329457474125E+00  6.9435990081411338E+00  4.7351424180481310E+00 -5.0608149909274391E-01  2.1766224265817948E+00 -9.2294992560155853E-01
 -3.1411937669797996E-02 -1.2736994220523207E-01 -4.3059866002749549E+00  1.2957406680120311E+00  7.6224904657189330E-01  9.9454876495375266E-01
 -1.6778471548628842E+00  2.6583010543520824E-01  6.9257697532304918E-01 -7.3857911228866122E+00  1.1202959425035011E+00  3.3829800519678304E+00
  5.4342577413346449E-01 -4.8458683133646802E-01  4.3053676992706624E-02  1.0452321107384869E+01 -5.9775811702623860E-01 -4.4033358698922829E+00
 -4.7688539159322368E-01  7.9015819694219891E-01  1.8387033241610307E-01  2.1578006553077028E-01 -8.4400740610195546E-01  1.7989247957187687E-01
  7.2585886480768719E-02  3.0127767871274708E-01  2.3791675868276352E-01  5.5827708789561703E-01  8.8804390754537210E-01 -1.4426782662388671E+00
  2.2635186429148648E+00 -1.4861104597321209E+00 -1.4856590481619312E+00  5.5938458705555061E-01 -3.0194953825709505E+00  3.9678690469575204E+00
  2.3193123318780344E+00 -6.7838682815806650E-01 -2.3818963069823815E-01  6.0240317734745863E-01 -2.3943380285838789E-01 -1.2661790364410952E+00
  1.7148395307853224E+00  6.3215968970973213E-01 -1.0383408508419008E+00  3.3456590066754083E-01 -3.2451656869618772E-01  8.1093205040631344E-01
 -3.0084736471810841E-02 -8.8785371796729073E-01  1.3936190898499778E+00 -3.7359187720242654E-01 -3.7641067770935577E-01 -1.1906889684704511E+00
  1.0974051327620758E-01 -2.2604762816928713E-02 -1.9065303837192812E-01 -3.9579077706495502E-01  2.9320976452101344E-01 -1.8833884183936267E-01
 -1.2779009435845648E-01 -1.0298053498504081E+00 -1.0238766343496390E+00  7.2311331393930267E-01  2.4685627006819841E-01 -6.5678498294452770E-02
 -1.3606532830382570E-01  2.7238412979625853E-01 -4.3158519103563248E-01  5.5272522497274712E-03  9.3211248100869504E-02  3.7743178804495792E-02
  1.7320124338296591E-01 -4.8381696436054944E-01  9.1296697492351842E-01  2.5266183427324368E-02 -8.0972976526006574E-02 -3.9277671211220937E-02
 -8.8656661099343857E-03  3.6763424761378213E-02  3.8994627987398729E-02 -3.7441992360995320E-03  2.0064071987547779E-02  2.2598049988866584E-02
 -1.4246942124249026E-01 -2.0371121003063614E-01 -1.4818379148330238E-02 -3.4658033177441705E-02 -4.7957484118589508E-02  9.6563273456400825E-02
  1.3812831150400440E-01  6.4336288497629360E-02 -1.5721350391091218E+00 -6.3061266649262412E-02 -1.8452892966171122E-01 -3.8397706871675423E-02
  4.4531510876382292E+00  3.1709805580348749E-02  6.6259194678118902E-02 -3.1971236531706804E-02  4.9420190795444345E-02  1.0549146861703457E-01
  3.3937977942566686E-02  9.0679928569877652E-02  1.1580177901530066E-02  6.4504405684552479E-01 -4.1923575904881250E-01  6.0037231057076000E-02
 -5.3288003801045247E-01 -1.0187921085939293E+00 -7.0680409808685929E-01  8.0382404020239592E-02  1.0265483962331872E+00 -1.7550246510809142E-01
  2.3066861282509574E+00  9.5318427058909819E-02  6.2566529513109592E-01 -7.8412580546803490E-01  1.0159884966037150E-01  1.0516591061931206E-01
 -1.7987509172058486E-01  8.2064633444968861E-04 -2.2308968859008843E-01 -1.3341481761439424E+00  1.4016325183654623E+00 -1.2949690307481021E-01
  2.4097011098394583E-01  9.8096545467617008E-02  9.6468845732451758E-01  1.8629067826784644E+00 -1.8950923234092543E+00 -2.3861673473284793E-02
 -9.2045962039773610E-02 -1.0078365335050506E-01 -3.2645467024236976E+00 -3.4412799832428448E-01 -1.7624874965452356E-01  1.3421819573162355E-01
 -1.1808079251109521E-01  6.0696269917456117E-03 -1.1590070402859753E+00 -1.1728538872716635E-01  2.1674490738520453E+00  4.4247017501938934E-01
  3.5853135929617905E-02 -4.3182664734339049E-01 -1.8142949988757545E-01  8.8529190322670995E-02 -3.3006078504700065E-01 -6.9386427910207420E-03
 -2.2017648645658516E-01 -7.2239577280935732E-02  1.4152021633280830E-02  1.1268392035233010E+00  1.3603203192885308E-01  1.6234829950329813E-01
 -7.4390290299629763E-02  2.0198664721430504E-01 -4.1274262388679078E-01 -3.7172887705809932E-01 -1.0882530137770539E-01  2.0707969044101696E-01
  9.8754607828292873E-01  1.1470894612695906E-01 -4.4707601686323352E-02 -2.3371057889610157E-02  8.7637162103715216E-01 -2.4707872791068061E-01
  4.4791416228611641E-01  4.6067663294113775E-01 -2.2913902618990975E-01  1.0586256573196855E-01  7.1645023031678889E-01 -1.0338723136850150E-02
  2.6062223798410965E-02 -6.5610158951177866E-01  1.5115149180691831E-01 -2.3284628001029850E-01 -2.6180211208363566E+00 -2.8838883014480269E-03
 -2.5487239599674211E-02 -8.4836073380535726E-02 -4.1713722893846353E-02 -2.6201163128286072E-02  8.8328249642501844E-03  4.1222672033125385E-03
  2.6956333796317369E-03  2.0899412797957321E-02 -1.3098865686608310E-01 -1.5370276851858861E-01 -6.1526701063415318E-02  7.2057696186396972E-02
 -1.8564127355591875E-01 -9.1673440594858635E-01  1.3643058837477231E-02  9.7791674706693300E-03  7.2250108230327006E-03 -1.8199532504144113E-02
  2.4504128851684581E-02 -1.1930066582025686E-02 -2.4576968589821935E-01 -5.9367898638733685E+00  8.5764214756433677E-01  1.6550070246214713E-03
 -9.9785069884419889E-02 -5.4592624848298542E-02  2.5055302407932228E-01  1.6256613401314368E+01 -1.1918773603108412E+00 -2.4118511799339732E-02
  1.6286344867797989E-01  9.0826956568014455E-02 -2.2193556833878855E-01 -1.5528700685905222E-01 -1.5152404155396745E-01 -4.5389529014177393E-02
  5.8639101910612237E-02 -1.0828717705838442E-01 -5.8686879450915230E-01  8.9380143518886390E-01 -3.7136031320256624E-01  3.0002679053114112E-01
 -1.3651121363778487E-01 -5.9080632629920649E-01 -1.8275242045448566E-02 -2.6531369833082210E-02 -7.0267258458442949E-02 -1.0577104172141583E-02
  3.2272132019232009E-03  5.6121352643167227E-02  4.6767197723797775E-02  4.9337500070613226E-03  5.8167054948926608E-03 -1.3291072556583688E-01
 -2.8485176196553859E+00 -1.1958891622799769E-02  1.3380938443440829E-01  3.4856689041042554E-01  7.6442515406266693E+00 -1.2061311202525526E-01
 -1.6801096184420841E-01  1.6125974001016610E-01 -1.2403881840603928E-01  8.8045326630852211E-02  7.8227202744453139E-01 -1.9861836793527157E-01
  1.0730331243135769E+00  1.7778507393127158E-02  3.0662089290004548E-02 -3.6132463016140029E-03  1.0634914471351152E-01 -1.5044043931138965E-01
  7.6615275935852406E-02 -1.0308449535752537E-02  1.5353024955556250E-02
