    -0.067954    -0.098966    -0.171391     0.037702     0.208519     0.164442     0.037698     0.038170
     0.262804    -0.007445    -0.147723    -0.255855
    -0.098966    -0.615989     0.611039     0.208046    -0.085526    -0.320084    -0.212667     0.230899
     0.231598     0.103587     0.470616    -0.522552
    -0.171391     0.611039     0.089479    -0.125460     0.048940     0.179818     0.117455    -0.137423
    -0.136602     0.179396    -0.522555    -0.132695
     0.037702     0.208046    -0.125460    -0.066743    -0.051597     0.033661     0.053478    -0.080470
    -0.135143    -0.024436    -0.075979     0.226942
     0.208519    -0.085526     0.048940    -0.051597     0.163229    -0.018903    -0.076810    -0.032784
    -0.234238    -0.080111    -0.044919     0.204201
     0.164442    -0.320084     0.179818     0.033661    -0.018903    -0.075998    -0.137253     0.152989
    -0.079689    -0.060849     0.185998    -0.024132
     0.037698    -0.212667     0.117455     0.053478    -0.076810    -0.137253    -0.066742     0.054949
    -0.027859    -0.024434     0.234528     0.047657
     0.038170     0.230899    -0.137423    -0.080470    -0.032784     0.152989     0.054949     0.000165
    -0.113034    -0.012649    -0.198279     0.097468
     0.262804     0.231598    -0.136602    -0.135143    -0.234238    -0.079689    -0.027859    -0.113034
     0.087065    -0.099802     0.115674     0.129226
    -0.007445     0.103587     0.179396    -0.024436    -0.080111    -0.060849    -0.024434    -0.012649
    -0.099802     0.056315    -0.010826    -0.018745
    -0.147723     0.470616    -0.522555    -0.075979    -0.044919     0.185998     0.234528    -0.198279
     0.115674    -0.010826    -0.227418     0.220884
    -0.255855    -0.522552    -0.132695     0.226942     0.204201    -0.024132     0.047657     0.097468
     0.129226    -0.018745     0.220884     0.027601
